Date,close,high,low,open,volume
2014-01-02,0.25999999046325684,0.30000001192092896,0.25,0.30000001192092896,69950
2014-01-03,0.25999999046325684,0.25999999046325684,0.25999999046325684,0.25999999046325684,0
2014-01-06,0.25099998712539673,0.26510000228881836,0.25099998712539673,0.26510000228881836,65306
2014-01-07,0.30000001192092896,0.3199999928474426,0.25110000371932983,0.25110000371932983,12875
2014-01-08,0.25999999046325684,0.30000001192092896,0.25999999046325684,0.30000001192092896,25500
2014-01-09,0.25,0.25999999046325684,0.25,0.25999999046325684,88600
2014-01-10,0.25999999046325684,0.25999999046325684,0.25999999046325684,0.25999999046325684,4900
2014-01-13,0.25,0.25,0.25,0.25,5150
2014-01-14,0.25,0.2800000011920929,0.24500000476837158,0.2800000011920929,65632
2014-01-15,0.2549999952316284,0.2549999952316284,0.25,0.25,1340
2014-01-16,0.29499998688697815,0.29499998688697815,0.25,0.2549999952316284,58860
2014-01-17,0.2800000011920929,0.2800000011920929,0.2800000011920929,0.2800000011920929,500
2014-01-21,0.28999999165534973,0.28999999165534973,0.2800000011920929,0.2800000011920929,52000
2014-01-22,0.2500999867916107,0.2800000011920929,0.2500999867916107,0.2800000011920929,20095
2014-01-23,0.25999999046325684,0.25999999046325684,0.2502000033855438,0.2549999952316284,29656
2014-01-24,0.25999999046325684,0.25999999046325684,0.25999999046325684,0.25999999046325684,0
2014-01-27,0.25029999017715454,0.25999999046325684,0.25029999017715454,0.25999999046325684,8500
2014-01-28,0.23510000109672546,0.25029999017715454,0.23510000109672546,0.25029999017715454,48500
2014-01-29,0.23510000109672546,0.23510000109672546,0.23510000109672546,0.23510000109672546,30000
2014-01-30,0.23499999940395355,0.23499999940395355,0.23499999940395355,0.23499999940395355,2500
2014-01-31,0.25,0.25,0.25,0.25,1280
2014-02-03,0.23000000417232513,0.25999999046325684,0.23000000417232513,0.25999999046325684,26029
2014-02-04,0.2599000036716461,0.2599000036716461,0.22010000050067902,0.22010000050067902,16000
2014-02-05,0.2599000036716461,0.2599000036716461,0.2599000036716461,0.2599000036716461,0
2014-02-06,0.2199999988079071,0.23000000417232513,0.2198999971151352,0.23000000417232513,43336
2014-02-07,0.22010000050067902,0.23999999463558197,0.22010000050067902,0.23999999463558197,12500
2014-02-10,0.2199999988079071,0.2199999988079071,0.2199999988079071,0.2199999988079071,9675
2014-02-11,0.2199999988079071,0.2199999988079071,0.2199999988079071,0.2199999988079071,6050
2014-02-12,0.210099995136261,0.2199999988079071,0.210099995136261,0.2199999988079071,3825
2014-02-13,0.2199999988079071,0.23999999463558197,0.2199999988079071,0.23999999463558197,57000
2014-02-14,0.2199999988079071,0.23999999463558197,0.1850000023841858,0.2199999988079071,104151
2014-02-18,0.2199999988079071,0.2199999988079071,0.1899999976158142,0.1899999976158142,20750
2014-02-19,0.1899999976158142,0.24500000476837158,0.1899999976158142,0.2199999988079071,62900
2014-02-20,0.20999999344348907,0.2498999983072281,0.20999999344348907,0.2498999983072281,650
2014-02-21,0.2199999988079071,0.23989999294281006,0.2150000035762787,0.2150000035762787,10108
2014-02-24,0.2199999988079071,0.2199999988079071,0.2199999988079071,0.2199999988079071,1132
2014-02-25,0.2198999971151352,0.2199999988079071,0.20999999344348907,0.2199999988079071,31500
2014-02-26,0.23000000417232513,0.25999999046325684,0.2199999988079071,0.2199999988079071,150800
2014-02-27,0.2574999928474426,0.28999999165534973,0.23989999294281006,0.23999999463558197,94212
2014-02-28,0.27000001072883606,0.27000001072883606,0.26989999413490295,0.26989999413490295,18300
2014-03-03,0.25999999046325684,0.2800000011920929,0.25999999046325684,0.2800000011920929,10625
2014-03-04,0.25999999046325684,0.2800000011920929,0.25999999046325684,0.2800000011920929,38001
2014-03-05,0.26499998569488525,0.26499998569488525,0.25999999046325684,0.25999999046325684,15000
2014-03-06,0.25999999046325684,0.2750000059604645,0.25999999046325684,0.25999999046325684,19961
2014-03-07,0.25999999046325684,0.25999999046325684,0.25999999046325684,0.25999999046325684,1500
2014-03-10,0.2750000059604645,0.2800000011920929,0.27000001072883606,0.2800000011920929,12000
2014-03-11,0.2799000144004822,0.2799000144004822,0.25999999046325684,0.26499998569488525,25000
2014-03-12,0.2498999983072281,0.26499998569488525,0.2498999983072281,0.26499998569488525,30279
2014-03-13,0.2551000118255615,0.2800000011920929,0.2451000064611435,0.2451000064611435,14750
2014-03-14,0.2549999952316284,0.2800000011920929,0.25380000472068787,0.2551000118255615,51900
2014-03-17,0.26989999413490295,0.26989999413490295,0.26989999413490295,0.26989999413490295,28700
2014-03-18,0.2549999952316284,0.27000001072883606,0.2549999952316284,0.27000001072883606,6000
2014-03-19,0.25,0.2551000118255615,0.25,0.2551000118255615,39000
2014-03-20,0.24500000476837158,0.2498999983072281,0.24500000476837158,0.2498999983072281,4050
2014-03-21,0.24500000476837158,0.24500000476837158,0.24500000476837158,0.24500000476837158,11200
2014-03-24,0.24500000476837158,0.24500000476837158,0.24500000476837158,0.24500000476837158,0
2014-03-25,0.23999999463558197,0.23999999463558197,0.23999999463558197,0.23999999463558197,10000
2014-03-26,0.25,0.25,0.23999999463558197,0.23999999463558197,26900
2014-03-27,0.23999999463558197,0.25,0.23999999463558197,0.25,55000
2014-03-28,0.23989999294281006,0.23989999294281006,0.23000000417232513,0.23989999294281006,27400
2014-03-31,0.23999999463558197,0.23999999463558197,0.23989999294281006,0.23989999294281006,5200
2014-04-01,0.23999999463558197,0.23999999463558197,0.23999999463558197,0.23999999463558197,0
2014-04-02,0.23999999463558197,0.23999999463558197,0.23999999463558197,0.23999999463558197,600
2014-04-03,0.28999999165534973,0.28999999165534973,0.24009999632835388,0.2800000011920929,59644
2014-04-04,0.2849999964237213,0.2849999964237213,0.26010000705718994,0.26010000705718994,2750
2014-04-07,0.2849999964237213,0.2849999964237213,0.2849999964237213,0.2849999964237213,0
2014-04-08,0.2800000011920929,0.2849999964237213,0.2800000011920929,0.2800000011920929,33350
2014-04-09,0.2800000011920929,0.2800000011920929,0.2800000011920929,0.2800000011920929,0
2014-04-10,0.2800000011920929,0.2800000011920929,0.2800000011920929,0.2800000011920929,0
2014-04-11,0.2549999952316284,0.2549999952316284,0.2549999952316284,0.2549999952316284,2944
2014-04-14,0.2549999952316284,0.2549999952316284,0.2549999952316284,0.2549999952316284,10000
2014-04-15,0.20499999821186066,0.2549999952316284,0.20499999821186066,0.2549999952316284,55900
2014-04-16,0.25,0.25,0.25,0.25,8000
2014-04-17,0.2750000059604645,0.2800000011920929,0.23999999463558197,0.23999999463558197,44550
2014-04-21,0.257999986410141,0.257999986410141,0.23999999463558197,0.2451000064611435,15500
2014-04-22,0.2574000060558319,0.28999999165534973,0.22010000050067902,0.27000001072883606,19500
2014-04-23,0.2574000060558319,0.2574000060558319,0.2574000060558319,0.2574000060558319,0
2014-04-24,0.24500000476837158,0.24500000476837158,0.24500000476837158,0.24500000476837158,6699
2014-04-25,0.2199999988079071,0.25,0.2199999988079071,0.23000000417232513,54256
2014-04-28,0.19499999284744263,0.2199999988079071,0.19499999284744263,0.2199999988079071,60250
2014-04-29,0.19499999284744263,0.19499999284744263,0.19499999284744263,0.19499999284744263,0
2014-04-30,0.23000000417232513,0.23000000417232513,0.23000000417232513,0.23000000417232513,2055
2014-05-01,0.1850000023841858,0.20000000298023224,0.1850000023841858,0.1899999976158142,52150
2014-05-02,0.16500000655651093,0.16500000655651093,0.16500000655651093,0.16500000655651093,3000
2014-05-05,0.18000000715255737,0.1899999976158142,0.18000000715255737,0.1899999976158142,28585
2014-05-06,0.18000000715255737,0.18000000715255737,0.18000000715255737,0.18000000715255737,0
2014-05-07,0.17000000178813934,0.18000000715255737,0.16009999811649323,0.18000000715255737,110499
2014-05-08,0.16130000352859497,0.17990000545978546,0.16130000352859497,0.17000000178813934,33200
2014-05-09,0.18479999899864197,0.18479999899864197,0.18479999899864197,0.18479999899864197,2500
2014-05-12,0.1712000072002411,0.18000000715255737,0.16130000352859497,0.16130000352859497,20500
2014-05-13,0.16130000352859497,0.16130000352859497,0.16130000352859497,0.16130000352859497,7500
2014-05-14,0.16200000047683716,0.16990000009536743,0.16200000047683716,0.16990000009536743,20300
2014-05-15,0.16200000047683716,0.16200000047683716,0.16200000047683716,0.16200000047683716,13375
2014-05-16,0.16200000047683716,0.16200000047683716,0.16200000047683716,0.16200000047683716,0
2014-05-19,0.16200000047683716,0.16200000047683716,0.16200000047683716,0.16200000047683716,0
2014-05-20,0.16200000047683716,0.16200000047683716,0.16200000047683716,0.16200000047683716,1000
2014-05-21,0.1599999964237213,0.16120000183582306,0.1599999964237213,0.16120000183582306,25000
2014-05-22,0.1550000011920929,0.15520000457763672,0.1550000011920929,0.15520000457763672,10425
2014-05-23,0.15000000596046448,0.15549999475479126,0.15000000596046448,0.1550000011920929,51000
2014-05-27,0.15000000596046448,0.1599999964237213,0.15000000596046448,0.1599999964237213,4800
2014-05-28,0.1599999964237213,0.1599999964237213,0.15000000596046448,0.15000000596046448,11478
2014-05-29,0.164900004863739,0.16500000655651093,0.1599999964237213,0.1599999964237213,17999
2014-05-30,0.1509999930858612,0.15240000188350677,0.1509999930858612,0.1509999930858612,14725
2014-06-02,0.1509999930858612,0.1509999930858612,0.1509999930858612,0.1509999930858612,1824
2014-06-03,0.17000000178813934,0.17000000178813934,0.1599999964237213,0.1599999964237213,35001
2014-06-04,0.17000000178813934,0.17000000178813934,0.17000000178813934,0.17000000178813934,0
2014-06-05,0.17000000178813934,0.17000000178813934,0.17000000178813934,0.17000000178813934,0
2014-06-06,0.17000000178813934,0.17000000178813934,0.17000000178813934,0.17000000178813934,0
2014-06-09,0.17000000178813934,0.17000000178813934,0.17000000178813934,0.17000000178813934,0
2014-06-10,0.16500000655651093,0.16500000655651093,0.16500000655651093,0.16500000655651093,4300
2014-06-11,0.16500000655651093,0.16500000655651093,0.16500000655651093,0.16500000655651093,0
2014-06-12,0.16500000655651093,0.16500000655651093,0.16500000655651093,0.16500000655651093,1300
2014-06-13,0.16500000655651093,0.16500000655651093,0.16500000655651093,0.16500000655651093,0
2014-06-16,0.16500000655651093,0.16500000655651093,0.16500000655651093,0.16500000655651093,1000
2014-06-17,0.16500000655651093,0.16500000655651093,0.16500000655651093,0.16500000655651093,0
2014-06-18,0.16500000655651093,0.16500000655651093,0.16500000655651093,0.16500000655651093,0
2014-06-19,0.16500000655651093,0.16500000655651093,0.16500000655651093,0.16500000655651093,13100
2014-06-20,0.1509999930858612,0.1550000011920929,0.1509999930858612,0.1509999930858612,45150
2014-06-23,0.15209999680519104,0.15209999680519104,0.15199999511241913,0.15199999511241913,1430
2014-06-24,0.15209999680519104,0.15209999680519104,0.15209999680519104,0.15209999680519104,1000
2014-06-25,0.15330000221729279,0.15330000221729279,0.15330000221729279,0.15330000221729279,900
2014-06-26,0.17499999701976776,0.17499999701976776,0.16910000145435333,0.16910000145435333,13200
2014-06-27,0.17800000309944153,0.17800000309944153,0.17800000309944153,0.17800000309944153,2400
2014-06-30,0.17800000309944153,0.17800000309944153,0.17800000309944153,0.17800000309944153,800
2014-07-01,0.17800000309944153,0.17800000309944153,0.17800000309944153,0.17800000309944153,0
2014-07-02,0.17800000309944153,0.17800000309944153,0.17800000309944153,0.17800000309944153,0
2014-07-03,0.17800000309944153,0.17800000309944153,0.17800000309944153,0.17800000309944153,0
2014-07-07,0.1550000011920929,0.17010000348091125,0.15109999477863312,0.16949999332427979,47650
2014-07-08,0.15109999477863312,0.1599999964237213,0.15109999477863312,0.1599999964237213,2600
2014-07-09,0.15199999511241913,0.15199999511241913,0.15199999511241913,0.15199999511241913,300
2014-07-10,0.15199999511241913,0.15199999511241913,0.15199999511241913,0.15199999511241913,0
2014-07-11,0.15199999511241913,0.15199999511241913,0.15199999511241913,0.15199999511241913,0
2014-07-14,0.15199999511241913,0.15199999511241913,0.15199999511241913,0.15199999511241913,0
2014-07-15,0.15199999511241913,0.15199999511241913,0.15199999511241913,0.15199999511241913,0
2014-07-16,0.15199999511241913,0.15199999511241913,0.15199999511241913,0.15199999511241913,9500
2014-07-17,0.14000000059604645,0.15399999916553497,0.11999999731779099,0.15199999511241913,100504
2014-07-18,0.15000000596046448,0.15000000596046448,0.14000000059604645,0.14000000059604645,21500
2014-07-21,0.1589999943971634,0.1589999943971634,0.1589999943971634,0.1589999943971634,130
2014-07-22,0.13099999725818634,0.15000000596046448,0.13099999725818634,0.15000000596046448,70000
2014-07-23,0.15000000596046448,0.15000000596046448,0.15000000596046448,0.15000000596046448,20000
2014-07-24,0.12999999523162842,0.15000000596046448,0.12999999523162842,0.15000000596046448,25000
2014-07-25,0.12999999523162842,0.12999999523162842,0.12999999523162842,0.12999999523162842,0
2014-07-28,0.1599999964237213,0.1599999964237213,0.15000000596046448,0.15000000596046448,17800
2014-07-29,0.1599999964237213,0.1599999964237213,0.1599999964237213,0.1599999964237213,0
2014-07-30,0.1599999964237213,0.1599999964237213,0.1599999964237213,0.1599999964237213,0
2014-07-31,0.1599999964237213,0.1599999964237213,0.1599999964237213,0.1599999964237213,500
2014-08-01,0.1599999964237213,0.1599999964237213,0.1599999964237213,0.1599999964237213,0
2014-08-04,0.14000000059604645,0.14000000059604645,0.1315000057220459,0.1315000057220459,12055
2014-08-05,0.14000000059604645,0.14000000059604645,0.1315000057220459,0.1315000057220459,36370
2014-08-06,0.1445000022649765,0.1445000022649765,0.12999999523162842,0.1315000057220459,43500
2014-08-07,0.1589999943971634,0.1589999943971634,0.13099999725818634,0.13099999725818634,7500
2014-08-08,0.1589999943971634,0.1589999943971634,0.1589999943971634,0.1589999943971634,0
2014-08-11,0.13099999725818634,0.13099999725818634,0.12999999523162842,0.12999999523162842,1800
2014-08-12,0.13099999725818634,0.13099999725818634,0.13099999725818634,0.13099999725818634,5000
2014-08-13,0.14499999582767487,0.1599999964237213,0.14000000059604645,0.14000000059604645,40655
2014-08-14,0.14000000059604645,0.14000000059604645,0.14000000059604645,0.14000000059604645,14820
2014-08-15,0.14000000059604645,0.14000000059604645,0.14000000059604645,0.14000000059604645,0
2014-08-18,0.14000000059604645,0.14000000059604645,0.14000000059604645,0.14000000059604645,10000
2014-08-19,0.1599999964237213,0.1599999964237213,0.13500000536441803,0.13510000705718994,42400
2014-08-20,0.18000000715255737,0.18000000715255737,0.15000000596046448,0.15000000596046448,36830
2014-08-21,0.20000000298023224,0.20000000298023224,0.17000000178813934,0.18000000715255737,49746
2014-08-22,0.17000000178813934,0.20000000298023224,0.17000000178813934,0.20000000298023224,107300
2014-08-25,0.17000000178813934,0.17000000178813934,0.17000000178813934,0.17000000178813934,2040
2014-08-26,0.18000000715255737,0.18000000715255737,0.16529999673366547,0.17100000381469727,26000
2014-08-27,0.17470000684261322,0.18000000715255737,0.1704999953508377,0.18000000715255737,48400
2014-08-28,0.18000000715255737,0.18000000715255737,0.17520000040531158,0.17900000512599945,26500
2014-08-29,0.1712000072002411,0.1712000072002411,0.1712000072002411,0.1712000072002411,1500
2014-09-02,0.19499999284744263,0.19499999284744263,0.1809999942779541,0.1809999942779541,20000
2014-09-03,0.20000000298023224,0.20000000298023224,0.20000000298023224,0.20000000298023224,1500
2014-09-04,0.1851000040769577,0.1899999976158142,0.1851000040769577,0.1899999976158142,15900
2014-09-05,0.1850000023841858,0.19499999284744263,0.1850000023841858,0.1850000023841858,21000
2014-09-08,0.1800999939441681,0.1851000040769577,0.1800999939441681,0.1851000040769577,5135
2014-09-09,0.1800999939441681,0.1800999939441681,0.1800999939441681,0.1800999939441681,0
2014-09-10,0.1599999964237213,0.19990000128746033,0.14000000059604645,0.1800999939441681,369077
2014-09-11,0.16500000655651093,0.16500000655651093,0.16500000655651093,0.16500000655651093,10335
2014-09-12,0.17000000178813934,0.17000000178813934,0.1599999964237213,0.1599999964237213,31845
2014-09-15,0.17000000178813934,0.17000000178813934,0.17000000178813934,0.17000000178813934,0
2014-09-16,0.17000000178813934,0.17000000178813934,0.17000000178813934,0.17000000178813934,4000
2014-09-17,0.1615000069141388,0.16500000655651093,0.1599999964237213,0.16500000655651093,13054
2014-09-18,0.16249999403953552,0.16249999403953552,0.16249999403953552,0.16249999403953552,3200
2014-09-19,0.16869999468326569,0.16869999468326569,0.16249999403953552,0.16249999403953552,7700
2014-09-22,0.16500000655651093,0.16599999368190765,0.16500000655651093,0.16599999368190765,2900
2014-09-23,0.16500000655651093,0.16500000655651093,0.16500000655651093,0.16500000655651093,500
2014-09-24,0.16500000655651093,0.16500000655651093,0.16500000655651093,0.16500000655651093,0
2014-09-25,0.16500000655651093,0.16500000655651093,0.16500000655651093,0.16500000655651093,0
2014-09-26,0.15199999511241913,0.15199999511241913,0.15199999511241913,0.15199999511241913,3000
2014-09-29,0.15199999511241913,0.15199999511241913,0.15199999511241913,0.15199999511241913,584
2014-09-30,0.14499999582767487,0.15199999511241913,0.13099999725818634,0.15199999511241913,61420
2014-10-01,0.14499999582767487,0.14499999582767487,0.14499999582767487,0.14499999582767487,52800
2014-10-02,0.14499999582767487,0.14499999582767487,0.14499999582767487,0.14499999582767487,0
2014-10-03,0.14499999582767487,0.14499999582767487,0.14499999582767487,0.14499999582767487,0
2014-10-06,0.14499999582767487,0.14990000426769257,0.14499999582767487,0.14990000426769257,2000
2014-10-07,0.13600000739097595,0.14499999582767487,0.13600000739097595,0.14499999582767487,21425
2014-10-08,0.17000000178813934,0.17000000178813934,0.16699999570846558,0.16699999570846558,12470
2014-10-09,0.15000000596046448,0.15000000596046448,0.13510000705718994,0.13510000705718994,35000
2014-10-10,0.15000000596046448,0.15000000596046448,0.15000000596046448,0.15000000596046448,0
2014-10-13,0.1509000062942505,0.1509000062942505,0.15000000596046448,0.15000000596046448,46250
2014-10-14,0.1509000062942505,0.1509000062942505,0.1509000062942505,0.1509000062942505,0
2014-10-15,0.1599999964237213,0.1599999964237213,0.15000000596046448,0.15000000596046448,2050
2014-10-16,0.1599999964237213,0.1599999964237213,0.1599999964237213,0.1599999964237213,0
2014-10-17,0.1599999964237213,0.1599999964237213,0.1599999964237213,0.1599999964237213,0
2014-10-20,0.15000000596046448,0.15000000596046448,0.15000000596046448,0.15000000596046448,8700
2014-10-21,0.15000000596046448,0.15000000596046448,0.15000000596046448,0.15000000596046448,11000
2014-10-22,0.15000000596046448,0.1509999930858612,0.15000000596046448,0.15000000596046448,16000
2014-10-23,0.15000000596046448,0.15000000596046448,0.15000000596046448,0.15000000596046448,3000
2014-10-24,0.1599999964237213,0.1599999964237213,0.15000000596046448,0.15000000596046448,24100
2014-10-27,0.15000000596046448,0.1525000035762787,0.14000000059604645,0.14000000059604645,32601
2014-10-28,0.1550000011920929,0.1550000011920929,0.1550000011920929,0.1550000011920929,4999
2014-10-29,0.1599999964237213,0.1599999964237213,0.1550000011920929,0.1550000011920929,25930
2014-10-30,0.1550000011920929,0.15639999508857727,0.1550000011920929,0.15639999508857727,200
2014-10-31,0.17000000178813934,0.17000000178813934,0.1550000011920929,0.1550000011920929,1200
2014-11-03,0.17000000178813934,0.17000000178813934,0.17000000178813934,0.17000000178813934,0
2014-11-04,0.17000000178813934,0.17000000178813934,0.17000000178813934,0.17000000178813934,0
2014-11-05,0.14000000059604645,0.14300000667572021,0.14000000059604645,0.14300000667572021,3400
2014-11-06,0.14499999582767487,0.14499999582767487,0.14499999582767487,0.14499999582767487,8400
2014-11-07,0.14499999582767487,0.14499999582767487,0.14499999582767487,0.14499999582767487,0
2014-11-10,0.14499999582767487,0.14499999582767487,0.14499999582767487,0.14499999582767487,22500
2014-11-11,0.14499999582767487,0.14499999582767487,0.14499999582767487,0.14499999582767487,4000
2014-11-12,0.14499999582767487,0.14499999582767487,0.14499999582767487,0.14499999582767487,10000
2014-11-13,0.14499999582767487,0.14499999582767487,0.14499999582767487,0.14499999582767487,0
2014-11-14,0.14499999582767487,0.14499999582767487,0.14499999582767487,0.14499999582767487,10000
2014-11-17,0.14499999582767487,0.14499999582767487,0.14499999582767487,0.14499999582767487,0
2014-11-18,0.14499999582767487,0.14499999582767487,0.14499999582767487,0.14499999582767487,0
2014-11-19,0.17000000178813934,0.17000000178813934,0.14499999582767487,0.14499999582767487,9841
2014-11-20,0.15600000321865082,0.15600000321865082,0.14509999752044678,0.14509999752044678,28098
2014-11-21,0.15600000321865082,0.15600000321865082,0.15600000321865082,0.15600000321865082,0
2014-11-24,0.14499999582767487,0.14499999582767487,0.14499999582767487,0.14499999582767487,701
2014-11-25,0.14499999582767487,0.14499999582767487,0.14499999582767487,0.14499999582767487,0
2014-11-26,0.14499999582767487,0.14899000525474548,0.14499999582767487,0.14899000525474548,5000
2014-11-28,0.14990000426769257,0.14990000426769257,0.14000000059604645,0.1469999998807907,132401
2014-12-01,0.14000000059604645,0.15000000596046448,0.14000000059604645,0.15000000596046448,23299
2014-12-02,0.1550000011920929,0.1550000011920929,0.14010000228881836,0.14010000228881836,11625
2014-12-03,0.1550000011920929,0.1550000011920929,0.1550000011920929,0.1550000011920929,0
2014-12-04,0.1550000011920929,0.1550000011920929,0.1550000011920929,0.1550000011920929,0
2014-12-05,0.14550000429153442,0.14550000429153442,0.14550000429153442,0.14550000429153442,2000
2014-12-08,0.14000000059604645,0.14279000461101532,0.14000000059604645,0.14100000262260437,54400
2014-12-09,0.14000000059604645,0.14000000059604645,0.14000000059604645,0.14000000059604645,0
2014-12-10,0.13600000739097595,0.13899999856948853,0.13500000536441803,0.13899999856948853,31740
2014-12-11,0.13600000739097595,0.13600000739097595,0.13600000739097595,0.13600000739097595,0
2014-12-12,0.14000000059604645,0.14000000059604645,0.14000000059604645,0.14000000059604645,86300
2014-12-15,0.14000000059604645,0.14000000059604645,0.14000000059604645,0.14000000059604645,0
2014-12-16,0.16500000655651093,0.16500000655651093,0.14000000059604645,0.14000000059604645,33787
2014-12-17,0.16500000655651093,0.16750000417232513,0.16500000655651093,0.16500000655651093,60000
2014-12-18,0.16500000655651093,0.16500000655651093,0.1599999964237213,0.16500000655651093,14700
2014-12-19,0.17000000178813934,0.17000000178813934,0.1599999964237213,0.1599999964237213,55050
2014-12-22,0.17000000178813934,0.17000000178813934,0.14710000157356262,0.14710000157356262,18086
2014-12-23,0.1500999927520752,0.1500999927520752,0.1500999927520752,0.1500999927520752,5979
2014-12-24,0.14110000431537628,0.15404999256134033,0.14000000059604645,0.15404999256134033,23425
2014-12-26,0.14110000431537628,0.14110000431537628,0.14110000431537628,0.14110000431537628,0
2014-12-29,0.14499999582767487,0.14797000586986542,0.14499999582767487,0.14499999582767487,2000
2014-12-30,0.15000000596046448,0.15000000596046448,0.14990000426769257,0.14990000426769257,40418
2014-12-31,0.16800999641418457,0.17000000178813934,0.15000000596046448,0.15199999511241913,28346
2015-01-02,0.1500999927520752,0.15668000280857086,0.1500999927520752,0.15520000457763672,22000
2015-01-05,0.15000000596046448,0.15000000596046448,0.15000000596046448,0.15000000596046448,3182
2015-01-06,0.15000000596046448,0.15000000596046448,0.15000000596046448,0.15000000596046448,0
2015-01-07,0.15000000596046448,0.15197999775409698,0.15000000596046448,0.15197999775409698,6000
2015-01-08,0.1599999964237213,0.1599999964237213,0.1599999964237213,0.1599999964237213,5000
2015-01-09,0.1598999947309494,0.1599999964237213,0.15000000596046448,0.1599999964237213,36072
2015-01-12,0.1598999947309494,0.1598999947309494,0.1598999947309494,0.1598999947309494,0
2015-01-13,0.1598999947309494,0.1598999947309494,0.1598999947309494,0.1598999947309494,0
2015-01-14,0.1598999947309494,0.1598999947309494,0.1598999947309494,0.1598999947309494,0
2015-01-15,0.1598999947309494,0.1598999947309494,0.1598999947309494,0.1598999947309494,0
2015-01-16,0.1598999947309494,0.1598999947309494,0.1598999947309494,0.1598999947309494,0
2015-01-20,0.1598999947309494,0.1598999947309494,0.1598999947309494,0.1598999947309494,0
2015-01-21,0.1598999947309494,0.1598999947309494,0.1598999947309494,0.1598999947309494,0
2015-01-22,0.1599999964237213,0.1599999964237213,0.1599999964237213,0.1599999964237213,5000
2015-01-23,0.16699999570846558,0.16699999570846558,0.16699999570846558,0.16699999570846558,5000
2015-01-26,0.15000000596046448,0.15000000596046448,0.15000000596046448,0.15000000596046448,29542
2015-01-27,0.17000000178813934,0.17000000178813934,0.17000000178813934,0.17000000178813934,2300
2015-01-28,0.15649999678134918,0.15649999678134918,0.15649999678134918,0.15649999678134918,500
2015-01-29,0.14499999582767487,0.14499999582767487,0.14499999582767487,0.14499999582767487,23900
2015-01-30,0.14499999582767487,0.14499999582767487,0.14499999582767487,0.14499999582767487,5000
2015-02-02,0.14499999582767487,0.14499999582767487,0.14499999582767487,0.14499999582767487,10000
2015-02-03,0.14499999582767487,0.14499999582767487,0.14499999582767487,0.14499999582767487,60575
2015-02-04,0.14499999582767487,0.14499999582767487,0.14499999582767487,0.14499999582767487,13885
2015-02-05,0.14499999582767487,0.14499999582767487,0.14499999582767487,0.14499999582767487,0
2015-02-06,0.14499999582767487,0.14499999582767487,0.14499999582767487,0.14499999582767487,0
2015-02-09,0.15399999916553497,0.15399999916553497,0.15399999916553497,0.15399999916553497,1537
2015-02-10,0.15000000596046448,0.15049999952316284,0.1469999998807907,0.15000000596046448,34037
2015-02-11,0.1589999943971634,0.1589999943971634,0.1589999943971634,0.1589999943971634,1000
2015-02-12,0.1589999943971634,0.1589999943971634,0.1589999943971634,0.1589999943971634,0
2015-02-13,0.15000000596046448,0.15000000596046448,0.15000000596046448,0.15000000596046448,47460
2015-02-17,0.15000000596046448,0.15000000596046448,0.15000000596046448,0.15000000596046448,0
2015-02-18,0.1599999964237213,0.16500000655651093,0.1500999927520752,0.1599999964237213,41810
2015-02-19,0.1599999964237213,0.1599999964237213,0.1599999964237213,0.1599999964237213,5000
2015-02-20,0.17000000178813934,0.17000000178813934,0.1599999964237213,0.1599999964237213,44853
2015-02-23,0.17000000178813934,0.17000000178813934,0.17000000178813934,0.17000000178813934,0
2015-02-24,0.25,0.25,0.17000000178813934,0.17000000178813934,99600
2015-02-25,0.27000001072883606,0.30000001192092896,0.23999999463558197,0.23999999463558197,204810
2015-02-26,0.26499998569488525,0.2750000059604645,0.26499998569488525,0.2750000059604645,10500
2015-02-27,0.22499999403953552,0.23000000417232513,0.20499999821186066,0.22499999403953552,65060
2015-03-02,0.22499999403953552,0.22499999403953552,0.22499999403953552,0.22499999403953552,879
2015-03-03,0.18000000715255737,0.18000000715255737,0.18000000715255737,0.18000000715255737,5500
2015-03-04,0.25999999046325684,0.25999999046325684,0.2094999998807907,0.2094999998807907,20755
2015-03-05,0.25999999046325684,0.25999999046325684,0.25,0.25,19501
2015-03-06,0.25,0.25049999356269836,0.25,0.25049999356269836,5000
2015-03-09,0.25,0.25,0.25,0.25,0
2015-03-10,0.23999999463558197,0.25,0.23999999463558197,0.25,2933
2015-03-11,0.23999999463558197,0.23999999463558197,0.23999999463558197,0.23999999463558197,0
2015-03-12,0.24250000715255737,0.24250000715255737,0.24250000715255737,0.24250000715255737,800
2015-03-13,0.25,0.25,0.23999999463558197,0.23999999463558197,40000
2015-03-16,0.25,0.2515000104904175,0.25,0.2515000104904175,14025
2015-03-17,0.23010000586509705,0.23010000586509705,0.23010000586509705,0.23010000586509705,989
2015-03-18,0.23010000586509705,0.23010000586509705,0.23010000586509705,0.23010000586509705,4500
2015-03-19,0.2371000051498413,0.2371000051498413,0.2371000051498413,0.2371000051498413,962
2015-03-20,0.2371000051498413,0.2371000051498413,0.2371000051498413,0.2371000051498413,0
2015-03-23,0.2371000051498413,0.2371000051498413,0.2371000051498413,0.2371000051498413,0
2015-03-24,0.22499999403953552,0.22499999403953552,0.22499999403953552,0.22499999403953552,1060
2015-03-25,0.22499999403953552,0.22499999403953552,0.22499999403953552,0.22499999403953552,0
2015-03-26,0.22499999403953552,0.22499999403953552,0.22499999403953552,0.22499999403953552,1400
2015-03-27,0.23000000417232513,0.23000000417232513,0.23000000417232513,0.23000000417232513,6678
2015-03-30,0.23000000417232513,0.23000000417232513,0.23000000417232513,0.23000000417232513,0
2015-03-31,0.23000000417232513,0.23000000417232513,0.23000000417232513,0.23000000417232513,962
2015-04-01,0.23000000417232513,0.23000000417232513,0.23000000417232513,0.23000000417232513,0
2015-04-02,0.23000000417232513,0.23000000417232513,0.23000000417232513,0.23000000417232513,1000
2015-04-06,0.23000000417232513,0.23000000417232513,0.23000000417232513,0.23000000417232513,18000
2015-04-07,0.23000000417232513,0.23000000417232513,0.23000000417232513,0.23000000417232513,0
2015-04-08,0.23999999463558197,0.23999999463558197,0.23999999463558197,0.23999999463558197,4000
2015-04-09,0.23999999463558197,0.23999999463558197,0.23999999463558197,0.23999999463558197,0
2015-04-10,0.23999999463558197,0.23999999463558197,0.23999999463558197,0.23999999463558197,0
2015-04-13,0.2199999988079071,0.2199999988079071,0.2199999988079071,0.2199999988079071,13163
2015-04-14,0.2199999988079071,0.2199999988079071,0.20499999821186066,0.2199999988079071,21900
2015-04-15,0.2199999988079071,0.2199999988079071,0.2199999988079071,0.2199999988079071,0
2015-04-16,0.20000000298023224,0.20999999344348907,0.18629999458789825,0.20999999344348907,63200
2015-04-17,0.20000000298023224,0.20000000298023224,0.20000000298023224,0.20000000298023224,0
2015-04-20,0.20000000298023224,0.20000000298023224,0.20000000298023224,0.20000000298023224,6917
2015-04-21,0.20000000298023224,0.20000000298023224,0.20000000298023224,0.20000000298023224,100
2015-04-22,0.20999999344348907,0.20999999344348907,0.20999999344348907,0.20999999344348907,1000
2015-04-23,0.20999999344348907,0.20999999344348907,0.20999999344348907,0.20999999344348907,0
2015-04-24,0.20999999344348907,0.20999999344348907,0.20999999344348907,0.20999999344348907,0
2015-04-27,0.20999999344348907,0.20999999344348907,0.20999999344348907,0.20999999344348907,108
2015-04-28,0.20999999344348907,0.20999999344348907,0.20999999344348907,0.20999999344348907,0
2015-04-29,0.20999999344348907,0.20999999344348907,0.20999999344348907,0.20999999344348907,0
2015-04-30,0.20999999344348907,0.21899999678134918,0.20999999344348907,0.21899999678134918,9400
2015-05-01,0.20999999344348907,0.20999999344348907,0.20999999344348907,0.20999999344348907,0
2015-05-04,0.20999999344348907,0.20999999344348907,0.20000000298023224,0.20000000298023224,2332
2015-05-05,0.2102999985218048,0.2102999985218048,0.210099995136261,0.210099995136261,4084
2015-05-06,0.20999999344348907,0.20999999344348907,0.20999999344348907,0.20999999344348907,965
2015-05-07,0.20000000298023224,0.210099995136261,0.20000000298023224,0.210099995136261,21850
2015-05-08,0.20000000298023224,0.20000000298023224,0.20000000298023224,0.20000000298023224,0
2015-05-11,0.20000000298023224,0.20000000298023224,0.20000000298023224,0.20000000298023224,0
2015-05-12,0.23000000417232513,0.23000000417232513,0.23000000417232513,0.23000000417232513,1000
2015-05-13,0.23000000417232513,0.23000000417232513,0.20000000298023224,0.20000000298023224,14110
2015-05-14,0.2199999988079071,0.2199999988079071,0.2199999988079071,0.2199999988079071,5000
2015-05-15,0.2199999988079071,0.2199999988079071,0.2199999988079071,0.2199999988079071,5000
2015-05-18,0.22499999403953552,0.23000000417232513,0.22499999403953552,0.23000000417232513,8200
2015-05-19,0.23000000417232513,0.23000000417232513,0.2199999988079071,0.2199999988079071,11390
2015-05-20,0.2750000059604645,0.2750000059604645,0.25,0.25,60025
2015-05-21,0.30000001192092896,0.32499998807907104,0.27000001072883606,0.27000001072883606,230590
2015-05-22,0.28999999165534973,0.30000001192092896,0.2854999899864197,0.2854999899864197,9893
2015-05-26,0.27000001072883606,0.27000001072883606,0.26499998569488525,0.26499998569488525,3200
2015-05-27,0.3025999963283539,0.3025999963283539,0.28999999165534973,0.28999999165534973,27777
2015-05-28,0.3449999988079071,0.3499999940395355,0.30000001192092896,0.30000001192092896,80411
2015-05-29,0.36000001430511475,0.39500001072883606,0.3449999988079071,0.3449999988079071,226108
2015-06-01,0.36000001430511475,0.36000001430511475,0.35499998927116394,0.36000001430511475,45000
2015-06-02,0.375,0.38499999046325684,0.36000001430511475,0.36000001430511475,79245
2015-06-03,0.36500000953674316,0.36500000953674316,0.36500000953674316,0.36500000953674316,500
2015-06-04,0.35499998927116394,0.36500000953674316,0.35499998927116394,0.36500000953674316,15166
2015-06-05,0.30000001192092896,0.3499999940395355,0.30000001192092896,0.3499999940395355,49337
2015-06-08,0.30000001192092896,0.30000001192092896,0.30000001192092896,0.30000001192092896,6050
2015-06-09,0.2800000011920929,0.2800000011920929,0.2800000011920929,0.2800000011920929,100
2015-06-10,0.3230000138282776,0.32499998807907104,0.29499998688697815,0.3199999928474426,26262
2015-06-11,0.3230000138282776,0.3230000138282776,0.3100000023841858,0.3100000023841858,5100
2015-06-12,0.3230000138282776,0.3230000138282776,0.3230000138282776,0.3230000138282776,0
2015-06-15,0.3199999928474426,0.3199999928474426,0.30000001192092896,0.30000001192092896,5938
2015-06-16,0.30000001192092896,0.3100000023841858,0.28999999165534973,0.30000001192092896,53768
2015-06-17,0.30000001192092896,0.30000001192092896,0.2619999945163727,0.27000001072883606,28369
2015-06-18,0.25999999046325684,0.2709999978542328,0.24500000476837158,0.2709999978542328,12000
2015-06-19,0.2800000011920929,0.3050000071525574,0.2800000011920929,0.3050000071525574,4200
2015-06-22,0.2800000011920929,0.30000001192092896,0.2800000011920929,0.28999999165534973,41550
2015-06-23,0.2800000011920929,0.2800000011920929,0.26510000228881836,0.27000001072883606,12500
2015-06-24,0.30000001192092896,0.30000001192092896,0.30000001192092896,0.30000001192092896,1508
2015-06-25,0.30000001192092896,0.30000001192092896,0.30000001192092896,0.30000001192092896,26312
2015-06-26,0.30399999022483826,0.30399999022483826,0.30399999022483826,0.30399999022483826,308
2015-06-29,0.30399999022483826,0.30399999022483826,0.30399999022483826,0.30399999022483826,0
2015-06-30,0.30000001192092896,0.30000001192092896,0.30000001192092896,0.30000001192092896,10000
2015-07-01,0.30000001192092896,0.30000001192092896,0.30000001192092896,0.30000001192092896,0
2015-07-02,0.30000001192092896,0.30000001192092896,0.30000001192092896,0.30000001192092896,0
2015-07-06,0.30000001192092896,0.30000001192092896,0.30000001192092896,0.30000001192092896,0
2015-07-07,0.2705000042915344,0.27059999108314514,0.2705000042915344,0.2705000042915344,16700
2015-07-08,0.27000001072883606,0.27000001072883606,0.27000001072883606,0.27000001072883606,200
2015-07-09,0.25999999046325684,0.26019999384880066,0.25999999046325684,0.26010000705718994,6000
2015-07-10,0.257099986076355,0.28999999165534973,0.257099986076355,0.28999999165534973,1500
2015-07-13,0.28999999165534973,0.28999999165534973,0.2700999975204468,0.28999999165534973,15444
2015-07-14,0.28999999165534973,0.28999999165534973,0.28999999165534973,0.28999999165534973,240
2015-07-15,0.28999999165534973,0.28999999165534973,0.28999999165534973,0.28999999165534973,0
2015-07-16,0.28999999165534973,0.28999999165534973,0.28999999165534973,0.28999999165534973,0
2015-07-17,0.2500999867916107,0.2639000117778778,0.2500999867916107,0.2639000117778778,22000
2015-07-20,0.25999999046325684,0.25999999046325684,0.25999999046325684,0.25999999046325684,740
2015-07-21,0.25999999046325684,0.25999999046325684,0.23999999463558197,0.25999999046325684,113870
2015-07-22,0.25,0.25,0.25,0.25,5000
2015-07-23,0.25999999046325684,0.25999999046325684,0.25,0.25,24500
2015-07-24,0.25999999046325684,0.25999999046325684,0.25999999046325684,0.25999999046325684,0
2015-07-27,0.25999999046325684,0.25999999046325684,0.25999999046325684,0.25999999046325684,0
2015-07-28,0.23999999463558197,0.2650499939918518,0.23499999940395355,0.2650499939918518,20000
2015-07-29,0.23999999463558197,0.23999999463558197,0.23999999463558197,0.23999999463558197,400
2015-07-30,0.26499998569488525,0.26499998569488525,0.26499998569488525,0.26499998569488525,100
2015-07-31,0.24009999632835388,0.2524999976158142,0.23000000417232513,0.2524999976158142,24300
2015-08-03,0.23999999463558197,0.23999999463558197,0.23999999463558197,0.23999999463558197,3300
2015-08-04,0.26499998569488525,0.26499998569488525,0.24300000071525574,0.26499998569488525,12500
2015-08-05,0.23999999463558197,0.23999999463558197,0.23999999463558197,0.23999999463558197,44000
2015-08-06,0.23999999463558197,0.2409999966621399,0.23999999463558197,0.23999999463558197,85750
2015-08-07,0.17000000178813934,0.23999999463558197,0.17000000178813934,0.23999999463558197,113450
2015-08-10,0.2199999988079071,0.22499999403953552,0.17100000381469727,0.2049500048160553,31368
2015-08-11,0.20999999344348907,0.23999999463558197,0.20999999344348907,0.23999999463558197,10500
2015-08-12,0.20999999344348907,0.20999999344348907,0.20999999344348907,0.20999999344348907,0
2015-08-13,0.20999999344348907,0.20999999344348907,0.20999999344348907,0.20999999344348907,0
2015-08-14,0.23999999463558197,0.23999999463558197,0.23000000417232513,0.23000000417232513,25000
2015-08-17,0.23999999463558197,0.23999999463558197,0.23999999463558197,0.23999999463558197,0
2015-08-18,0.23999999463558197,0.23999999463558197,0.23999999463558197,0.23999999463558197,0
2015-08-19,0.23000000417232513,0.23999999463558197,0.23000000417232513,0.23999999463558197,3000
2015-08-20,0.23000000417232513,0.23000000417232513,0.23000000417232513,0.23000000417232513,12500
2015-08-21,0.20000000298023224,0.22990000247955322,0.20000000298023224,0.2151000052690506,33000
2015-08-24,0.20000000298023224,0.20999999344348907,0.20000000298023224,0.20000000298023224,87761
2015-08-25,0.20000000298023224,0.20000000298023224,0.20000000298023224,0.20000000298023224,20000
2015-08-26,0.17000000178813934,0.20999999344348907,0.17000000178813934,0.20999999344348907,75000
2015-08-27,0.20000000298023224,0.2004999965429306,0.17100000381469727,0.2004999965429306,24261
2015-08-28,0.20000000298023224,0.20000000298023224,0.20000000298023224,0.20000000298023224,22100
2015-08-31,0.1753000020980835,0.1753000020980835,0.17509999871253967,0.17509999871253967,2250
2015-09-01,0.23000000417232513,0.23000000417232513,0.18029999732971191,0.18029999732971191,9181
2015-09-02,0.19529999792575836,0.19539999961853027,0.19529999792575836,0.19539999961853027,10400
2015-09-03,0.20990000665187836,0.20990000665187836,0.20990000665187836,0.20990000665187836,1000
2015-09-04,0.20990000665187836,0.20990000665187836,0.20990000665187836,0.20990000665187836,0
2015-09-08,0.19380000233650208,0.19380000233650208,0.18019999563694,0.1850000023841858,15000
2015-09-09,0.19380000233650208,0.19380000233650208,0.19380000233650208,0.19380000233650208,0
2015-09-10,0.19380000233650208,0.19380000233650208,0.19380000233650208,0.19380000233650208,0
2015-09-11,0.1899999976158142,0.1899999976158142,0.1899999976158142,0.1899999976158142,500
2015-09-14,0.23000000417232513,0.23000000417232513,0.17000000178813934,0.1899999976158142,127300
2015-09-15,0.20000000298023224,0.20000000298023224,0.20000000298023224,0.20000000298023224,3500
2015-09-16,0.17509999871253967,0.17509999871253967,0.17509999871253967,0.17509999871253967,125
2015-09-17,0.17509999871253967,0.17509999871253967,0.17509999871253967,0.17509999871253967,0
2015-09-18,0.18000000715255737,0.18000000715255737,0.17499999701976776,0.18000000715255737,17124
2015-09-21,0.17755000293254852,0.18000000715255737,0.17509999871253967,0.17509999871253967,12775
2015-09-22,0.18000000715255737,0.18000000715255737,0.18000000715255737,0.18000000715255737,5000
2015-09-23,0.18000000715255737,0.18000000715255737,0.18000000715255737,0.18000000715255737,0
2015-09-24,0.17755000293254852,0.18000000715255737,0.17755000293254852,0.18000000715255737,20000
2015-09-25,0.17100000381469727,0.17509999871253967,0.17100000381469727,0.17509999871253967,78000
2015-09-28,0.17499999701976776,0.17499999701976776,0.17499999701976776,0.17499999701976776,2000
2015-09-29,0.1550000011920929,0.17499999701976776,0.15000000596046448,0.17499999701976776,105079
2015-09-30,0.1550000011920929,0.1550000011920929,0.1550000011920929,0.1550000011920929,0
2015-10-01,0.20000000298023224,0.20000000298023224,0.20000000298023224,0.20000000298023224,835
2015-10-02,0.1899999976158142,0.20000000298023224,0.16500000655651093,0.20000000298023224,4250
2015-10-05,0.16500000655651093,0.16500000655651093,0.16500000655651093,0.16500000655651093,1000
2015-10-06,0.16500000655651093,0.16500000655651093,0.16500000655651093,0.16500000655651093,1240
2015-10-07,0.15600000321865082,0.15600000321865082,0.15600000321865082,0.15600000321865082,625
2015-10-08,0.15600000321865082,0.15600000321865082,0.15600000321865082,0.15600000321865082,0
2015-10-09,0.1599999964237213,0.1599999964237213,0.1599999964237213,0.1599999964237213,1000
2015-10-12,0.1599999964237213,0.1599999964237213,0.1599999964237213,0.1599999964237213,0
2015-10-13,0.17000000178813934,0.17000000178813934,0.17000000178813934,0.17000000178813934,1995
2015-10-14,0.17900000512599945,0.17900000512599945,0.16200000047683716,0.16500000655651093,12900
2015-10-15,0.17900000512599945,0.17900000512599945,0.17900000512599945,0.17900000512599945,4400
2015-10-16,0.17900000512599945,0.17900000512599945,0.17000000178813934,0.17000000178813934,4500
2015-10-19,0.16500000655651093,0.16500000655651093,0.16500000655651093,0.16500000655651093,7200
2015-10-20,0.16500000655651093,0.16750000417232513,0.1599999964237213,0.16750000417232513,16250
2015-10-21,0.1899999976158142,0.1899999976158142,0.1899999976158142,0.1899999976158142,1000
2015-10-22,0.18000000715255737,0.20000000298023224,0.18000000715255737,0.18000000715255737,33250
2015-10-23,0.18000000715255737,0.18000000715255737,0.18000000715255737,0.18000000715255737,1500
2015-10-26,0.18000000715255737,0.18000000715255737,0.18000000715255737,0.18000000715255737,0
2015-10-27,0.18000000715255737,0.18000000715255737,0.18000000715255737,0.18000000715255737,0
2015-10-28,0.17000000178813934,0.17000000178813934,0.17000000178813934,0.17000000178813934,250
2015-10-29,0.1720000058412552,0.1720000058412552,0.1720000058412552,0.1720000058412552,525
2015-10-30,0.1720000058412552,0.1720000058412552,0.1720000058412552,0.1720000058412552,0
2015-11-02,0.1720000058412552,0.1720000058412552,0.1720000058412552,0.1720000058412552,0
2015-11-03,0.17000000178813934,0.17000000178813934,0.17000000178813934,0.17000000178813934,10000
2015-11-04,0.1599999964237213,0.1599999964237213,0.1599999964237213,0.1599999964237213,25000
2015-11-05,0.15800000727176666,0.1599999964237213,0.15800000727176666,0.1599999964237213,19760
2015-11-06,0.18000000715255737,0.18000000715255737,0.15800000727176666,0.15800000727176666,43400
2015-11-09,0.1550000011920929,0.16500000655651093,0.15000000596046448,0.16500000655651093,51700
2015-11-10,0.16500000655651093,0.16500000655651093,0.16500000655651093,0.16500000655651093,23318
2015-11-11,0.1599999964237213,0.1599999964237213,0.1599999964237213,0.1599999964237213,5000
2015-11-12,0.1599999964237213,0.1599999964237213,0.1599999964237213,0.1599999964237213,15000
2015-11-13,0.1599999964237213,0.1599999964237213,0.1599999964237213,0.1599999964237213,0
2015-11-16,0.1599999964237213,0.1599999964237213,0.15029999613761902,0.15649999678134918,50350
2015-11-17,0.17000000178813934,0.17000000178813934,0.1599999964237213,0.16500000655651093,38900
2015-11-18,0.17000000178813934,0.17499999701976776,0.17000000178813934,0.17499999701976776,6250
2015-11-19,0.17000000178813934,0.17000000178813934,0.16050000488758087,0.16050000488758087,34500
2015-11-20,0.17000000178813934,0.17000000178813934,0.17000000178813934,0.17000000178813934,0
2015-11-23,0.18000000715255737,0.18000000715255737,0.16500000655651093,0.16500000655651093,28000
2015-11-24,0.17000000178813934,0.1805499941110611,0.17000000178813934,0.1805499941110611,22372
2015-11-25,0.1889999955892563,0.1889999955892563,0.17000000178813934,0.17000000178813934,5800
2015-11-27,0.18000000715255737,0.18000000715255737,0.18000000715255737,0.18000000715255737,5400
2015-11-30,0.17399999499320984,0.17649999260902405,0.15000000596046448,0.17649999260902405,61059
2015-12-01,0.17399999499320984,0.17399999499320984,0.17399999499320984,0.17399999499320984,300
2015-12-02,0.17000000178813934,0.17399999499320984,0.17000000178813934,0.17399999499320984,10000
2015-12-03,0.17000000178813934,0.17000000178813934,0.17000000178813934,0.17000000178813934,0
2015-12-04,0.16500000655651093,0.16500000655651093,0.16099999845027924,0.16099999845027924,118750
2015-12-07,0.1770000010728836,0.1770000010728836,0.17499999701976776,0.17499999701976776,5250
2015-12-08,0.16500000655651093,0.17499999701976776,0.16500000655651093,0.17499999701976776,15500
2015-12-09,0.16500000655651093,0.16500000655651093,0.16500000655651093,0.16500000655651093,875
2015-12-10,0.16500000655651093,0.17000000178813934,0.16500000655651093,0.17000000178813934,20000
2015-12-11,0.16500000655651093,0.16500000655651093,0.16500000655651093,0.16500000655651093,10025
2015-12-14,0.16500000655651093,0.16500000655651093,0.1599999964237213,0.1599999964237213,56000
2015-12-15,0.1550000011920929,0.1599999964237213,0.15449999272823334,0.1599999964237213,53000
2015-12-16,0.15649999678134918,0.1599999964237213,0.15649999678134918,0.1599999964237213,20000
2015-12-17,0.14000000059604645,0.1550000011920929,0.14000000059604645,0.1550000011920929,134475
2015-12-18,0.15000000596046448,0.15000000596046448,0.15000000596046448,0.15000000596046448,2504
2015-12-21,0.15000000596046448,0.1889999955892563,0.12999999523162842,0.12999999523162842,6400
2015-12-22,0.15000000596046448,0.15000000596046448,0.15000000596046448,0.15000000596046448,0
2015-12-23,0.1599999964237213,0.1599999964237213,0.15000000596046448,0.1550000011920929,66937
2015-12-24,0.1599999964237213,0.1599999964237213,0.1550000011920929,0.1550000011920929,30500
2015-12-28,0.14000000059604645,0.14100000262260437,0.14000000059604645,0.14100000262260437,20000
2015-12-29,0.14000000059604645,0.14000000059604645,0.14000000059604645,0.14000000059604645,23900
2015-12-30,0.14000000059604645,0.1429000049829483,0.14000000059604645,0.1429000049829483,25058
2015-12-31,0.14000000059604645,0.1420000046491623,0.14000000059604645,0.14000000059604645,24250
2016-01-04,0.14409999549388885,0.14409999549388885,0.10000000149011612,0.10000000149011612,3800
2016-01-05,0.13099999725818634,0.14100000262260437,0.13099999725818634,0.14100000262260437,140275
2016-01-06,0.13099999725818634,0.13099999725818634,0.13099999725818634,0.13099999725818634,0
2016-01-07,0.13099999725818634,0.13099999725818634,0.13099999725818634,0.13099999725818634,4400
2016-01-08,0.14100000262260437,0.14100000262260437,0.12999999523162842,0.13819999992847443,48252
2016-01-11,0.14000000059604645,0.14000000059604645,0.14000000059604645,0.14000000059604645,22000
2016-01-12,0.14000000059604645,0.14000000059604645,0.14000000059604645,0.14000000059604645,0
2016-01-13,0.14000000059604645,0.14000000059604645,0.14000000059604645,0.14000000059604645,0
2016-01-14,0.13500000536441803,0.13500000536441803,0.13500000536441803,0.13500000536441803,3352
2016-01-15,0.12999999523162842,0.13500000536441803,0.12999999523162842,0.13500000536441803,55000
2016-01-19,0.125,0.13244999945163727,0.11999999731779099,0.11999999731779099,10137
2016-01-20,0.09799999743700027,0.10499999672174454,0.09799999743700027,0.10199999809265137,54328
2016-01-21,0.10000000149011612,0.10000000149011612,0.09799999743700027,0.09989999979734421,25900
2016-01-22,0.10300000011920929,0.10300000011920929,0.10000000149011612,0.10000000149011612,52004
2016-01-25,0.10300000011920929,0.10300000011920929,0.10300000011920929,0.10300000011920929,0
2016-01-26,0.11999999731779099,0.11999999731779099,0.11999999731779099,0.11999999731779099,621
2016-01-27,0.11999999731779099,0.11999999731779099,0.11999999731779099,0.11999999731779099,20500
2016-01-28,0.11999999731779099,0.11999999731779099,0.11999999731779099,0.11999999731779099,0
2016-01-29,0.11999999731779099,0.11999999731779099,0.11999999731779099,0.11999999731779099,0
2016-02-01,0.11999999731779099,0.11999999731779099,0.11999999731779099,0.11999999731779099,0
2016-02-02,0.11999999731779099,0.11999999731779099,0.11999999731779099,0.11999999731779099,0
2016-02-03,0.11999999731779099,0.11999999731779099,0.11999999731779099,0.11999999731779099,0
2016-02-04,0.11999999731779099,0.11999999731779099,0.11999999731779099,0.11999999731779099,0
2016-02-05,0.11999999731779099,0.11999999731779099,0.11999999731779099,0.11999999731779099,0
2016-02-08,0.11999999731779099,0.11999999731779099,0.11999999731779099,0.11999999731779099,0
2016-02-09,0.14000000059604645,0.14000000059604645,0.14000000059604645,0.14000000059604645,4100
2016-02-10,0.15000000596046448,0.1599999964237213,0.14499999582767487,0.14499999582767487,142726
2016-02-11,0.15000000596046448,0.15000000596046448,0.15000000596046448,0.15000000596046448,0
2016-02-12,0.14794999361038208,0.14794999361038208,0.14550000429153442,0.14550000429153442,1200
2016-02-16,0.15000000596046448,0.15000000596046448,0.15000000596046448,0.15000000596046448,500
2016-02-17,0.1599999964237213,0.1599999964237213,0.15000000596046448,0.1599999964237213,13027
2016-02-18,0.1599999964237213,0.1599999964237213,0.1599999964237213,0.1599999964237213,0
2016-02-19,0.1599999964237213,0.1599999964237213,0.1599999964237213,0.1599999964237213,0
2016-02-22,0.16500000655651093,0.18000000715255737,0.1599999964237213,0.1599999964237213,3908
2016-02-23,0.16500000655651093,0.16500000655651093,0.16500000655651093,0.16500000655651093,0
2016-02-24,0.16200000047683716,0.16200000047683716,0.16200000047683716,0.16200000047683716,25000
2016-02-25,0.15000000596046448,0.15000000596046448,0.15000000596046448,0.15000000596046448,15200
2016-02-26,0.15000000596046448,0.15000000596046448,0.15000000596046448,0.15000000596046448,0
2016-02-29,0.15000000596046448,0.15000000596046448,0.15000000596046448,0.15000000596046448,0
2016-03-01,0.14499999582767487,0.14499999582767487,0.14499999582767487,0.14499999582767487,800
2016-03-02,0.14499999582767487,0.14499999582767487,0.14499999582767487,0.14499999582767487,0
2016-03-03,0.14499999582767487,0.14499999582767487,0.14499999582767487,0.14499999582767487,0
2016-03-04,0.15000000596046448,0.15000000596046448,0.14499999582767487,0.14499999582767487,19234
2016-03-07,0.1599999964237213,0.1599999964237213,0.14499999582767487,0.14499999582767487,25320
2016-03-08,0.1599999964237213,0.1599999964237213,0.1599999964237213,0.1599999964237213,5487
2016-03-09,0.15000000596046448,0.15000000596046448,0.15000000596046448,0.15000000596046448,2700
2016-03-10,0.15000000596046448,0.15000000596046448,0.15000000596046448,0.15000000596046448,0
2016-03-11,0.1599999964237213,0.1599999964237213,0.15000000596046448,0.15000000596046448,44120
2016-03-14,0.1599999964237213,0.1599999964237213,0.1599999964237213,0.1599999964237213,0
2016-03-15,0.1599999964237213,0.1599999964237213,0.1599999964237213,0.1599999964237213,0
2016-03-16,0.1550000011920929,0.1550000011920929,0.1550000011920929,0.1550000011920929,125
2016-03-17,0.1550000011920929,0.1550000011920929,0.1550000011920929,0.1550000011920929,0
2016-03-18,0.15000000596046448,0.15000000596046448,0.15000000596046448,0.15000000596046448,1160
2016-03-21,0.15000000596046448,0.15000000596046448,0.15000000596046448,0.15000000596046448,0
2016-03-22,0.1599999964237213,0.1599999964237213,0.15000000596046448,0.15000000596046448,44680
2016-03-23,0.1599999964237213,0.1599999964237213,0.1599999964237213,0.1599999964237213,0
2016-03-24,0.1550000011920929,0.1550000011920929,0.1550000011920929,0.1550000011920929,5000
2016-03-28,0.1500999927520752,0.1500999927520752,0.1500999927520752,0.1500999927520752,5000
2016-03-29,0.1500999927520752,0.1500999927520752,0.1500999927520752,0.1500999927520752,0
2016-03-30,0.1500999927520752,0.1500999927520752,0.1500999927520752,0.1500999927520752,0
2016-03-31,0.1500999927520752,0.1500999927520752,0.1500999927520752,0.1500999927520752,0
2016-04-01,0.1550000011920929,0.1550000011920929,0.15000000596046448,0.15000000596046448,110084
2016-04-04,0.13500000536441803,0.15000000596046448,0.13500000536441803,0.14399999380111694,47000
2016-04-05,0.13850000500679016,0.13850000500679016,0.13850000500679016,0.13850000500679016,10000
2016-04-06,0.13850000500679016,0.13850000500679016,0.13850000500679016,0.13850000500679016,0
2016-04-07,0.15000000596046448,0.15000000596046448,0.15000000596046448,0.15000000596046448,10000
2016-04-08,0.14100000262260437,0.14100000262260437,0.14100000262260437,0.14100000262260437,3000
2016-04-11,0.14100000262260437,0.14100000262260437,0.14100000262260437,0.14100000262260437,0
2016-04-12,0.14100000262260437,0.14100000262260437,0.14100000262260437,0.14100000262260437,0
2016-04-13,0.14100000262260437,0.14100000262260437,0.14100000262260437,0.14100000262260437,0
2016-04-14,0.14000000059604645,0.15000000596046448,0.14000000059604645,0.15000000596046448,30300
2016-04-15,0.14000000059604645,0.14000000059604645,0.14000000059604645,0.14000000059604645,0
2016-04-18,0.1599999964237213,0.1599999964237213,0.14000000059604645,0.14000000059604645,13000
2016-04-19,0.12999999523162842,0.1599999964237213,0.125,0.1599999964237213,86818
2016-04-20,0.14000000059604645,0.14000000059604645,0.14000000059604645,0.14000000059604645,6250
2016-04-21,0.13500000536441803,0.13500000536441803,0.13500000536441803,0.13500000536441803,3950
2016-04-22,0.13500000536441803,0.13500000536441803,0.13500000536441803,0.13500000536441803,0
2016-04-25,0.13500000536441803,0.13500000536441803,0.13500000536441803,0.13500000536441803,0
2016-04-26,0.13500000536441803,0.13500000536441803,0.13500000536441803,0.13500000536441803,0
2016-04-27,0.13500000536441803,0.13500000536441803,0.13500000536441803,0.13500000536441803,0
2016-04-28,0.14000000059604645,0.1445000022649765,0.14000000059604645,0.1445000022649765,12500
2016-04-29,0.13500000536441803,0.13860000669956207,0.13500000536441803,0.13860000669956207,10000
2016-05-02,0.13500000536441803,0.13500000536441803,0.13500000536441803,0.13500000536441803,0
2016-05-03,0.14139999449253082,0.14139999449253082,0.14139999449253082,0.14139999449253082,500
2016-05-04,0.14000000059604645,0.14000000059604645,0.14000000059604645,0.14000000059604645,300
2016-05-05,0.14000000059604645,0.14000000059604645,0.14000000059604645,0.14000000059604645,0
2016-05-06,0.14509999752044678,0.14509999752044678,0.14499999582767487,0.14499999582767487,5000
2016-05-09,0.14509999752044678,0.14509999752044678,0.14509999752044678,0.14509999752044678,0
2016-05-10,0.14509999752044678,0.14509999752044678,0.14509999752044678,0.14509999752044678,0
2016-05-11,0.14509999752044678,0.14509999752044678,0.14509999752044678,0.14509999752044678,0
2016-05-12,0.14509999752044678,0.14509999752044678,0.14509999752044678,0.14509999752044678,0
2016-05-13,0.14509999752044678,0.14509999752044678,0.14509999752044678,0.14509999752044678,0
2016-05-16,0.1469999998807907,0.1469999998807907,0.14499999582767487,0.14560000598430634,22300
2016-05-17,0.1469999998807907,0.14880000054836273,0.1469999998807907,0.14880000054836273,5300
2016-05-18,0.14499999582767487,0.14650000631809235,0.14499999582767487,0.14650000631809235,4550
2016-05-19,0.17000000178813934,0.17000000178813934,0.1599999964237213,0.1599999964237213,23700
2016-05-20,0.15000000596046448,0.1550000011920929,0.15000000596046448,0.1550000011920929,20700
2016-05-23,0.15000000596046448,0.15000000596046448,0.15000000596046448,0.15000000596046448,10000
2016-05-24,0.1589999943971634,0.16500000655651093,0.1420000046491623,0.14499999582767487,41016
2016-05-25,0.14800000190734863,0.15649999678134918,0.14800000190734863,0.15399999916553497,39400
2016-05-26,0.1574999988079071,0.1574999988079071,0.15000000596046448,0.15000000596046448,14500
2016-05-27,0.1574999988079071,0.1574999988079071,0.1574999988079071,0.1574999988079071,0
2016-05-31,0.1599999964237213,0.1599999964237213,0.1599999964237213,0.1599999964237213,2451
2016-06-01,0.1599999964237213,0.1599999964237213,0.1599999964237213,0.1599999964237213,247
2016-06-02,0.164000004529953,0.16500000655651093,0.1599999964237213,0.16500000655651093,70125
2016-06-03,0.17000000178813934,0.17000000178813934,0.17000000178813934,0.17000000178813934,10000
2016-06-06,0.17499999701976776,0.1850000023841858,0.17499999701976776,0.1850000023841858,2250
2016-06-07,0.17499999701976776,0.17499999701976776,0.17499999701976776,0.17499999701976776,0
2016-06-08,0.17499999701976776,0.17499999701976776,0.17499999701976776,0.17499999701976776,20000
2016-06-09,0.17499999701976776,0.17499999701976776,0.17499999701976776,0.17499999701976776,0
2016-06-10,0.17499999701976776,0.17499999701976776,0.17499999701976776,0.17499999701976776,0
2016-06-13,0.18000000715255737,0.18000000715255737,0.17000000178813934,0.17000000178813934,2644
2016-06-14,0.18000000715255737,0.18000000715255737,0.18000000715255737,0.18000000715255737,0
2016-06-15,0.18000000715255737,0.18000000715255737,0.18000000715255737,0.18000000715255737,0
2016-06-16,0.18000000715255737,0.18000000715255737,0.18000000715255737,0.18000000715255737,0
2016-06-17,0.18000000715255737,0.18000000715255737,0.18000000715255737,0.18000000715255737,0
2016-06-20,0.18000000715255737,0.18000000715255737,0.18000000715255737,0.18000000715255737,0
2016-06-21,0.17499999701976776,0.17499999701976776,0.17499999701976776,0.17499999701976776,4375
2016-06-22,0.17499999701976776,0.17499999701976776,0.17499999701976776,0.17499999701976776,0
2016-06-23,0.17499999701976776,0.17499999701976776,0.17499999701976776,0.17499999701976776,0
2016-06-24,0.17499999701976776,0.17499999701976776,0.17499999701976776,0.17499999701976776,10000
2016-06-27,0.17499999701976776,0.17499999701976776,0.17499999701976776,0.17499999701976776,0
2016-06-28,0.17499999701976776,0.17499999701976776,0.17499999701976776,0.17499999701976776,0
2016-06-29,0.1599999964237213,0.17000000178813934,0.1550000011920929,0.17000000178813934,25000
2016-06-30,0.17000000178813934,0.17499999701976776,0.17000000178813934,0.17000000178813934,5607
2016-07-01,0.17000000178813934,0.17000000178813934,0.17000000178813934,0.17000000178813934,0
2016-07-05,0.17000000178813934,0.17000000178813934,0.17000000178813934,0.17000000178813934,0
2016-07-06,0.17000000178813934,0.17000000178813934,0.17000000178813934,0.17000000178813934,5000
2016-07-07,0.17000000178813934,0.17000000178813934,0.17000000178813934,0.17000000178813934,0
2016-07-08,0.1599999964237213,0.17000000178813934,0.1599999964237213,0.17000000178813934,25000
2016-07-11,0.1599999964237213,0.1599999964237213,0.1550000011920929,0.1599999964237213,62500
2016-07-12,0.1550000011920929,0.1599999964237213,0.15000000596046448,0.1599999964237213,36300
2016-07-13,0.1550000011920929,0.1550000011920929,0.1550000011920929,0.1550000011920929,0
2016-07-14,0.1469999998807907,0.1469999998807907,0.1469999998807907,0.1469999998807907,5000
2016-07-15,0.1469999998807907,0.1469999998807907,0.1469999998807907,0.1469999998807907,0
2016-07-18,0.13500000536441803,0.14000000059604645,0.13500000536441803,0.14000000059604645,17375
2016-07-19,0.13500000536441803,0.13500000536441803,0.13500000536441803,0.13500000536441803,9500
2016-07-20,0.13500000536441803,0.13500000536441803,0.13500000536441803,0.13500000536441803,2000
2016-07-21,0.13500000536441803,0.13500000536441803,0.13500000536441803,0.13500000536441803,0
2016-07-22,0.14000000059604645,0.14000000059604645,0.14000000059604645,0.14000000059604645,110000
2016-07-25,0.14000000059604645,0.14499999582767487,0.14000000059604645,0.14499999582767487,91000
2016-07-26,0.13500000536441803,0.14000000059604645,0.13500000536441803,0.14000000059604645,37000
2016-07-27,0.13099999725818634,0.13779999315738678,0.125,0.13779999315738678,29500
2016-07-28,0.13099999725818634,0.13099999725818634,0.13099999725818634,0.13099999725818634,0
2016-07-29,0.12999999523162842,0.12999999523162842,0.12999999523162842,0.12999999523162842,1250
2016-08-01,0.12999999523162842,0.12999999523162842,0.12999999523162842,0.12999999523162842,2000
2016-08-02,0.13500000536441803,0.13500000536441803,0.13500000536441803,0.13500000536441803,10000
2016-08-03,0.12999999523162842,0.12999999523162842,0.12999999523162842,0.12999999523162842,38200
2016-08-04,0.12999999523162842,0.12999999523162842,0.12999999523162842,0.12999999523162842,0
2016-08-05,0.12999999523162842,0.12999999523162842,0.12999999523162842,0.12999999523162842,0
2016-08-08,0.12999999523162842,0.13500000536441803,0.12999999523162842,0.13500000536441803,30000
2016-08-09,0.14000000059604645,0.14000000059604645,0.14000000059604645,0.14000000059604645,3000
2016-08-10,0.14000000059604645,0.14000000059604645,0.14000000059604645,0.14000000059604645,0
2016-08-11,0.14000000059604645,0.14000000059604645,0.14000000059604645,0.14000000059604645,0
2016-08-12,0.12999999523162842,0.14000000059604645,0.12999999523162842,0.14000000059604645,88700
2016-08-15,0.12999999523162842,0.12999999523162842,0.12999999523162842,0.12999999523162842,14000
2016-08-16,0.15000000596046448,0.15000000596046448,0.15000000596046448,0.15000000596046448,10000
2016-08-17,0.15000000596046448,0.15000000596046448,0.15000000596046448,0.15000000596046448,0
2016-08-18,0.14499999582767487,0.14499999582767487,0.14499999582767487,0.14499999582767487,1000
2016-08-19,0.12999999523162842,0.13500000536441803,0.12999999523162842,0.13500000536441803,10500
2016-08-22,0.12999999523162842,0.12999999523162842,0.12999999523162842,0.12999999523162842,0
2016-08-23,0.14000000059604645,0.14000000059604645,0.14000000059604645,0.14000000059604645,35000
2016-08-24,0.14000000059604645,0.14000000059604645,0.14000000059604645,0.14000000059604645,0
2016-08-25,0.13500000536441803,0.14000000059604645,0.13500000536441803,0.14000000059604645,39450
2016-08-26,0.13500000536441803,0.13500000536441803,0.13500000536441803,0.13500000536441803,0
2016-08-29,0.13500000536441803,0.13500000536441803,0.13500000536441803,0.13500000536441803,0
2016-08-30,0.13500000536441803,0.13500000536441803,0.13500000536441803,0.13500000536441803,0
2016-08-31,0.13500000536441803,0.13500000536441803,0.13500000536441803,0.13500000536441803,0
2016-09-01,0.13500000536441803,0.13500000536441803,0.13500000536441803,0.13500000536441803,0
2016-09-02,0.13500000536441803,0.13500000536441803,0.13500000536441803,0.13500000536441803,0
2016-09-06,0.14000000059604645,0.14000000059604645,0.14000000059604645,0.14000000059604645,250
2016-09-07,0.13500000536441803,0.14000000059604645,0.13500000536441803,0.14000000059604645,10000
2016-09-08,0.13500000536441803,0.13500000536441803,0.13500000536441803,0.13500000536441803,0
2016-09-09,0.13500000536441803,0.13500000536441803,0.13500000536441803,0.13500000536441803,0
2016-09-12,0.13500000536441803,0.13500000536441803,0.13500000536441803,0.13500000536441803,0
2016-09-13,0.13500000536441803,0.13500000536441803,0.13500000536441803,0.13500000536441803,0
2016-09-14,0.13500000536441803,0.13500000536441803,0.13500000536441803,0.13500000536441803,0
2016-09-15,0.13500000536441803,0.13500000536441803,0.13500000536441803,0.13500000536441803,300
2016-09-16,0.13500000536441803,0.13500000536441803,0.13500000536441803,0.13500000536441803,0
2016-09-19,0.13500000536441803,0.13500000536441803,0.13500000536441803,0.13500000536441803,0
2016-09-20,0.14000000059604645,0.14000000059604645,0.14000000059604645,0.14000000059604645,7650
2016-09-21,0.14000000059604645,0.14000000059604645,0.14000000059604645,0.14000000059604645,0
2016-09-22,0.14000000059604645,0.14000000059604645,0.14000000059604645,0.14000000059604645,5000
2016-09-23,0.14000000059604645,0.14000000059604645,0.14000000059604645,0.14000000059604645,0
2016-09-26,0.12999999523162842,0.12999999523162842,0.12999999523162842,0.12999999523162842,1000
2016-09-27,0.13249999284744263,0.1352500021457672,0.12999999523162842,0.1352500021457672,31800
2016-09-28,0.13249999284744263,0.13249999284744263,0.13249999284744263,0.13249999284744263,0
2016-09-29,0.13249999284744263,0.13249999284744263,0.13249999284744263,0.13249999284744263,0
2016-09-30,0.13249999284744263,0.13249999284744263,0.13249999284744263,0.13249999284744263,0
2016-10-03,0.13249999284744263,0.13249999284744263,0.13249999284744263,0.13249999284744263,0
2016-10-04,0.13249999284744263,0.13249999284744263,0.13249999284744263,0.13249999284744263,0
2016-10-05,0.13249999284744263,0.13249999284744263,0.13249999284744263,0.13249999284744263,0
2016-10-06,0.13249999284744263,0.13249999284744263,0.13249999284744263,0.13249999284744263,0
2016-10-07,0.13249999284744263,0.13249999284744263,0.13249999284744263,0.13249999284744263,0
2016-10-10,0.13249999284744263,0.13249999284744263,0.13249999284744263,0.13249999284744263,0
2016-10-11,0.12999999523162842,0.12999999523162842,0.12999999523162842,0.12999999523162842,79000
2016-10-12,0.12999999523162842,0.12999999523162842,0.12999999523162842,0.12999999523162842,0
2016-10-13,0.125,0.12999999523162842,0.125,0.12999999523162842,17150
2016-10-14,0.125,0.125,0.125,0.125,0
2016-10-17,0.125,0.125,0.125,0.125,0
2016-10-18,0.11999999731779099,0.125,0.11999999731779099,0.125,37000
2016-10-19,0.11999999731779099,0.11999999731779099,0.10000000149011612,0.10000000149011612,7000
2016-10-20,0.11999999731779099,0.11999999731779099,0.11999999731779099,0.11999999731779099,0
2016-10-21,0.11999999731779099,0.11999999731779099,0.11999999731779099,0.11999999731779099,0
2016-10-24,0.10999999940395355,0.12999999523162842,0.10999999940395355,0.12999999523162842,12500
2016-10-25,0.10999999940395355,0.10999999940395355,0.10999999940395355,0.10999999940395355,5500
2016-10-26,0.07000000029802322,0.10999999940395355,0.07000000029802322,0.10999999940395355,57050
2016-10-27,0.10000000149011612,0.10000000149011612,0.0949999988079071,0.0949999988079071,16500
2016-10-28,0.10000000149011612,0.10000000149011612,0.0949999988079071,0.10000000149011612,110500
2016-10-31,0.10000000149011612,0.10000000149011612,0.10000000149011612,0.10000000149011612,5000
2016-11-01,0.12999999523162842,0.12999999523162842,0.12999999523162842,0.12999999523162842,1000
2016-11-02,0.12999999523162842,0.12999999523162842,0.10010000318288803,0.10010000318288803,2085
2016-11-03,0.12999999523162842,0.12999999523162842,0.12999999523162842,0.12999999523162842,0
2016-11-04,0.12999999523162842,0.12999999523162842,0.12999999523162842,0.12999999523162842,1000
2016-11-07,0.12999999523162842,0.12999999523162842,0.10999999940395355,0.10999999940395355,318
2016-11-08,0.12999999523162842,0.12999999523162842,0.10999999940395355,0.10999999940395355,10200
2016-11-09,0.12999999523162842,0.12999999523162842,0.12999999523162842,0.12999999523162842,0
2016-11-10,0.12999999523162842,0.12999999523162842,0.12999999523162842,0.12999999523162842,10000
2016-11-11,0.12999999523162842,0.12999999523162842,0.12999999523162842,0.12999999523162842,10000
2016-11-14,0.12999999523162842,0.12999999523162842,0.11999999731779099,0.11999999731779099,15000
2016-11-15,0.12999999523162842,0.12999999523162842,0.11999999731779099,0.12999999523162842,28000
2016-11-16,0.1298999935388565,0.1298999935388565,0.11999999731779099,0.12099999934434891,8700
2016-11-17,0.11999999731779099,0.11999999731779099,0.11999999731779099,0.11999999731779099,40200
2016-11-18,0.10999999940395355,0.10999999940395355,0.10999999940395355,0.10999999940395355,1486
2016-11-21,0.11100000143051147,0.11800000071525574,0.10999999940395355,0.10999999940395355,2386
2016-11-22,0.11100000143051147,0.11100000143051147,0.11100000143051147,0.11100000143051147,0
2016-11-23,0.12999999523162842,0.12999999523162842,0.12999999523162842,0.12999999523162842,8200
2016-11-25,0.13009999692440033,0.13009999692440033,0.12999999523162842,0.12999999523162842,2000
2016-11-28,0.14499999582767487,0.14499999582767487,0.1388999968767166,0.14499999582767487,20000
2016-11-29,0.14499999582767487,0.14499999582767487,0.14499999582767487,0.14499999582767487,2000
2016-11-30,0.14499999582767487,0.14499999582767487,0.14499999582767487,0.14499999582767487,0
2016-12-01,0.11999999731779099,0.14499999582767487,0.11999999731779099,0.14499999582767487,50500
2016-12-02,0.11999999731779099,0.14474999904632568,0.10999999940395355,0.14474999904632568,66870
2016-12-05,0.11999999731779099,0.11999999731779099,0.11999999731779099,0.11999999731779099,250
2016-12-06,0.11500000208616257,0.11500000208616257,0.11500000208616257,0.11500000208616257,11023
2016-12-07,0.11500000208616257,0.11500000208616257,0.11500000208616257,0.11500000208616257,0
2016-12-08,0.13500000536441803,0.13500000536441803,0.12999999523162842,0.13449999690055847,21000
2016-12-09,0.14499999582767487,0.14499999582767487,0.14499999582767487,0.14499999582767487,500
2016-12-12,0.14499999582767487,0.14499999582767487,0.11999999731779099,0.11999999731779099,101400
2016-12-13,0.14000000059604645,0.14000000059604645,0.13500000536441803,0.13500000536441803,104186
2016-12-14,0.14000000059604645,0.14000000059604645,0.13500000536441803,0.14000000059604645,118000
2016-12-15,0.14000000059604645,0.14000000059604645,0.14000000059604645,0.14000000059604645,0
2016-12-16,0.1379999965429306,0.1379999965429306,0.13500000536441803,0.13500000536441803,87814
2016-12-19,0.13600000739097595,0.1404999941587448,0.13600000739097595,0.1404999941587448,14922
2016-12-20,0.13500000536441803,0.13609999418258667,0.13500000536441803,0.13609999418258667,14135
2016-12-21,0.14499999582767487,0.14499999582767487,0.13500000536441803,0.13750000298023224,177398
2016-12-22,0.15000000596046448,0.1525000035762787,0.14000000059604645,0.14499999582767487,176552
2016-12-23,0.1587499976158142,0.1587499976158142,0.14499999582767487,0.14499999582767487,102364
2016-12-27,0.1550000011920929,0.1599999964237213,0.1550000011920929,0.1599999964237213,17000
2016-12-28,0.14000000059604645,0.14499999582767487,0.14000000059604645,0.14499999582767487,9000
2016-12-29,0.15000000596046448,0.15000000596046448,0.14239999651908875,0.14239999651908875,7250
2016-12-30,0.15000000596046448,0.15299999713897705,0.13500000536441803,0.15299999713897705,15343
2017-01-03,0.14000000059604645,0.14000000059604645,0.14000000059604645,0.14000000059604645,1000
2017-01-04,0.1574999988079071,0.1574999988079071,0.14875000715255737,0.15000000596046448,76000
2017-01-05,0.15459999442100525,0.1599999964237213,0.1522500067949295,0.1522500067949295,20500
2017-01-06,0.19499999284744263,0.20000000298023224,0.1537500023841858,0.1537500023841858,60700
2017-01-09,0.1599999964237213,0.19499999284744263,0.15000000596046448,0.18250000476837158,182500
2017-01-10,0.1599999964237213,0.1599999964237213,0.1599999964237213,0.1599999964237213,0
2017-01-11,0.1599999964237213,0.1599999964237213,0.1599999964237213,0.1599999964237213,0
2017-01-12,0.16500000655651093,0.16500000655651093,0.1599999964237213,0.1599999964237213,9000
2017-01-13,0.16500000655651093,0.16500000655651093,0.16500000655651093,0.16500000655651093,2500
2017-01-17,0.16500000655651093,0.16500000655651093,0.16500000655651093,0.16500000655651093,0
2017-01-18,0.1599999964237213,0.1627500057220459,0.1599999964237213,0.1627500057220459,900
2017-01-19,0.1599999964237213,0.1599999964237213,0.1599999964237213,0.1599999964237213,0
2017-01-20,0.14800000190734863,0.16500000655651093,0.10000000149011612,0.1599999964237213,112334
2017-01-23,0.11400000005960464,0.11400000005960464,0.11400000005960464,0.11400000005960464,100
2017-01-24,0.11400000005960464,0.11400000005960464,0.11400000005960464,0.11400000005960464,0
2017-01-25,0.14390000700950623,0.14390000700950623,0.11999999731779099,0.11999999731779099,1252
2017-01-26,0.11999999731779099,0.11999999731779099,0.11999999731779099,0.11999999731779099,2700
2017-01-27,0.1899999976158142,0.1899999976158142,0.13439999520778656,0.13439999520778656,82350
2017-01-30,0.1899999976158142,0.1899999976158142,0.1899999976158142,0.1899999976158142,0
2017-01-31,0.1899999976158142,0.1899999976158142,0.1899999976158142,0.1899999976158142,0
2017-02-01,0.16750000417232513,0.16750000417232513,0.16500000655651093,0.16500000655651093,1500
2017-02-02,0.1899999976158142,0.1899999976158142,0.1899999976158142,0.1899999976158142,5100
2017-02-03,0.1899999976158142,0.1899999976158142,0.1899999976158142,0.1899999976158142,0
2017-02-06,0.1899999976158142,0.1899999976158142,0.1899999976158142,0.1899999976158142,0
2017-02-07,0.1899999976158142,0.1899999976158142,0.1899999976158142,0.1899999976158142,1000
2017-02-08,0.1899999976158142,0.1899999976158142,0.1899999976158142,0.1899999976158142,0
2017-02-09,0.18000000715255737,0.18000000715255737,0.18000000715255737,0.18000000715255737,77500
2017-02-10,0.17000000178813934,0.18400000035762787,0.17000000178813934,0.18400000035762787,37500
2017-02-13,0.1720000058412552,0.1899999976158142,0.17000000178813934,0.1899999976158142,390
2017-02-14,0.1720000058412552,0.1720000058412552,0.1720000058412552,0.1720000058412552,0
2017-02-15,0.1899999976158142,0.1899999976158142,0.17000000178813934,0.17000000178813934,350
2017-02-16,0.1899999976158142,0.1899999976158142,0.1899999976158142,0.1899999976158142,0
2017-02-17,0.1899999976158142,0.1899999976158142,0.1899999976158142,0.1899999976158142,0
2017-02-21,0.1899999976158142,0.1899999976158142,0.1899999976158142,0.1899999976158142,0
2017-02-22,0.1899999976158142,0.1899999976158142,0.1899999976158142,0.1899999976158142,0
2017-02-23,0.1899999976158142,0.1899999976158142,0.1899999976158142,0.1899999976158142,0
2017-02-24,0.1899999976158142,0.1899999976158142,0.1899999976158142,0.1899999976158142,0
2017-02-27,0.1784999966621399,0.1784999966621399,0.1784999966621399,0.1784999966621399,500
2017-02-28,0.1850000023841858,0.1850000023841858,0.1850000023841858,0.1850000023841858,1001
2017-03-01,0.1799200028181076,0.18000000715255737,0.1720000058412552,0.18000000715255737,1600
2017-03-02,0.1799200028181076,0.1799200028181076,0.1799200028181076,0.1799200028181076,0
2017-03-03,0.1799200028181076,0.1799200028181076,0.1799200028181076,0.1799200028181076,0
2017-03-06,0.1720000058412552,0.1720000058412552,0.1720000058412552,0.1720000058412552,2510
2017-03-07,0.18000000715255737,0.18000000715255737,0.18000000715255737,0.18000000715255737,15000
2017-03-08,0.18000000715255737,0.18000000715255737,0.18000000715255737,0.18000000715255737,0
2017-03-09,0.18000000715255737,0.18000000715255737,0.18000000715255737,0.18000000715255737,0
2017-03-10,0.17499999701976776,0.17499999701976776,0.17499999701976776,0.17499999701976776,2500
2017-03-13,0.17499999701976776,0.17499999701976776,0.17499999701976776,0.17499999701976776,0
2017-03-14,0.17499999701976776,0.17499999701976776,0.17499999701976776,0.17499999701976776,0
2017-03-15,0.17499999701976776,0.17499999701976776,0.15000000596046448,0.17000000178813934,28600
2017-03-16,0.17499999701976776,0.17499999701976776,0.17499999701976776,0.17499999701976776,0
2017-03-17,0.17000000178813934,0.17000000178813934,0.13600000739097595,0.13600000739097595,1858
2017-03-20,0.17000000178813934,0.17000000178813934,0.15000000596046448,0.15000000596046448,350
2017-03-21,0.17000000178813934,0.17000000178813934,0.17000000178813934,0.17000000178813934,0
2017-03-22,0.17000000178813934,0.17000000178813934,0.17000000178813934,0.17000000178813934,0
2017-03-23,0.17000000178813934,0.17000000178813934,0.17000000178813934,0.17000000178813934,0
2017-03-24,0.17000000178813934,0.17000000178813934,0.17000000178813934,0.17000000178813934,0
2017-03-27,0.15000000596046448,0.17000000178813934,0.15000000596046448,0.17000000178813934,33900
2017-03-28,0.15000000596046448,0.1599999964237213,0.14000000059604645,0.15000000596046448,49539
2017-03-29,0.17000000178813934,0.17000000178813934,0.17000000178813934,0.17000000178813934,2500
2017-03-30,0.16500000655651093,0.16500000655651093,0.16500000655651093,0.16500000655651093,10076
2017-03-31,0.16500000655651093,0.16500000655651093,0.16500000655651093,0.16500000655651093,0
2017-04-03,0.16500000655651093,0.16500000655651093,0.16500000655651093,0.16500000655651093,0
2017-04-04,0.17000000178813934,0.17000000178813934,0.17000000178813934,0.17000000178813934,1000
2017-04-05,0.17000000178813934,0.17000000178813934,0.17000000178813934,0.17000000178813934,0
2017-04-06,0.1599999964237213,0.16500000655651093,0.1599999964237213,0.16500000655651093,9000
2017-04-07,0.1599999964237213,0.1599999964237213,0.1599999964237213,0.1599999964237213,0
2017-04-10,0.1599999964237213,0.17000000178813934,0.14499999582767487,0.17000000178813934,16387
2017-04-11,0.1599999964237213,0.1599999964237213,0.1599999964237213,0.1599999964237213,0
2017-04-12,0.17000000178813934,0.17000000178813934,0.16449999809265137,0.16449999809265137,10500
2017-04-13,0.1599999964237213,0.16725000739097595,0.1599999964237213,0.16500000655651093,20400
2017-04-17,0.18000000715255737,0.18000000715255737,0.1599999964237213,0.1599999964237213,137889
2017-04-18,0.18000000715255737,0.18000000715255737,0.18000000715255737,0.18000000715255737,0
2017-04-19,0.18000000715255737,0.18000000715255737,0.17749999463558197,0.17749999463558197,10000
2017-04-20,0.18000000715255737,0.18000000715255737,0.17499999701976776,0.1770000010728836,4100
2017-04-21,0.18000000715255737,0.18000000715255737,0.17499999701976776,0.17749999463558197,15100
2017-04-24,0.18000000715255737,0.18000000715255737,0.18000000715255737,0.18000000715255737,0
2017-04-25,0.18000000715255737,0.18000000715255737,0.17000000178813934,0.18000000715255737,4200
2017-04-26,0.17990000545978546,0.17990000545978546,0.16500000655651093,0.16500000655651093,15100
2017-04-27,0.17990000545978546,0.17990000545978546,0.17990000545978546,0.17990000545978546,0
2017-04-28,0.17990000545978546,0.17990000545978546,0.17990000545978546,0.17990000545978546,0
2017-05-01,0.17990000545978546,0.17990000545978546,0.15549999475479126,0.16458000242710114,35660
2017-05-02,0.17990000545978546,0.17990000545978546,0.17990000545978546,0.17990000545978546,0
2017-05-03,0.17990000545978546,0.17990000545978546,0.1599999964237213,0.1599999964237213,275
2017-05-04,0.1599999964237213,0.1599999964237213,0.1599999964237213,0.1599999964237213,1191
2017-05-05,0.1599999964237213,0.1599999964237213,0.1599999964237213,0.1599999964237213,0
2017-05-08,0.1599999964237213,0.1599999964237213,0.1599999964237213,0.1599999964237213,0
2017-05-09,0.1599999964237213,0.1599999964237213,0.1599999964237213,0.1599999964237213,5905
2017-05-10,0.1599999964237213,0.1599999964237213,0.1599999964237213,0.1599999964237213,0
2017-05-11,0.1599999964237213,0.1599999964237213,0.1599999964237213,0.1599999964237213,0
2017-05-12,0.17990000545978546,0.17990000545978546,0.17990000545978546,0.17990000545978546,100
2017-05-15,0.16500000655651093,0.16500000655651093,0.16500000655651093,0.16500000655651093,1900
2017-05-16,0.17990000545978546,0.17990000545978546,0.17990000545978546,0.17990000545978546,100
2017-05-17,0.17990000545978546,0.17990000545978546,0.17990000545978546,0.17990000545978546,0
2017-05-18,0.17990000545978546,0.17990000545978546,0.17990000545978546,0.17990000545978546,0
2017-05-19,0.16500000655651093,0.16500000655651093,0.16500000655651093,0.16500000655651093,5000
2017-05-22,0.16500000655651093,0.16500000655651093,0.16500000655651093,0.16500000655651093,510
2017-05-23,0.16500000655651093,0.16500000655651093,0.16500000655651093,0.16500000655651093,0
2017-05-24,0.16500000655651093,0.16500000655651093,0.16500000655651093,0.16500000655651093,500
2017-05-25,0.1599999964237213,0.16500000655651093,0.1599999964237213,0.16500000655651093,20500
2017-05-26,0.1599999964237213,0.1599999964237213,0.1599999964237213,0.1599999964237213,0
2017-05-30,0.1599999964237213,0.1599999964237213,0.1599999964237213,0.1599999964237213,0
2017-05-31,0.1599999964237213,0.1599999964237213,0.1599999964237213,0.1599999964237213,0
2017-06-01,0.1599999964237213,0.1599999964237213,0.1599999964237213,0.1599999964237213,0
2017-06-02,0.1599999964237213,0.1599999964237213,0.1599999964237213,0.1599999964237213,0
2017-06-05,0.1599999964237213,0.1599999964237213,0.1599999964237213,0.1599999964237213,0
2017-06-06,0.1599999964237213,0.1599999964237213,0.1599999964237213,0.1599999964237213,0
2017-06-07,0.16599999368190765,0.16599999368190765,0.16599999368190765,0.16599999368190765,200
2017-06-08,0.16599999368190765,0.16599999368190765,0.16599999368190765,0.16599999368190765,150
2017-06-09,0.1509999930858612,0.1599999964237213,0.1509999930858612,0.1599999964237213,96009
2017-06-12,0.1509999930858612,0.1509999930858612,0.1509999930858612,0.1509999930858612,0
2017-06-13,0.1509999930858612,0.1509999930858612,0.1509999930858612,0.1509999930858612,0
2017-06-14,0.14499999582767487,0.14499999582767487,0.14499999582767487,0.14499999582767487,3810
2017-06-15,0.14499999582767487,0.14499999582767487,0.14499999582767487,0.14499999582767487,0
2017-06-16,0.14499999582767487,0.14499999582767487,0.14499999582767487,0.14499999582767487,0
2017-06-19,0.14499999582767487,0.14499999582767487,0.14499999582767487,0.14499999582767487,1000
2017-06-20,0.14499999582767487,0.14499999582767487,0.14499999582767487,0.14499999582767487,0
2017-06-21,0.14499999582767487,0.14499999582767487,0.14499999582767487,0.14499999582767487,0
2017-06-22,0.14499999582767487,0.14499999582767487,0.14499999582767487,0.14499999582767487,0
2017-06-23,0.15000000596046448,0.1550000011920929,0.15000000596046448,0.1550000011920929,7000
2017-06-26,0.15000000596046448,0.15000000596046448,0.14550000429153442,0.14550000429153442,6000
2017-06-27,0.14499999582767487,0.1550000011920929,0.13600000739097595,0.1459999978542328,63422
2017-06-28,0.14499999582767487,0.14499999582767487,0.14499999582767487,0.14499999582767487,0
2017-06-29,0.14499999582767487,0.14499999582767487,0.14499999582767487,0.14499999582767487,1000
2017-06-30,0.14499999582767487,0.14499999582767487,0.14499999582767487,0.14499999582767487,5000
2017-07-03,0.14499999582767487,0.14499999582767487,0.14499999582767487,0.14499999582767487,0
2017-07-05,0.14499999582767487,0.14499999582767487,0.14499999582767487,0.14499999582767487,0
2017-07-06,0.125,0.13600000739097595,0.125,0.13600000739097595,28300
2017-07-07,0.125,0.125,0.125,0.125,1250
2017-07-10,0.125,0.125,0.125,0.125,0
2017-07-11,0.125,0.125,0.125,0.125,0
2017-07-12,0.125,0.125,0.125,0.125,0
2017-07-13,0.125,0.125,0.125,0.125,400
2017-07-14,0.125,0.125,0.125,0.125,0
2017-07-17,0.12999999523162842,0.12999999523162842,0.12999999523162842,0.12999999523162842,400
2017-07-18,0.12999999523162842,0.12999999523162842,0.12999999523162842,0.12999999523162842,0
2017-07-19,0.12999999523162842,0.12999999523162842,0.12999999523162842,0.12999999523162842,0
2017-07-20,0.14499999582767487,0.14499999582767487,0.13500000536441803,0.14000000059604645,96046
2017-07-21,0.15000000596046448,0.15000000596046448,0.14499999582767487,0.14499999582767487,55000
2017-07-24,0.1599999964237213,0.1599999964237213,0.14000000059604645,0.14100000262260437,20100
2017-07-25,0.1599999964237213,0.1599999964237213,0.1599999964237213,0.1599999964237213,7000
2017-07-26,0.1509999930858612,0.1509999930858612,0.1509999930858612,0.1509999930858612,250
2017-07-27,0.1550000011920929,0.1550000011920929,0.1550000011920929,0.1550000011920929,1220
2017-07-28,0.1679999977350235,0.1679999977350235,0.15000000596046448,0.1599999964237213,27000
2017-07-31,0.15700000524520874,0.17000000178813934,0.15700000524520874,0.17000000178813934,9000
2017-08-01,0.1599999964237213,0.1599999964237213,0.1599999964237213,0.1599999964237213,18000
2017-08-02,0.17000000178813934,0.17000000178813934,0.15199999511241913,0.15700000524520874,20000
2017-08-03,0.15700000524520874,0.15700000524520874,0.15700000524520874,0.15700000524520874,10000
2017-08-04,0.15700000524520874,0.15700000524520874,0.15700000524520874,0.15700000524520874,0
2017-08-07,0.15700000524520874,0.15700000524520874,0.15700000524520874,0.15700000524520874,0
2017-08-08,0.14499999582767487,0.14499999582767487,0.14499999582767487,0.14499999582767487,3000
2017-08-09,0.14499999582767487,0.14499999582767487,0.14499999582767487,0.14499999582767487,0
2017-08-10,0.1599999964237213,0.1599999964237213,0.1599999964237213,0.1599999964237213,3500
2017-08-11,0.1599999964237213,0.1599999964237213,0.1599999964237213,0.1599999964237213,0
2017-08-14,0.1599999964237213,0.1599999964237213,0.14499999582767487,0.14499999582767487,12041
2017-08-15,0.17000000178813934,0.17000000178813934,0.14499999582767487,0.14499999582767487,2856
2017-08-16,0.17000000178813934,0.17000000178813934,0.17000000178813934,0.17000000178813934,0
2017-08-17,0.17000000178813934,0.17000000178813934,0.17000000178813934,0.17000000178813934,0
2017-08-18,0.17000000178813934,0.17000000178813934,0.17000000178813934,0.17000000178813934,0
2017-08-21,0.14499999582767487,0.14650000631809235,0.14499999582767487,0.14499999582767487,10200
2017-08-22,0.17000000178813934,0.17000000178813934,0.1599999964237213,0.1599999964237213,134028
2017-08-23,0.16500000655651093,0.16500000655651093,0.1599999964237213,0.1599999964237213,15000
2017-08-24,0.15000000596046448,0.15000000596046448,0.15000000596046448,0.15000000596046448,10000
2017-08-25,0.17000000178813934,0.17000000178813934,0.14499999582767487,0.15000000596046448,40000
2017-08-28,0.1501999944448471,0.1501999944448471,0.1501999944448471,0.1501999944448471,1500
2017-08-29,0.1501999944448471,0.1501999944448471,0.1501999944448471,0.1501999944448471,0
2017-08-30,0.1501999944448471,0.1501999944448471,0.1501999944448471,0.1501999944448471,0
2017-08-31,0.14499999582767487,0.1599999964237213,0.14499999582767487,0.1599999964237213,24700
2017-09-01,0.17000000178813934,0.17125000059604645,0.17000000178813934,0.17000000178813934,190000
2017-09-05,0.1421000063419342,0.14499999582767487,0.1420000046491623,0.14499999582767487,18210
2017-09-06,0.16850000619888306,0.16949999332427979,0.14399999380111694,0.16949999332427979,17001
2017-09-07,0.15725000202655792,0.15725000202655792,0.15725000202655792,0.15725000202655792,1300
2017-09-08,0.15725000202655792,0.15725000202655792,0.15725000202655792,0.15725000202655792,0
2017-09-11,0.15725000202655792,0.15725000202655792,0.15725000202655792,0.15725000202655792,0
2017-09-12,0.15725000202655792,0.15725000202655792,0.15725000202655792,0.15725000202655792,0
2017-09-13,0.15725000202655792,0.15725000202655792,0.15725000202655792,0.15725000202655792,0
2017-09-14,0.15725000202655792,0.15725000202655792,0.15725000202655792,0.15725000202655792,0
2017-09-15,0.17219999432563782,0.17219999432563782,0.15424999594688416,0.15424999594688416,43930
2017-09-18,0.17100000381469727,0.17100000381469727,0.17100000381469727,0.17100000381469727,5000
2017-09-19,0.17100000381469727,0.17100000381469727,0.17100000381469727,0.17100000381469727,0
2017-09-20,0.17100000381469727,0.17100000381469727,0.17100000381469727,0.17100000381469727,0
2017-09-21,0.17100000381469727,0.17100000381469727,0.17100000381469727,0.17100000381469727,0
2017-09-22,0.1599999964237213,0.1599999964237213,0.1599999964237213,0.1599999964237213,4800
2017-09-25,0.1599999964237213,0.1599999964237213,0.1599999964237213,0.1599999964237213,0
2017-09-26,0.16500000655651093,0.16500000655651093,0.1599999964237213,0.1599999964237213,14000
2017-09-27,0.16850000619888306,0.17000000178813934,0.15000000596046448,0.15000000596046448,36000
2017-09-28,0.16500000655651093,0.16500000655651093,0.16500000655651093,0.16500000655651093,2321
2017-09-29,0.17000000178813934,0.17000000178813934,0.17000000178813934,0.17000000178813934,5000
2017-10-02,0.17000000178813934,0.17000000178813934,0.17000000178813934,0.17000000178813934,15000
2017-10-03,0.1550000011920929,0.1599999964237213,0.1525000035762787,0.1550000011920929,42525
2017-10-04,0.1599999964237213,0.1599999964237213,0.1525000035762787,0.1525000035762787,71058
2017-10-05,0.1599999964237213,0.1599999964237213,0.1509999930858612,0.1509999930858612,32542
2017-10-06,0.1599999964237213,0.1599999964237213,0.1599999964237213,0.1599999964237213,6000
2017-10-09,0.15000000596046448,0.1599999964237213,0.14990000426769257,0.1599999964237213,70000
2017-10-10,0.15000000596046448,0.15000000596046448,0.15000000596046448,0.15000000596046448,0
2017-10-11,0.15000000596046448,0.15000000596046448,0.15000000596046448,0.15000000596046448,0
2017-10-12,0.15000000596046448,0.15000000596046448,0.15000000596046448,0.15000000596046448,0
2017-10-13,0.1679999977350235,0.16990000009536743,0.15000000596046448,0.15000000596046448,44889
2017-10-16,0.1679999977350235,0.1679999977350235,0.1679999977350235,0.1679999977350235,4000
2017-10-17,0.1679999977350235,0.1679999977350235,0.1679999977350235,0.1679999977350235,0
2017-10-18,0.1679999977350235,0.1679999977350235,0.1679999977350235,0.1679999977350235,0
2017-10-19,0.16699999570846558,0.16699999570846558,0.16699999570846558,0.16699999570846558,225
2017-10-20,0.16500000655651093,0.16500000655651093,0.16500000655651093,0.16500000655651093,4500
2017-10-23,0.16500000655651093,0.16500000655651093,0.16500000655651093,0.16500000655651093,0
2017-10-24,0.16500000655651093,0.16500000655651093,0.16500000655651093,0.16500000655651093,0
2017-10-25,0.16300000250339508,0.16300000250339508,0.16300000250339508,0.16300000250339508,5000
2017-10-26,0.1550000011920929,0.1599999964237213,0.1550000011920929,0.1599999964237213,20000
2017-10-27,0.1550000011920929,0.1550000011920929,0.1550000011920929,0.1550000011920929,0
2017-10-30,0.1550000011920929,0.1550000011920929,0.1550000011920929,0.1550000011920929,0
2017-10-31,0.1551000028848648,0.1574999988079071,0.1550000011920929,0.1574999988079071,20000
2017-11-01,0.15199999511241913,0.15199999511241913,0.15199999511241913,0.15199999511241913,25000
2017-11-02,0.1589999943971634,0.1589999943971634,0.1589999943971634,0.1589999943971634,100
2017-11-03,0.1500999927520752,0.15199999511241913,0.15000000596046448,0.15199999511241913,39300
2017-11-06,0.14499999582767487,0.14509999752044678,0.14499999582767487,0.14509999752044678,30000
2017-11-07,0.14499999582767487,0.14499999582767487,0.14499999582767487,0.14499999582767487,0
2017-11-08,0.1589999943971634,0.1589999943971634,0.14949999749660492,0.14949999749660492,15075
2017-11-09,0.1589999943971634,0.1589999943971634,0.1589999943971634,0.1589999943971634,0
2017-11-10,0.15000000596046448,0.15000000596046448,0.15000000596046448,0.15000000596046448,1250
2017-11-13,0.15000000596046448,0.15000000596046448,0.15000000596046448,0.15000000596046448,625
2017-11-14,0.14499999582767487,0.15449999272823334,0.14499999582767487,0.15000000596046448,25000
2017-11-15,0.14900000393390656,0.14900000393390656,0.12999999523162842,0.12999999523162842,30000
2017-11-16,0.13750000298023224,0.13750000298023224,0.12999999523162842,0.12999999523162842,2900
2017-11-17,0.1550000011920929,0.1550000011920929,0.14499999582767487,0.14499999582767487,46750
2017-11-20,0.1550000011920929,0.1550000011920929,0.1550000011920929,0.1550000011920929,0
2017-11-21,0.1550000011920929,0.1550000011920929,0.1550000011920929,0.1550000011920929,0
2017-11-22,0.1550000011920929,0.1550000011920929,0.1550000011920929,0.1550000011920929,0
2017-11-24,0.1550000011920929,0.1550000011920929,0.1550000011920929,0.1550000011920929,0
2017-11-27,0.14499999582767487,0.14499999582767487,0.13875000178813934,0.14000000059604645,60400
2017-11-28,0.14000000059604645,0.14000000059604645,0.14000000059604645,0.14000000059604645,30000
2017-11-29,0.15000000596046448,0.15000000596046448,0.14499999582767487,0.14499999582767487,40507
2017-11-30,0.1525000035762787,0.1525000035762787,0.15000000596046448,0.15000000596046448,15000
2017-12-01,0.1525000035762787,0.1525000035762787,0.1525000035762787,0.1525000035762787,0
2017-12-04,0.1525000035762787,0.1525000035762787,0.1525000035762787,0.1525000035762787,0
2017-12-05,0.1525000035762787,0.1525000035762787,0.1525000035762787,0.1525000035762787,0
2017-12-06,0.15199999511241913,0.15199999511241913,0.13099999725818634,0.13500000536441803,74880
2017-12-07,0.15199999511241913,0.15199999511241913,0.15199999511241913,0.15199999511241913,0
2017-12-08,0.13259999454021454,0.13259999454021454,0.13259999454021454,0.13259999454021454,500
2017-12-11,0.12999999523162842,0.13249999284744263,0.12999999523162842,0.13249999284744263,55758
2017-12-12,0.1509999930858612,0.1509999930858612,0.11500000208616257,0.11999999731779099,103466
2017-12-13,0.15000000596046448,0.15000000596046448,0.10199999809265137,0.11999999731779099,20500
2017-12-14,0.15000000596046448,0.15000000596046448,0.15000000596046448,0.15000000596046448,0
2017-12-15,0.15000000596046448,0.15000000596046448,0.15000000596046448,0.15000000596046448,0
2017-12-18,0.15000000596046448,0.15000000596046448,0.15000000596046448,0.15000000596046448,0
2017-12-19,0.13300000131130219,0.13300000131130219,0.13300000131130219,0.13300000131130219,667
2017-12-20,0.13300000131130219,0.13300000131130219,0.13300000131130219,0.13300000131130219,0
2017-12-21,0.13300000131130219,0.13300000131130219,0.13300000131130219,0.13300000131130219,0
2017-12-22,0.10199999809265137,0.11999999731779099,0.10199999809265137,0.11999999731779099,10000
2017-12-26,0.14100000262260437,0.14100000262260437,0.11100000143051147,0.11100000143051147,600
2017-12-27,0.14100000262260437,0.14100000262260437,0.14100000262260437,0.14100000262260437,0
2017-12-28,0.14100000262260437,0.14100000262260437,0.14100000262260437,0.14100000262260437,0
2017-12-29,0.14100000262260437,0.14100000262260437,0.11999999731779099,0.11999999731779099,750
2018-01-02,0.11999999731779099,0.12200000137090683,0.11999999731779099,0.12200000137090683,20000
2018-01-03,0.13099999725818634,0.13099999725818634,0.07999999821186066,0.10300000011920929,11000
2018-01-04,0.11999999731779099,0.11999999731779099,0.11999999731779099,0.11999999731779099,9200
2018-01-05,0.11999999731779099,0.11999999731779099,0.11999999731779099,0.11999999731779099,0
2018-01-08,0.11999999731779099,0.11999999731779099,0.11999999731779099,0.11999999731779099,0
2018-01-09,0.11999999731779099,0.11999999731779099,0.11999999731779099,0.11999999731779099,5000
2018-01-10,0.11999999731779099,0.11999999731779099,0.11999999731779099,0.11999999731779099,0
2018-01-11,0.10999999940395355,0.12999999523162842,0.10999999940395355,0.11400000005960464,81441
2018-01-12,0.11999999731779099,0.11999999731779099,0.10499999672174454,0.10499999672174454,40300
2018-01-16,0.11999999731779099,0.11999999731779099,0.11999999731779099,0.11999999731779099,0
2018-01-17,0.11999999731779099,0.11999999731779099,0.11999999731779099,0.11999999731779099,0
2018-01-18,0.10000000149011612,0.10000000149011612,0.10000000149011612,0.10000000149011612,5000
2018-01-19,0.10000000149011612,0.10000000149011612,0.10000000149011612,0.10000000149011612,0
2018-01-22,0.10000000149011612,0.10000000149011612,0.10000000149011612,0.10000000149011612,100
2018-01-23,0.10000000149011612,0.10019999742507935,0.0925000011920929,0.0925000011920929,150400
2018-01-24,0.11999999731779099,0.11999999731779099,0.08500000089406967,0.08500000089406967,9250
2018-01-25,0.08500000089406967,0.08500000089406967,0.08500000089406967,0.08500000089406967,4000
2018-01-26,0.10000000149011612,0.10000000149011612,0.10000000149011612,0.10000000149011612,5000
2018-01-29,0.10000000149011612,0.10000000149011612,0.10000000149011612,0.10000000149011612,0
2018-01-30,0.10000000149011612,0.10000000149011612,0.10000000149011612,0.10000000149011612,5000
2018-01-31,0.11800000071525574,0.11800000071525574,0.08500000089406967,0.10000000149011612,61239
2018-02-01,0.10249999910593033,0.10249999910593033,0.10249999910593033,0.10249999910593033,500
2018-02-02,0.10000000149011612,0.10000000149011612,0.0925000011920929,0.0925000011920929,64125
2018-02-05,0.07999999821186066,0.08500000089406967,0.07999999821186066,0.08500000089406967,67111
2018-02-06,0.07999999821186066,0.07999999821186066,0.05000000074505806,0.05000000074505806,93223
2018-02-07,0.05999999865889549,0.07999999821186066,0.050999999046325684,0.07000000029802322,181300
2018-02-08,0.07999999821186066,0.07999999821186066,0.07800000160932541,0.07800000160932541,100000
2018-02-09,0.05999999865889549,0.060499999672174454,0.05999999865889549,0.060499999672174454,77000
2018-02-12,0.05999999865889549,0.05999999865889549,0.05999999865889549,0.05999999865889549,0
2018-02-13,0.05999999865889549,0.05999999865889549,0.05999999865889549,0.05999999865889549,0
2018-02-14,0.09600000083446503,0.0989999994635582,0.08799999952316284,0.08900000154972076,60000
2018-02-15,0.09600000083446503,0.09600000083446503,0.09600000083446503,0.09600000083446503,0
2018-02-16,0.07020000368356705,0.08259999752044678,0.07020000368356705,0.08259999752044678,35000
2018-02-20,0.07500000298023224,0.08250000327825546,0.07500000298023224,0.08250000327825546,31600
2018-02-21,0.07500000298023224,0.07500000298023224,0.07500000298023224,0.07500000298023224,20000
2018-02-22,0.07500000298023224,0.07500000298023224,0.07500000298023224,0.07500000298023224,0
2018-02-23,0.07500000298023224,0.07500000298023224,0.07500000298023224,0.07500000298023224,0
2018-02-26,0.07500000298023224,0.07500000298023224,0.07500000298023224,0.07500000298023224,0
2018-02-27,0.07020000368356705,0.07020000368356705,0.07020000368356705,0.07020000368356705,1160
2018-02-28,0.07020000368356705,0.07020000368356705,0.07020000368356705,0.07020000368356705,0
2018-03-01,0.07020000368356705,0.07020000368356705,0.07020000368356705,0.07020000368356705,0
2018-03-02,0.0949999988079071,0.0949999988079071,0.09000000357627869,0.09000000357627869,30000
2018-03-05,0.07569999992847443,0.07569999992847443,0.07569999992847443,0.07569999992847443,2500
2018-03-06,0.07569999992847443,0.07569999992847443,0.07569999992847443,0.07569999992847443,0
2018-03-07,0.07569999992847443,0.07569999992847443,0.07569999992847443,0.07569999992847443,0
2018-03-08,0.07569999992847443,0.07569999992847443,0.07569999992847443,0.07569999992847443,0
2018-03-09,0.07999999821186066,0.07999999821186066,0.07999999821186066,0.07999999821186066,22000
2018-03-12,0.07500000298023224,0.08100000023841858,0.07500000298023224,0.08100000023841858,65380
2018-03-13,0.08399999886751175,0.08399999886751175,0.08399999886751175,0.08399999886751175,405
2018-03-14,0.08399999886751175,0.08399999886751175,0.08399999886751175,0.08399999886751175,1000
2018-03-15,0.07999999821186066,0.07999999821186066,0.07999999821186066,0.07999999821186066,10500
2018-03-16,0.07999999821186066,0.07999999821186066,0.07999999821186066,0.07999999821186066,0
2018-03-19,0.0820000022649765,0.0820000022649765,0.0820000022649765,0.0820000022649765,300
2018-03-20,0.0820000022649765,0.0820000022649765,0.0820000022649765,0.0820000022649765,0
2018-03-21,0.08399999886751175,0.08399999886751175,0.08380000293254852,0.08380000293254852,10000
2018-03-22,0.07999999821186066,0.07999999821186066,0.07999999821186066,0.07999999821186066,200
2018-03-23,0.07999999821186066,0.07999999821186066,0.07999999821186066,0.07999999821186066,175
2018-03-26,0.0949999988079071,0.0949999988079071,0.08150000125169754,0.08150000125169754,2171
2018-03-27,0.0949999988079071,0.0949999988079071,0.0949999988079071,0.0949999988079071,0
2018-03-28,0.0949999988079071,0.0949999988079071,0.0949999988079071,0.0949999988079071,0
2018-03-29,0.0949999988079071,0.0949999988079071,0.0949999988079071,0.0949999988079071,0
2018-04-02,0.0949999988079071,0.0949999988079071,0.0949999988079071,0.0949999988079071,0
2018-04-03,0.0949999988079071,0.0949999988079071,0.0949999988079071,0.0949999988079071,0
2018-04-04,0.0949999988079071,0.0949999988079071,0.0949999988079071,0.0949999988079071,0
2018-04-05,0.0949999988079071,0.0949999988079071,0.0949999988079071,0.0949999988079071,0
2018-04-06,0.0949999988079071,0.0949999988079071,0.07999999821186066,0.07999999821186066,3250
2018-04-09,0.0949999988079071,0.0949999988079071,0.0949999988079071,0.0949999988079071,0
2018-04-10,0.07999999821186066,0.07999999821186066,0.07999999821186066,0.07999999821186066,553
2018-04-11,0.07999999821186066,0.07999999821186066,0.07999999821186066,0.07999999821186066,0
2018-04-12,0.07999999821186066,0.07999999821186066,0.07999999821186066,0.07999999821186066,0
2018-04-13,0.07999999821186066,0.07999999821186066,0.07999999821186066,0.07999999821186066,0
2018-04-16,0.07999999821186066,0.07999999821186066,0.07999999821186066,0.07999999821186066,0
2018-04-17,0.07999999821186066,0.07999999821186066,0.07999999821186066,0.07999999821186066,0
2018-04-18,0.07999999821186066,0.07999999821186066,0.07999999821186066,0.07999999821186066,0
2018-04-19,0.07999999821186066,0.07999999821186066,0.07999999821186066,0.07999999821186066,0
2018-04-20,0.07999999821186066,0.07999999821186066,0.07999999821186066,0.07999999821186066,0
2018-04-23,0.07999999821186066,0.07999999821186066,0.07999999821186066,0.07999999821186066,0
2018-04-24,0.07999999821186066,0.07999999821186066,0.07999999821186066,0.07999999821186066,0
2018-04-25,0.07999999821186066,0.07999999821186066,0.07999999821186066,0.07999999821186066,0
2018-04-26,0.07999999821186066,0.07999999821186066,0.07999999821186066,0.07999999821186066,0
2018-04-27,0.07999999821186066,0.07999999821186066,0.07999999821186066,0.07999999821186066,1000
2018-04-30,0.07999999821186066,0.07999999821186066,0.07999999821186066,0.07999999821186066,600
2018-05-01,0.07999999821186066,0.07999999821186066,0.07999999821186066,0.07999999821186066,0
2018-05-02,0.07999999821186066,0.07999999821186066,0.07999999821186066,0.07999999821186066,0
2018-05-03,0.07999999821186066,0.07999999821186066,0.07999999821186066,0.07999999821186066,0
2018-05-04,0.07999999821186066,0.07999999821186066,0.07999999821186066,0.07999999821186066,0
2018-05-07,0.07999999821186066,0.07999999821186066,0.07999999821186066,0.07999999821186066,0
2018-05-08,0.07999999821186066,0.07999999821186066,0.07999999821186066,0.07999999821186066,0
2018-05-09,0.07999999821186066,0.07999999821186066,0.07999999821186066,0.07999999821186066,0
2018-05-10,0.09000000357627869,0.0925000011920929,0.09000000357627869,0.09000000357627869,15002
2018-05-11,0.10000000149011612,0.10000000149011612,0.0949999988079071,0.0949999988079071,77500
2018-05-14,0.10999999940395355,0.15800000727176666,0.10000000149011612,0.10000000149011612,100600
2018-05-15,0.11999999731779099,0.12300000339746475,0.11999999731779099,0.11999999731779099,45000
2018-05-16,0.11999999731779099,0.11999999731779099,0.10499999672174454,0.11999999731779099,100000
2018-05-17,0.11999999731779099,0.11999999731779099,0.11999999731779099,0.11999999731779099,0
2018-05-18,0.11500000208616257,0.11500000208616257,0.11500000208616257,0.11500000208616257,500
2018-05-21,0.11500000208616257,0.11500000208616257,0.11500000208616257,0.11500000208616257,0
2018-05-22,0.11500000208616257,0.11500000208616257,0.11500000208616257,0.11500000208616257,6000
2018-05-23,0.11500000208616257,0.11500000208616257,0.11500000208616257,0.11500000208616257,0
2018-05-24,0.11500000208616257,0.11500000208616257,0.11500000208616257,0.11500000208616257,0
2018-05-25,0.11500000208616257,0.11500000208616257,0.11500000208616257,0.11500000208616257,0
2018-05-29,0.11500000208616257,0.11500000208616257,0.11500000208616257,0.11500000208616257,0
2018-05-30,0.11500000208616257,0.11500000208616257,0.11500000208616257,0.11500000208616257,0
2018-05-31,0.11500000208616257,0.11500000208616257,0.11500000208616257,0.11500000208616257,0
2018-06-01,0.11500000208616257,0.11500000208616257,0.11500000208616257,0.11500000208616257,0
2018-06-04,0.10750000178813934,0.11999999731779099,0.10750000178813934,0.10999999940395355,17200
2018-06-05,0.10750000178813934,0.10750000178813934,0.10750000178813934,0.10750000178813934,0
2018-06-06,0.10750000178813934,0.10750000178813934,0.10750000178813934,0.10750000178813934,0
2018-06-07,0.10750000178813934,0.10750000178813934,0.10750000178813934,0.10750000178813934,0
2018-06-08,0.10999999940395355,0.10999999940395355,0.10999999940395355,0.10999999940395355,10398
2018-06-11,0.10999999940395355,0.10999999940395355,0.10999999940395355,0.10999999940395355,0
2018-06-12,0.10999999940395355,0.10999999940395355,0.10999999940395355,0.10999999940395355,0
2018-06-13,0.12999999523162842,0.12999999523162842,0.12999999523162842,0.12999999523162842,38000
2018-06-14,0.12999999523162842,0.12999999523162842,0.12999999523162842,0.12999999523162842,0
2018-06-15,0.12999999523162842,0.12999999523162842,0.12999999523162842,0.12999999523162842,0
2018-06-18,0.14499999582767487,0.15000000596046448,0.1274999976158142,0.12999999523162842,63976
2018-06-19,0.15000000596046448,0.1550000011920929,0.14499999582767487,0.14949999749660492,96990
2018-06-20,0.14000000059604645,0.1599999964237213,0.14000000059604645,0.1599999964237213,11100
2018-06-21,0.14000000059604645,0.14000000059604645,0.14000000059604645,0.14000000059604645,330
2018-06-22,0.11999999731779099,0.14000000059604645,0.11999999731779099,0.14000000059604645,14200
2018-06-25,0.11999999731779099,0.11999999731779099,0.11999999731779099,0.11999999731779099,0
2018-06-26,0.11999999731779099,0.14550000429153442,0.11999999731779099,0.13774999976158142,31268
2018-06-27,0.10999999940395355,0.12999999523162842,0.10999999940395355,0.11999999731779099,36443
2018-06-28,0.10999999940395355,0.10999999940395355,0.10999999940395355,0.10999999940395355,0
2018-06-29,0.1354999989271164,0.1354999989271164,0.1277499943971634,0.1277499943971634,6200
2018-07-02,0.1354999989271164,0.1354999989271164,0.1354999989271164,0.1354999989271164,0
2018-07-03,0.1354999989271164,0.1354999989271164,0.1354999989271164,0.1354999989271164,0
2018-07-05,0.1354999989271164,0.1354999989271164,0.1354999989271164,0.1354999989271164,0
2018-07-06,0.1354999989271164,0.1354999989271164,0.1354999989271164,0.1354999989271164,30000
2018-07-09,0.1354999989271164,0.1354999989271164,0.132750004529953,0.132750004529953,4284
2018-07-10,0.14800000190734863,0.14800000190734863,0.1354999989271164,0.1354999989271164,39500
2018-07-11,0.14949999749660492,0.14949999749660492,0.14000000059604645,0.14000000059604645,13100
2018-07-12,0.14749999344348907,0.14749999344348907,0.14499999582767487,0.14499999582767487,10000
2018-07-13,0.15000000596046448,0.15000000596046448,0.15000000596046448,0.15000000596046448,23000
2018-07-16,0.15000000596046448,0.15000000596046448,0.15000000596046448,0.15000000596046448,0
2018-07-17,0.12999999523162842,0.14499999582767487,0.12999999523162842,0.14499999582767487,54000
2018-07-18,0.12999999523162842,0.12999999523162842,0.12999999523162842,0.12999999523162842,0
2018-07-19,0.14000000059604645,0.14000000059604645,0.14000000059604645,0.14000000059604645,5000
2018-07-20,0.14000000059604645,0.14000000059604645,0.14000000059604645,0.14000000059604645,0
2018-07-23,0.15389999747276306,0.15389999747276306,0.08100000023841858,0.14000000059604645,12300
2018-07-24,0.13750000298023224,0.13750000298023224,0.11540000140666962,0.125,16737
2018-07-25,0.12999999523162842,0.12999999523162842,0.12999999523162842,0.12999999523162842,10000
2018-07-26,0.1274999976158142,0.1274999976158142,0.11559999734163284,0.11559999734163284,10500
2018-07-27,0.1274999976158142,0.1274999976158142,0.1274999976158142,0.1274999976158142,0
2018-07-30,0.12049999833106995,0.14499999582767487,0.12049999833106995,0.13500000536441803,15000
2018-07-31,0.12999999523162842,0.12999999523162842,0.12999999523162842,0.12999999523162842,300
2018-08-01,0.12999999523162842,0.15000000596046448,0.12999999523162842,0.14499999582767487,25000
2018-08-02,0.14499999582767487,0.14499999582767487,0.14000000059604645,0.14000000059604645,10575
2018-08-03,0.14000000059604645,0.14249999821186066,0.14000000059604645,0.14249999821186066,10000
2018-08-06,0.11999999731779099,0.11999999731779099,0.11999999731779099,0.11999999731779099,5000
2018-08-07,0.11999999731779099,0.11999999731779099,0.11999999731779099,0.11999999731779099,0
2018-08-08,0.11999999731779099,0.11999999731779099,0.11999999731779099,0.11999999731779099,18013
2018-08-09,0.11999999731779099,0.11999999731779099,0.11999999731779099,0.11999999731779099,0
2018-08-10,0.11999999731779099,0.11999999731779099,0.11999999731779099,0.11999999731779099,0
2018-08-13,0.11999999731779099,0.11999999731779099,0.11999999731779099,0.11999999731779099,0
2018-08-14,0.11999999731779099,0.11999999731779099,0.11999999731779099,0.11999999731779099,0
2018-08-15,0.11999999731779099,0.11999999731779099,0.11999999731779099,0.11999999731779099,0
2018-08-16,0.12999999523162842,0.12999999523162842,0.12999999523162842,0.12999999523162842,5000
2018-08-17,0.12999999523162842,0.1379999965429306,0.12999999523162842,0.13500000536441803,25300
2018-08-20,0.12999999523162842,0.13500000536441803,0.12999999523162842,0.13500000536441803,3400
2018-08-21,0.13500000536441803,0.13500000536441803,0.13500000536441803,0.13500000536441803,3000
2018-08-22,0.11999999731779099,0.13500000536441803,0.11999999731779099,0.13500000536441803,7000
2018-08-23,0.11999999731779099,0.13449999690055847,0.11999999731779099,0.13449999690055847,22083
2018-08-24,0.11999999731779099,0.11999999731779099,0.11999999731779099,0.11999999731779099,0
2018-08-27,0.11574999988079071,0.11999999731779099,0.11574999988079071,0.11999999731779099,10000
2018-08-28,0.12099999934434891,0.12099999934434891,0.12099999934434891,0.12099999934434891,4650
2018-08-29,0.125,0.125,0.11500000208616257,0.12139999866485596,80524
2018-08-30,0.12729999423027039,0.12780000269412994,0.12389999628067017,0.125,31000
2018-08-31,0.12729999423027039,0.12729999423027039,0.12729999423027039,0.12729999423027039,0
2018-09-04,0.12729999423027039,0.12729999423027039,0.12729999423027039,0.12729999423027039,0
2018-09-05,0.11999999731779099,0.125,0.11999999731779099,0.125,15000
2018-09-06,0.11999999731779099,0.11999999731779099,0.11999999731779099,0.11999999731779099,5000
2018-09-07,0.10999999940395355,0.11999999731779099,0.10999999940395355,0.11999999731779099,40000
2018-09-10,0.10000000149011612,0.10499999672174454,0.10000000149011612,0.10499999672174454,57500
2018-09-11,0.09009999781847,0.0997999981045723,0.09000000357627869,0.09510000050067902,147380
2018-09-12,0.09000000357627869,0.09009999781847,0.09000000357627869,0.09009999781847,108500
2018-09-13,0.08500000089406967,0.0925000011920929,0.08500000089406967,0.0925000011920929,30000
2018-09-14,0.08500000089406967,0.08500000089406967,0.08500000089406967,0.08500000089406967,0
2018-09-17,0.08500000089406967,0.08500000089406967,0.08500000089406967,0.08500000089406967,0
2018-09-18,0.07000000029802322,0.07999999821186066,0.07000000029802322,0.07999999821186066,139801
2018-09-19,0.07000000029802322,0.07000000029802322,0.07000000029802322,0.07000000029802322,0
2018-09-20,0.07000000029802322,0.07000000029802322,0.07000000029802322,0.07000000029802322,0
2018-09-21,0.07000000029802322,0.07000000029802322,0.07000000029802322,0.07000000029802322,0
2018-09-24,0.07000000029802322,0.07000000029802322,0.07000000029802322,0.07000000029802322,20000
2018-09-25,0.07000000029802322,0.07000000029802322,0.07000000029802322,0.07000000029802322,0
2018-09-26,0.07000000029802322,0.07000000029802322,0.07000000029802322,0.07000000029802322,0
2018-09-27,0.06499999761581421,0.06499999761581421,0.06499999761581421,0.06499999761581421,20500
2018-09-28,0.06499999761581421,0.06499999761581421,0.06499999761581421,0.06499999761581421,0
2018-10-01,0.06499999761581421,0.06499999761581421,0.06499999761581421,0.06499999761581421,0
2018-10-02,0.06499999761581421,0.06499999761581421,0.06499999761581421,0.06499999761581421,0
2018-10-03,0.06499999761581421,0.06499999761581421,0.06499999761581421,0.06499999761581421,0
2018-10-04,0.05999999865889549,0.05999999865889549,0.05999999865889549,0.05999999865889549,790
2018-10-05,0.05999999865889549,0.05999999865889549,0.05999999865889549,0.05999999865889549,54210
2018-10-08,0.05999999865889549,0.05999999865889549,0.05999999865889549,0.05999999865889549,0
2018-10-09,0.05999999865889549,0.05999999865889549,0.05999999865889549,0.05999999865889549,0
2018-10-10,0.05999999865889549,0.05999999865889549,0.05999999865889549,0.05999999865889549,25000
2018-10-11,0.05000000074505806,0.06575000286102295,0.05000000074505806,0.06575000286102295,158800
2018-10-12,0.05000000074505806,0.05000000074505806,0.04975000023841858,0.05000000074505806,371000
2018-10-15,0.05000000074505806,0.05000000074505806,0.05000000074505806,0.05000000074505806,0
2018-10-16,0.05000000074505806,0.05000000074505806,0.05000000074505806,0.05000000074505806,0
2018-10-17,0.05000000074505806,0.05000000074505806,0.05000000074505806,0.05000000074505806,0
2018-10-18,0.05000000074505806,0.05000000074505806,0.05000000074505806,0.05000000074505806,0
2018-10-19,0.05000000074505806,0.052000001072883606,0.05000000074505806,0.052000001072883606,36500
2018-10-22,0.05000000074505806,0.05000000074505806,0.05000000074505806,0.05000000074505806,10000
2018-10-23,0.05000000074505806,0.05000000074505806,0.05000000074505806,0.05000000074505806,0
2018-10-24,0.04399999976158142,0.045499999076128006,0.04399999976158142,0.045499999076128006,53500
2018-10-25,0.04399999976158142,0.04399999976158142,0.04399999976158142,0.04399999976158142,0
2018-10-26,0.041999999433755875,0.041999999433755875,0.041999999433755875,0.041999999433755875,8600
2018-10-29,0.041999999433755875,0.041999999433755875,0.041999999433755875,0.041999999433755875,0
2018-10-30,0.041999999433755875,0.041999999433755875,0.041999999433755875,0.041999999433755875,0
2018-10-31,0.054999999701976776,0.054999999701976776,0.054999999701976776,0.054999999701976776,11000
2018-11-01,0.07000000029802322,0.07000000029802322,0.06499999761581421,0.06499999761581421,65000
2018-11-02,0.07400000095367432,0.07400000095367432,0.07400000095367432,0.07400000095367432,1350
2018-11-05,0.07400000095367432,0.07500000298023224,0.07400000095367432,0.07500000298023224,21000
2018-11-06,0.07000000029802322,0.07000000029802322,0.07000000029802322,0.07000000029802322,250
2018-11-07,0.07000000029802322,0.07000000029802322,0.07000000029802322,0.07000000029802322,0
2018-11-08,0.07000000029802322,0.07000000029802322,0.07000000029802322,0.07000000029802322,22400
2018-11-09,0.07000000029802322,0.07000000029802322,0.07000000029802322,0.07000000029802322,0
2018-11-12,0.07000000029802322,0.07000000029802322,0.07000000029802322,0.07000000029802322,0
2018-11-13,0.07000000029802322,0.07500000298023224,0.07000000029802322,0.07500000298023224,40000
2018-11-14,0.07000000029802322,0.07000000029802322,0.07000000029802322,0.07000000029802322,0
2018-11-15,0.07000000029802322,0.07000000029802322,0.07000000029802322,0.07000000029802322,0
2018-11-16,0.07000000029802322,0.07000000029802322,0.07000000029802322,0.07000000029802322,0
2018-11-19,0.07000000029802322,0.07000000029802322,0.07000000029802322,0.07000000029802322,0
2018-11-20,0.07000000029802322,0.07000000029802322,0.07000000029802322,0.07000000029802322,0
2018-11-21,0.07000000029802322,0.07000000029802322,0.07000000029802322,0.07000000029802322,0
2018-11-23,0.07000000029802322,0.07000000029802322,0.07000000029802322,0.07000000029802322,0
2018-11-26,0.07000000029802322,0.07000000029802322,0.07000000029802322,0.07000000029802322,0
2018-11-27,0.07000000029802322,0.07000000029802322,0.07000000029802322,0.07000000029802322,0
2018-11-28,0.07000000029802322,0.07000000029802322,0.07000000029802322,0.07000000029802322,0
2018-11-29,0.07000000029802322,0.07000000029802322,0.07000000029802322,0.07000000029802322,0
2018-11-30,0.07000000029802322,0.07000000029802322,0.07000000029802322,0.07000000029802322,0
2018-12-03,0.06499999761581421,0.07175000011920929,0.06499999761581421,0.07175000011920929,81000
2018-12-04,0.07199999690055847,0.07400000095367432,0.05999999865889549,0.06939999759197235,65500
2018-12-06,0.07400000095367432,0.07400000095367432,0.07199999690055847,0.07199999690055847,45850
2018-12-07,0.09000000357627869,0.09000000357627869,0.07400000095367432,0.07400000095367432,111000
2018-12-10,0.08500000089406967,0.08500000089406967,0.08500000089406967,0.08500000089406967,1400
2018-12-11,0.08500000089406967,0.08500000089406967,0.08500000089406967,0.08500000089406967,0
2018-12-12,0.08500000089406967,0.0885000005364418,0.08500000089406967,0.0885000005364418,20000
2018-12-13,0.08500000089406967,0.08500000089406967,0.08500000089406967,0.08500000089406967,0
2018-12-14,0.08500000089406967,0.08500000089406967,0.08500000089406967,0.08500000089406967,5000
2018-12-17,0.08500000089406967,0.08500000089406967,0.08500000089406967,0.08500000089406967,3400
2018-12-18,0.0949999988079071,0.0949999988079071,0.08500000089406967,0.08500000089406967,21250
2018-12-19,0.08500000089406967,0.09000000357627869,0.08500000089406967,0.09000000357627869,20725
2018-12-20,0.08500000089406967,0.08500000089406967,0.08500000089406967,0.08500000089406967,0
2018-12-21,0.09000000357627869,0.09000000357627869,0.08500000089406967,0.09000000357627869,14000
2018-12-24,0.09000000357627869,0.09000000357627869,0.09000000357627869,0.09000000357627869,0
2018-12-26,0.09000000357627869,0.09000000357627869,0.09000000357627869,0.09000000357627869,0
2018-12-27,0.09925000369548798,0.09925000369548798,0.0949999988079071,0.0949999988079071,10555
2018-12-28,0.10000000149011612,0.10499999672174454,0.09000000357627869,0.09000000357627869,59619
2018-12-31,0.1298999935388565,0.15600000321865082,0.10499999672174454,0.10499999672174454,145280
2019-01-02,0.14000000059604645,0.14890000224113464,0.14000000059604645,0.14890000224113464,2970
2019-01-03,0.14000000059604645,0.15000000596046448,0.14000000059604645,0.15000000596046448,10000
2019-01-04,0.14000000059604645,0.14000000059604645,0.12800000607967377,0.12800000607967377,3857
2019-01-07,0.12549999356269836,0.12800000607967377,0.11999999731779099,0.12800000607967377,61942
2019-01-08,0.12549999356269836,0.12549999356269836,0.12325000017881393,0.125,96420
2019-01-09,0.1252799928188324,0.12549999356269836,0.12325000017881393,0.12325000017881393,3800
2019-01-10,0.12549999356269836,0.12549999356269836,0.12549999356269836,0.12549999356269836,188
2019-01-11,0.1252799928188324,0.1252799928188324,0.1252799928188324,0.1252799928188324,400
2019-01-14,0.12122999876737595,0.12144999951124191,0.12122999876737595,0.12122999876737595,9000
2019-01-15,0.11699999868869781,0.12122999876737595,0.11699999868869781,0.12122999876737595,15000
2019-01-16,0.11072000116109848,0.11072000116109848,0.11072000116109848,0.11072000116109848,3265
2019-01-17,0.10999999940395355,0.1236800029873848,0.10999999940395355,0.1236800029873848,7000
2019-01-18,0.11072000116109848,0.11072000116109848,0.11072000116109848,0.11072000116109848,5000
2019-01-22,0.11999999731779099,0.11999999731779099,0.11999999731779099,0.11999999731779099,100000
2019-01-23,0.11999999731779099,0.11999999731779099,0.11999999731779099,0.11999999731779099,0
2019-01-24,0.11999999731779099,0.11999999731779099,0.11999999731779099,0.11999999731779099,0
2019-01-25,0.11999999731779099,0.11999999731779099,0.11999999731779099,0.11999999731779099,0
2019-01-28,0.11999999731779099,0.11999999731779099,0.11999999731779099,0.11999999731779099,0
2019-01-29,0.11999999731779099,0.11999999731779099,0.11999999731779099,0.11999999731779099,0
2019-01-30,0.11999999731779099,0.11999999731779099,0.061000000685453415,0.11500000208616257,15100
2019-01-31,0.11999999731779099,0.11999999731779099,0.11999999731779099,0.11999999731779099,0
2019-02-01,0.11999999731779099,0.11999999731779099,0.11999999731779099,0.11999999731779099,16000
2019-02-04,0.11999999731779099,0.11999999731779099,0.11999999731779099,0.11999999731779099,0
2019-02-05,0.10199999809265137,0.10999999940395355,0.10000000149011612,0.10999999940395355,22305
2019-02-06,0.10199999809265137,0.10199999809265137,0.10199999809265137,0.10199999809265137,0
2019-02-07,0.10199999809265137,0.10199999809265137,0.10199999809265137,0.10199999809265137,0
2019-02-08,0.10999999940395355,0.11500000208616257,0.10999999940395355,0.11500000208616257,10000
2019-02-11,0.10209999978542328,0.1054999977350235,0.10209999978542328,0.1054999977350235,10000
2019-02-12,0.10000000149011612,0.10199999809265137,0.10000000149011612,0.10199999809265137,50000
2019-02-13,0.10000000149011612,0.10000000149011612,0.10000000149011612,0.10000000149011612,0
2019-02-14,0.0989999994635582,0.0989999994635582,0.0989999994635582,0.0989999994635582,20000
2019-02-15,0.0989999994635582,0.0989999994635582,0.0989999994635582,0.0989999994635582,0
2019-02-19,0.0989999994635582,0.0989999994635582,0.0989999994635582,0.0989999994635582,0
2019-02-20,0.0989999994635582,0.0989999994635582,0.0989999994635582,0.0989999994635582,0
2019-02-21,0.0949999988079071,0.0949999988079071,0.0949999988079071,0.0949999988079071,700
2019-02-22,0.0949999988079071,0.0949999988079071,0.0949999988079071,0.0949999988079071,0
2019-02-25,0.09220000356435776,0.1010499969124794,0.09220000356435776,0.1010499969124794,12500
2019-02-26,0.10000000149011612,0.10000000149011612,0.09000000357627869,0.09510000050067902,90000
2019-02-27,0.09000000357627869,0.0949999988079071,0.09000000357627869,0.0949999988079071,90000
2019-02-28,0.07900000363588333,0.09375,0.07900000363588333,0.09375,31001
2019-03-01,0.07900000363588333,0.07900000363588333,0.07900000363588333,0.07900000363588333,0
2019-03-04,0.08500000089406967,0.08500000089406967,0.08500000089406967,0.08500000089406967,10000
2019-03-05,0.08500000089406967,0.08500000089406967,0.08500000089406967,0.08500000089406967,0
2019-03-06,0.08009999990463257,0.08250000327825546,0.08009999990463257,0.08250000327825546,8750
2019-03-07,0.09000000357627869,0.09000000357627869,0.07999999821186066,0.07999999821186066,888
2019-03-08,0.09000000357627869,0.09000000357627869,0.09000000357627869,0.09000000357627869,0
2019-03-11,0.09000000357627869,0.09000000357627869,0.09000000357627869,0.09000000357627869,5000
2019-03-12,0.09000000357627869,0.09000000357627869,0.09000000357627869,0.09000000357627869,25000
2019-03-13,0.09000000357627869,0.09000000357627869,0.09000000357627869,0.09000000357627869,10000
2019-03-14,0.09000000357627869,0.09000000357627869,0.07999999821186066,0.07999999821186066,27000
2019-03-15,0.09000000357627869,0.09000000357627869,0.09000000357627869,0.09000000357627869,0
2019-03-18,0.07999999821186066,0.07999999821186066,0.07999999821186066,0.07999999821186066,250
2019-03-19,0.09000000357627869,0.09000000357627869,0.09000000357627869,0.09000000357627869,10000
2019-03-20,0.09000000357627869,0.09000000357627869,0.09000000357627869,0.09000000357627869,0
2019-03-21,0.09000000357627869,0.09000000357627869,0.09000000357627869,0.09000000357627869,0
2019-03-22,0.09000000357627869,0.09000000357627869,0.09000000357627869,0.09000000357627869,6000
2019-03-25,0.08524999767541885,0.08524999767541885,0.08500000089406967,0.08500000089406967,14499
2019-03-26,0.08524999767541885,0.08524999767541885,0.08524999767541885,0.08524999767541885,0
2019-03-27,0.08500000089406967,0.08749999850988388,0.08500000089406967,0.08749999850988388,10000
2019-03-28,0.08500000089406967,0.08500000089406967,0.08500000089406967,0.08500000089406967,0
2019-03-29,0.09000000357627869,0.09000000357627869,0.09000000357627869,0.09000000357627869,33333
2019-04-01,0.08500000089406967,0.08500000089406967,0.08500000089406967,0.08500000089406967,400
2019-04-02,0.08500000089406967,0.08500000089406967,0.08500000089406967,0.08500000089406967,0
2019-04-03,0.08500000089406967,0.08500000089406967,0.08500000089406967,0.08500000089406967,0
2019-04-04,0.08500000089406967,0.08500000089406967,0.08500000089406967,0.08500000089406967,21187
2019-04-05,0.08500000089406967,0.08500000089406967,0.08500000089406967,0.08500000089406967,0
2019-04-08,0.08500000089406967,0.08500000089406967,0.08500000089406967,0.08500000089406967,0
2019-04-09,0.07999999821186066,0.08500000089406967,0.07999999821186066,0.08500000089406967,20750
2019-04-10,0.07999999821186066,0.07999999821186066,0.07999999821186066,0.07999999821186066,67524
2019-04-11,0.07724999636411667,0.07724999636411667,0.07724999636411667,0.07724999636411667,10000
2019-04-12,0.07400000095367432,0.07400000095367432,0.07400000095367432,0.07400000095367432,5000
2019-04-15,0.07400000095367432,0.07400000095367432,0.07400000095367432,0.07400000095367432,0
2019-04-16,0.07400000095367432,0.07400000095367432,0.07400000095367432,0.07400000095367432,0
2019-04-17,0.07400000095367432,0.07400000095367432,0.07400000095367432,0.07400000095367432,0
2019-04-18,0.07400000095367432,0.07400000095367432,0.07400000095367432,0.07400000095367432,0
2019-04-22,0.07400000095367432,0.07400000095367432,0.07400000095367432,0.07400000095367432,0
2019-04-23,0.07800000160932541,0.07800000160932541,0.07800000160932541,0.07800000160932541,500
2019-04-24,0.07800000160932541,0.07800000160932541,0.07800000160932541,0.07800000160932541,0
2019-04-25,0.07800000160932541,0.07800000160932541,0.07800000160932541,0.07800000160932541,0
2019-04-26,0.07800000160932541,0.07800000160932541,0.07800000160932541,0.07800000160932541,0
2019-04-29,0.07800000160932541,0.07800000160932541,0.07800000160932541,0.07800000160932541,0
2019-04-30,0.07800000160932541,0.07800000160932541,0.07800000160932541,0.07800000160932541,0
2019-05-01,0.07800000160932541,0.07800000160932541,0.07800000160932541,0.07800000160932541,0
2019-05-02,0.07800000160932541,0.07800000160932541,0.07800000160932541,0.07800000160932541,0
2019-05-03,0.07800000160932541,0.07800000160932541,0.07800000160932541,0.07800000160932541,0
2019-05-06,0.07800000160932541,0.07800000160932541,0.07800000160932541,0.07800000160932541,0
2019-05-07,0.07400000095367432,0.07400000095367432,0.07400000095367432,0.07400000095367432,250
2019-05-08,0.07400000095367432,0.07400000095367432,0.07400000095367432,0.07400000095367432,7000
2019-05-09,0.07999999821186066,0.07999999821186066,0.07999999821186066,0.07999999821186066,21100
2019-05-10,0.07999999821186066,0.07999999821186066,0.07999999821186066,0.07999999821186066,0
2019-05-13,0.07400000095367432,0.08100000023841858,0.07400000095367432,0.08100000023841858,20750
2019-05-14,0.07400000095367432,0.07400000095367432,0.07400000095367432,0.07400000095367432,0
2019-05-15,0.07999999821186066,0.07999999821186066,0.07999999821186066,0.07999999821186066,1000
2019-05-16,0.07999999821186066,0.07999999821186066,0.07999999821186066,0.07999999821186066,0
2019-05-17,0.07999999821186066,0.07999999821186066,0.07999999821186066,0.07999999821186066,10000
2019-05-20,0.07999999821186066,0.07999999821186066,0.07999999821186066,0.07999999821186066,0
2019-05-21,0.07999999821186066,0.07999999821186066,0.07999999821186066,0.07999999821186066,0
2019-05-22,0.07400000095367432,0.07400000095367432,0.07400000095367432,0.07400000095367432,5000
2019-05-23,0.07400000095367432,0.07400000095367432,0.07400000095367432,0.07400000095367432,0
2019-05-24,0.07400000095367432,0.07400000095367432,0.07400000095367432,0.07400000095367432,0
2019-05-28,0.07400000095367432,0.07400000095367432,0.07400000095367432,0.07400000095367432,0
2019-05-29,0.07400000095367432,0.07400000095367432,0.07400000095367432,0.07400000095367432,0
2019-05-30,0.07400000095367432,0.07400000095367432,0.07400000095367432,0.07400000095367432,0
2019-05-31,0.07400000095367432,0.07400000095367432,0.07400000095367432,0.07400000095367432,0
2019-06-03,0.07400000095367432,0.07400000095367432,0.07400000095367432,0.07400000095367432,1000
2019-06-04,0.07400000095367432,0.07400000095367432,0.07400000095367432,0.07400000095367432,0
2019-06-05,0.07400000095367432,0.07400000095367432,0.07400000095367432,0.07400000095367432,0
2019-06-06,0.07400000095367432,0.07400000095367432,0.07400000095367432,0.07400000095367432,2000
2019-06-07,0.07400000095367432,0.07400000095367432,0.07400000095367432,0.07400000095367432,0
2019-06-10,0.07400000095367432,0.07400000095367432,0.07400000095367432,0.07400000095367432,0
2019-06-11,0.07400000095367432,0.07400000095367432,0.07400000095367432,0.07400000095367432,0
2019-06-12,0.06599999964237213,0.07400000095367432,0.05999999865889549,0.07400000095367432,54400
2019-06-13,0.07100000232458115,0.07100000232458115,0.07100000232458115,0.07100000232458115,400
2019-06-14,0.07100000232458115,0.07100000232458115,0.07100000232458115,0.07100000232458115,0
2019-06-17,0.07000000029802322,0.07000000029802322,0.07000000029802322,0.07000000029802322,500
2019-06-18,0.07199999690055847,0.07199999690055847,0.07199999690055847,0.07199999690055847,35000
2019-06-19,0.07199999690055847,0.07199999690055847,0.07199999690055847,0.07199999690055847,0
2019-06-20,0.07199999690055847,0.07199999690055847,0.07199999690055847,0.07199999690055847,0
2019-06-21,0.07199999690055847,0.07199999690055847,0.07199999690055847,0.07199999690055847,0
2019-06-24,0.07199999690055847,0.07199999690055847,0.07199999690055847,0.07199999690055847,0
2019-06-25,0.07199999690055847,0.07199999690055847,0.07199999690055847,0.07199999690055847,0
2019-06-26,0.07199999690055847,0.07199999690055847,0.07199999690055847,0.07199999690055847,0
2019-06-27,0.10000000149011612,0.10000000149011612,0.08799999952316284,0.08799999952316284,40000
2019-06-28,0.10999999940395355,0.10999999940395355,0.1054999977350235,0.1054999977350235,19227
2019-07-01,0.10999999940395355,0.10999999940395355,0.07999999821186066,0.07999999821186066,24727
2019-07-02,0.10999999940395355,0.10999999940395355,0.10999999940395355,0.10999999940395355,0
2019-07-03,0.10999999940395355,0.10999999940395355,0.10999999940395355,0.10999999940395355,0
2019-07-05,0.10999999940395355,0.10999999940395355,0.10999999940395355,0.10999999940395355,0
2019-07-08,0.10999999940395355,0.10999999940395355,0.10999999940395355,0.10999999940395355,0
2019-07-09,0.10999999940395355,0.10999999940395355,0.10999999940395355,0.10999999940395355,0
2019-07-10,0.10000000149011612,0.10000000149011612,0.07999999821186066,0.08500000089406967,36000
2019-07-11,0.07999999821186066,0.07999999821186066,0.07999999821186066,0.07999999821186066,10665
2019-07-12,0.07999999821186066,0.07999999821186066,0.07999999821186066,0.07999999821186066,0
2019-07-15,0.0949999988079071,0.10000000149011612,0.0949999988079071,0.10000000149011612,5500
2019-07-16,0.10000000149011612,0.10000000149011612,0.10000000149011612,0.10000000149011612,10000
2019-07-17,0.10000000149011612,0.10000000149011612,0.10000000149011612,0.10000000149011612,0
2019-07-18,0.10000000149011612,0.10000000149011612,0.10000000149011612,0.10000000149011612,0
2019-07-19,0.10000000149011612,0.10000000149011612,0.10000000149011612,0.10000000149011612,0
2019-07-22,0.09510000050067902,0.09510000050067902,0.0949999988079071,0.0949999988079071,1250
2019-07-23,0.09510000050067902,0.09510000050067902,0.09510000050067902,0.09510000050067902,0
2019-07-24,0.09510000050067902,0.09510000050067902,0.09510000050067902,0.09510000050067902,0
2019-07-25,0.09510000050067902,0.09510000050067902,0.09510000050067902,0.09510000050067902,0
2019-07-26,0.09510000050067902,0.09510000050067902,0.09510000050067902,0.09510000050067902,0
2019-07-29,0.09510000050067902,0.09510000050067902,0.09510000050067902,0.09510000050067902,0
2019-07-30,0.09510000050067902,0.09510000050067902,0.09510000050067902,0.09510000050067902,0
2019-07-31,0.0949999988079071,0.0949999988079071,0.0949999988079071,0.0949999988079071,250
2019-08-01,0.09000000357627869,0.0949999988079071,0.09000000357627869,0.0949999988079071,25064
2019-08-02,0.09000000357627869,0.09000000357627869,0.09000000357627869,0.09000000357627869,1000
2019-08-05,0.09000000357627869,0.09000000357627869,0.09000000357627869,0.09000000357627869,0
2019-08-06,0.07999999821186066,0.0925000011920929,0.07999999821186066,0.0925000011920929,65000
2019-08-07,0.07999999821186066,0.07999999821186066,0.07999999821186066,0.07999999821186066,0
2019-08-08,0.07999999821186066,0.07999999821186066,0.07999999821186066,0.07999999821186066,0
2019-08-09,0.07999999821186066,0.07999999821186066,0.07999999821186066,0.07999999821186066,0
2019-08-12,0.07999999821186066,0.07999999821186066,0.07999999821186066,0.07999999821186066,0
2019-08-13,0.07999999821186066,0.07999999821186066,0.07999999821186066,0.07999999821186066,0
2019-08-14,0.07999999821186066,0.07999999821186066,0.07999999821186066,0.07999999821186066,0
2019-08-15,0.07999999821186066,0.07999999821186066,0.07999999821186066,0.07999999821186066,0
2019-08-16,0.07500000298023224,0.07500000298023224,0.07500000298023224,0.07500000298023224,8125
2019-08-19,0.08500000089406967,0.08500000089406967,0.07500000298023224,0.07500000298023224,22250
2019-08-20,0.07500000298023224,0.07500000298023224,0.07500000298023224,0.07500000298023224,40129
2019-08-21,0.07500000298023224,0.07500000298023224,0.07500000298023224,0.07500000298023224,0
2019-08-22,0.07500000298023224,0.07500000298023224,0.07500000298023224,0.07500000298023224,0
2019-08-23,0.07500000298023224,0.07500000298023224,0.07500000298023224,0.07500000298023224,0
2019-08-26,0.07100000232458115,0.07109999656677246,0.07100000232458115,0.07109999656677246,13062
2019-08-27,0.08500000089406967,0.08500000089406967,0.08500000089406967,0.08500000089406967,3000
2019-08-28,0.08500000089406967,0.08500000089406967,0.08500000089406967,0.08500000089406967,0
2019-08-29,0.08500000089406967,0.08500000089406967,0.08500000089406967,0.08500000089406967,0
2019-08-30,0.08500000089406967,0.08500000089406967,0.08500000089406967,0.08500000089406967,0
2019-09-03,0.07559999823570251,0.07559999823570251,0.07559999823570251,0.07559999823570251,2040
2019-09-04,0.07559999823570251,0.07559999823570251,0.07559999823570251,0.07559999823570251,171
2019-09-05,0.07559999823570251,0.07569999992847443,0.07559999823570251,0.07569999992847443,3370
2019-09-06,0.07559999823570251,0.07559999823570251,0.07559999823570251,0.07559999823570251,0
2019-09-09,0.0754999965429306,0.0754999965429306,0.0754999965429306,0.0754999965429306,165
2019-09-10,0.0754999965429306,0.0754999965429306,0.0754999965429306,0.0754999965429306,16500
2019-09-11,0.07100000232458115,0.07100000232458115,0.07100000232458115,0.07100000232458115,14000
2019-09-12,0.07100000232458115,0.07100000232458115,0.07100000232458115,0.07100000232458115,0
2019-09-13,0.07100000232458115,0.07100000232458115,0.07100000232458115,0.07100000232458115,0
2019-09-16,0.07100000232458115,0.07100000232458115,0.07100000232458115,0.07100000232458115,0
2019-09-17,0.07400000095367432,0.07400000095367432,0.07400000095367432,0.07400000095367432,276
2019-09-18,0.07400000095367432,0.07400000095367432,0.07400000095367432,0.07400000095367432,0
2019-09-19,0.07000000029802322,0.07100000232458115,0.07000000029802322,0.07100000232458115,39000
2019-09-20,0.07000000029802322,0.07000000029802322,0.07000000029802322,0.07000000029802322,0
2019-09-23,0.07000000029802322,0.07000000029802322,0.07000000029802322,0.07000000029802322,0
2019-09-24,0.07000000029802322,0.07000000029802322,0.07000000029802322,0.07000000029802322,0
2019-09-25,0.07253000140190125,0.07253000140190125,0.07253000140190125,0.07253000140190125,1000
2019-09-26,0.07253000140190125,0.07253000140190125,0.07253000140190125,0.07253000140190125,0
2019-09-27,0.07253000140190125,0.07253000140190125,0.07253000140190125,0.07253000140190125,0
2019-09-30,0.07253000140190125,0.07253000140190125,0.07253000140190125,0.07253000140190125,0
2019-10-01,0.07199999690055847,0.07199999690055847,0.07199999690055847,0.07199999690055847,20008
2019-10-02,0.07199999690055847,0.07199999690055847,0.07199999690055847,0.07199999690055847,0
2019-10-03,0.07000000029802322,0.07500000298023224,0.07000000029802322,0.07500000298023224,33500
2019-10-04,0.07000000029802322,0.07000000029802322,0.07000000029802322,0.07000000029802322,0
2019-10-07,0.07000000029802322,0.07000000029802322,0.07000000029802322,0.07000000029802322,0
2019-10-08,0.07000000029802322,0.07000000029802322,0.07000000029802322,0.07000000029802322,0
2019-10-09,0.07000000029802322,0.07000000029802322,0.07000000029802322,0.07000000029802322,0
2019-10-10,0.07000000029802322,0.07000000029802322,0.07000000029802322,0.07000000029802322,0
2019-10-11,0.07000000029802322,0.07000000029802322,0.07000000029802322,0.07000000029802322,0
2019-10-14,0.07000000029802322,0.07000000029802322,0.07000000029802322,0.07000000029802322,0
2019-10-15,0.05999999865889549,0.07000000029802322,0.05999999865889549,0.07000000029802322,15900
2019-10-16,0.05999999865889549,0.05999999865889549,0.05999999865889549,0.05999999865889549,0
2019-10-17,0.05999999865889549,0.05999999865889549,0.05999999865889549,0.05999999865889549,0
2019-10-18,0.07500000298023224,0.07500000298023224,0.07500000298023224,0.07500000298023224,1000
2019-10-21,0.07500000298023224,0.07500000298023224,0.07500000298023224,0.07500000298023224,0
2019-10-22,0.07000000029802322,0.07000000029802322,0.07000000029802322,0.07000000029802322,510
2019-10-23,0.07000000029802322,0.07000000029802322,0.07000000029802322,0.07000000029802322,0
2019-10-24,0.07000000029802322,0.07000000029802322,0.07000000029802322,0.07000000029802322,0
2019-10-25,0.07000000029802322,0.07000000029802322,0.07000000029802322,0.07000000029802322,15000
2019-10-28,0.07000000029802322,0.07625000178813934,0.07000000029802322,0.07625000178813934,7500
2019-10-29,0.07000000029802322,0.07000000029802322,0.07000000029802322,0.07000000029802322,0
2019-10-30,0.07000000029802322,0.07000000029802322,0.07000000029802322,0.07000000029802322,0
2019-10-31,0.07000000029802322,0.07000000029802322,0.07000000029802322,0.07000000029802322,0
2019-11-01,0.07000000029802322,0.07000000029802322,0.07000000029802322,0.07000000029802322,0
2019-11-04,0.07000000029802322,0.07000000029802322,0.07000000029802322,0.07000000029802322,0
2019-11-05,0.07000000029802322,0.07000000029802322,0.07000000029802322,0.07000000029802322,7600
2019-11-06,0.07000000029802322,0.07000000029802322,0.07000000029802322,0.07000000029802322,0
2019-11-07,0.07000000029802322,0.07000000029802322,0.07000000029802322,0.07000000029802322,0
2019-11-08,0.07000000029802322,0.07000000029802322,0.07000000029802322,0.07000000029802322,0
2019-11-11,0.07000000029802322,0.07000000029802322,0.07000000029802322,0.07000000029802322,0
2019-11-12,0.07000000029802322,0.07000000029802322,0.07000000029802322,0.07000000029802322,0
2019-11-13,0.07000000029802322,0.07000000029802322,0.07000000029802322,0.07000000029802322,0
2019-11-14,0.07000000029802322,0.07000000029802322,0.07000000029802322,0.07000000029802322,0
2019-11-15,0.07000000029802322,0.07000000029802322,0.07000000029802322,0.07000000029802322,0
2019-11-18,0.07000000029802322,0.07000000029802322,0.07000000029802322,0.07000000029802322,0
2019-11-19,0.07000000029802322,0.07000000029802322,0.07000000029802322,0.07000000029802322,0
2019-11-20,0.07000000029802322,0.07000000029802322,0.07000000029802322,0.07000000029802322,0
2019-11-21,0.07000000029802322,0.07000000029802322,0.07000000029802322,0.07000000029802322,0
2019-11-22,0.06499999761581421,0.06560000032186508,0.06499999761581421,0.06499999761581421,4500
2019-11-25,0.06499999761581421,0.06499999761581421,0.06499999761581421,0.06499999761581421,0
2019-11-26,0.05999999865889549,0.06499999761581421,0.054999999701976776,0.06499999761581421,19100
2019-11-27,0.07199999690055847,0.07199999690055847,0.07199999690055847,0.07199999690055847,40000
2019-11-29,0.07199999690055847,0.07199999690055847,0.07199999690055847,0.07199999690055847,0
2019-12-02,0.0689999982714653,0.0689999982714653,0.0689999982714653,0.0689999982714653,10000
2019-12-03,0.0689999982714653,0.0689999982714653,0.0689999982714653,0.0689999982714653,0
2019-12-04,0.0689999982714653,0.0689999982714653,0.0689999982714653,0.0689999982714653,10000
2019-12-05,0.06800000369548798,0.06800000369548798,0.06800000369548798,0.06800000369548798,20000
2019-12-06,0.06800000369548798,0.06800000369548798,0.06800000369548798,0.06800000369548798,0
2019-12-09,0.05999999865889549,0.05999999865889549,0.05999999865889549,0.05999999865889549,306
2019-12-10,0.05000000074505806,0.05000000074505806,0.05000000074505806,0.05000000074505806,24762
2019-12-11,0.05000000074505806,0.05000000074505806,0.05000000074505806,0.05000000074505806,0
2019-12-12,0.05000000074505806,0.05000000074505806,0.05000000074505806,0.05000000074505806,86200
2019-12-13,0.03999999910593033,0.05000000074505806,0.03999999910593033,0.04910000041127205,88100
2019-12-16,0.03999999910593033,0.03999999910593033,0.03999999910593033,0.03999999910593033,8930
2019-12-17,0.03999999910593033,0.03999999910593033,0.03999999910593033,0.03999999910593033,0
2019-12-18,0.03500000014901161,0.03799999877810478,0.03500000014901161,0.03799999877810478,20625
2019-12-19,0.035999998450279236,0.035999998450279236,0.035999998450279236,0.035999998450279236,1000
2019-12-20,0.035999998450279236,0.035999998450279236,0.035999998450279236,0.035999998450279236,56804
2019-12-23,0.03449999913573265,0.035999998450279236,0.03449999913573265,0.035999998450279236,296335
2019-12-24,0.03449999913573265,0.03449999913573265,0.03449999913573265,0.03449999913573265,0
2019-12-26,0.043800000101327896,0.043800000101327896,0.03999999910593033,0.03999999910593033,12623
2019-12-27,0.043800000101327896,0.043800000101327896,0.043800000101327896,0.043800000101327896,0
2019-12-30,0.03999999910593033,0.03999999910593033,0.03500000014901161,0.03999999910593033,70633
2019-12-31,0.03999999910593033,0.03999999910593033,0.03999999910593033,0.03999999910593033,0
2020-01-02,0.03999999910593033,0.03999999910593033,0.03999999910593033,0.03999999910593033,0
2020-01-03,0.03999999910593033,0.03999999910593033,0.03999999910593033,0.03999999910593033,0
2020-01-06,0.03999999910593033,0.03999999910593033,0.03999999910593033,0.03999999910593033,3800
2020-01-07,0.03999999910593033,0.03999999910593033,0.03999999910593033,0.03999999910593033,0
2020-01-08,0.04100000113248825,0.04100000113248825,0.04100000113248825,0.04100000113248825,471
2020-01-09,0.04100000113248825,0.04100000113248825,0.04100000113248825,0.04100000113248825,0
2020-01-10,0.04100000113248825,0.04100000113248825,0.04100000113248825,0.04100000113248825,1220
2020-01-13,0.04100000113248825,0.04100000113248825,0.04100000113248825,0.04100000113248825,0
2020-01-14,0.04100000113248825,0.04100000113248825,0.04100000113248825,0.04100000113248825,250
2020-01-15,0.04100000113248825,0.04100000113248825,0.04100000113248825,0.04100000113248825,0
2020-01-16,0.04100000113248825,0.04100000113248825,0.04100000113248825,0.04100000113248825,0
2020-01-17,0.04100000113248825,0.04100000113248825,0.04100000113248825,0.04100000113248825,0
2020-01-21,0.04100000113248825,0.04100000113248825,0.04100000113248825,0.04100000113248825,0
2020-01-22,0.042500000447034836,0.042500000447034836,0.042500000447034836,0.042500000447034836,250
2020-01-23,0.05999999865889549,0.05999999865889549,0.042500000447034836,0.042500000447034836,6200
2020-01-24,0.042500000447034836,0.042500000447034836,0.042500000447034836,0.042500000447034836,2100
2020-01-27,0.042500000447034836,0.042500000447034836,0.042500000447034836,0.042500000447034836,0
2020-01-28,0.042500000447034836,0.042500000447034836,0.042500000447034836,0.042500000447034836,0
2020-01-29,0.042500000447034836,0.042500000447034836,0.042500000447034836,0.042500000447034836,0
2020-01-30,0.042500000447034836,0.042500000447034836,0.042500000447034836,0.042500000447034836,0
2020-01-31,0.042500000447034836,0.042500000447034836,0.042500000447034836,0.042500000447034836,0
2020-02-03,0.042500000447034836,0.042500000447034836,0.042500000447034836,0.042500000447034836,0
2020-02-04,0.042500000447034836,0.042500000447034836,0.042500000447034836,0.042500000447034836,0
2020-02-05,0.042500000447034836,0.042500000447034836,0.042500000447034836,0.042500000447034836,0
2020-02-06,0.042500000447034836,0.042500000447034836,0.042500000447034836,0.042500000447034836,0
2020-02-07,0.04500000178813934,0.04500000178813934,0.04500000178813934,0.04500000178813934,1000
2020-02-10,0.04500000178813934,0.04500000178813934,0.04500000178813934,0.04500000178813934,0
2020-02-11,0.04500000178813934,0.04500000178813934,0.04500000178813934,0.04500000178813934,1000
2020-02-12,0.042500000447034836,0.042500000447034836,0.042500000447034836,0.042500000447034836,125
2020-02-13,0.042500000447034836,0.042500000447034836,0.042500000447034836,0.042500000447034836,0
2020-02-14,0.042500000447034836,0.042500000447034836,0.042500000447034836,0.042500000447034836,0
2020-02-18,0.042500000447034836,0.042500000447034836,0.042500000447034836,0.042500000447034836,0
2020-02-19,0.05212999880313873,0.05212999880313873,0.05212999880313873,0.05212999880313873,6000
2020-02-20,0.05212999880313873,0.05212999880313873,0.05212999880313873,0.05212999880313873,0
2020-02-21,0.05212999880313873,0.05212999880313873,0.05212999880313873,0.05212999880313873,0
2020-02-24,0.05999999865889549,0.05999999865889549,0.05209999904036522,0.05220000073313713,77700
2020-02-25,0.054999999701976776,0.054999999701976776,0.054999999701976776,0.054999999701976776,9151
2020-02-26,0.054999999701976776,0.054999999701976776,0.054999999701976776,0.054999999701976776,2300
2020-02-27,0.054999999701976776,0.054999999701976776,0.054999999701976776,0.054999999701976776,0
2020-02-28,0.054999999701976776,0.054999999701976776,0.054999999701976776,0.054999999701976776,500
2020-03-02,0.06499999761581421,0.06499999761581421,0.05999999865889549,0.05999999865889549,30001
2020-03-03,0.05999999865889549,0.05999999865889549,0.05999999865889549,0.05999999865889549,100
2020-03-04,0.05999999865889549,0.05999999865889549,0.05999999865889549,0.05999999865889549,7900
2020-03-05,0.05999999865889549,0.05999999865889549,0.05999999865889549,0.05999999865889549,0
2020-03-06,0.057999998331069946,0.057999998331069946,0.057999998331069946,0.057999998331069946,10000
2020-03-09,0.057999998331069946,0.057999998331069946,0.057999998331069946,0.057999998331069946,0
2020-03-10,0.057999998331069946,0.057999998331069946,0.057999998331069946,0.057999998331069946,0
2020-03-11,0.057999998331069946,0.057999998331069946,0.057999998331069946,0.057999998331069946,10000
2020-03-12,0.057999998331069946,0.057999998331069946,0.057999998331069946,0.057999998331069946,0
2020-03-13,0.057999998331069946,0.057999998331069946,0.057999998331069946,0.057999998331069946,0
2020-03-16,0.057999998331069946,0.057999998331069946,0.057999998331069946,0.057999998331069946,0
2020-03-17,0.057999998331069946,0.057999998331069946,0.057999998331069946,0.057999998331069946,0
2020-03-18,0.057999998331069946,0.057999998331069946,0.057999998331069946,0.057999998331069946,0
2020-03-19,0.04800000041723251,0.04800000041723251,0.04800000041723251,0.04800000041723251,10000
2020-03-20,0.042500000447034836,0.042500000447034836,0.042500000447034836,0.042500000447034836,2778
2020-03-23,0.042500000447034836,0.042500000447034836,0.042500000447034836,0.042500000447034836,0
2020-03-24,0.042500000447034836,0.042500000447034836,0.042500000447034836,0.042500000447034836,0
2020-03-25,0.042500000447034836,0.042500000447034836,0.042500000447034836,0.042500000447034836,0
2020-03-26,0.042500000447034836,0.042500000447034836,0.042500000447034836,0.042500000447034836,0
2020-03-27,0.042500000447034836,0.042500000447034836,0.042500000447034836,0.042500000447034836,1000
2020-03-30,0.042500000447034836,0.042500000447034836,0.042500000447034836,0.042500000447034836,0
2020-03-31,0.032999999821186066,0.05000000074505806,0.032999999821186066,0.05000000074505806,82000
2020-04-01,0.03020000085234642,0.03200000151991844,0.03020000085234642,0.03200000151991844,33636
2020-04-02,0.03020000085234642,0.03020000085234642,0.03020000085234642,0.03020000085234642,0
2020-04-03,0.03020000085234642,0.03020000085234642,0.03020000085234642,0.03020000085234642,0
2020-04-06,0.03020000085234642,0.03020000085234642,0.03020000085234642,0.03020000085234642,0
2020-04-07,0.03020000085234642,0.03020000085234642,0.03020000085234642,0.03020000085234642,0
2020-04-08,0.03020000085234642,0.03020000085234642,0.03020000085234642,0.03020000085234642,0
2020-04-09,0.03020000085234642,0.03020000085234642,0.03020000085234642,0.03020000085234642,0
2020-04-13,0.03020000085234642,0.03020000085234642,0.03020000085234642,0.03020000085234642,0
2020-04-14,0.04399999976158142,0.04399999976158142,0.02800000086426735,0.03500000014901161,44035
2020-04-15,0.04399999976158142,0.04399999976158142,0.04399999976158142,0.04399999976158142,0
2020-04-16,0.04399999976158142,0.04399999976158142,0.04399999976158142,0.04399999976158142,0
2020-04-17,0.029999999329447746,0.029999999329447746,0.029999999329447746,0.029999999329447746,45200
2020-04-20,0.04399999976158142,0.04399999976158142,0.04399999976158142,0.04399999976158142,33333
2020-04-21,0.03750000149011612,0.03750000149011612,0.03750000149011612,0.03750000149011612,5000
2020-04-22,0.029999999329447746,0.029999999329447746,0.029999999329447746,0.029999999329447746,1150
2020-04-23,0.0348999984562397,0.0348999984562397,0.0348999984562397,0.0348999984562397,250
2020-04-24,0.0348999984562397,0.0348999984562397,0.0348999984562397,0.0348999984562397,0
2020-04-27,0.0348999984562397,0.0348999984562397,0.0348999984562397,0.0348999984562397,0
2020-04-28,0.0348999984562397,0.0348999984562397,0.0348999984562397,0.0348999984562397,0
2020-04-29,0.03500000014901161,0.03500000014901161,0.03500000014901161,0.03500000014901161,1850
2020-04-30,0.03500000014901161,0.03500000014901161,0.03500000014901161,0.03500000014901161,0
2020-05-01,0.03200000151991844,0.03200000151991844,0.03200000151991844,0.03200000151991844,5451
2020-05-04,0.04399999976158142,0.04399999976158142,0.04399999976158142,0.04399999976158142,1000
2020-05-05,0.04399999976158142,0.04399999976158142,0.04399999976158142,0.04399999976158142,0
2020-05-06,0.04399999976158142,0.04399999976158142,0.04399999976158142,0.04399999976158142,0
2020-05-07,0.04399999976158142,0.04399999976158142,0.04399999976158142,0.04399999976158142,0
2020-05-08,0.04390000179409981,0.04390000179409981,0.04390000179409981,0.04390000179409981,250
2020-05-11,0.03500000014901161,0.03500000014901161,0.03500000014901161,0.03500000014901161,1000
2020-05-12,0.032099999487400055,0.03804999962449074,0.032099999487400055,0.03500000014901161,2000
2020-05-13,0.03500000014901161,0.03500000014901161,0.032099999487400055,0.032099999487400055,5150
2020-05-14,0.04399999976158142,0.04399999976158142,0.04399999976158142,0.04399999976158142,40000
2020-05-15,0.04749999940395355,0.04749999940395355,0.04749999940395355,0.04749999940395355,1400
2020-05-18,0.03999999910593033,0.03999999910593033,0.03999999910593033,0.03999999910593033,5000
2020-05-19,0.03799999877810478,0.03799999877810478,0.03799999877810478,0.03799999877810478,400
2020-05-20,0.03799999877810478,0.042750000953674316,0.03799999877810478,0.042750000953674316,6000
2020-05-21,0.03799999877810478,0.03799999877810478,0.03799999877810478,0.03799999877810478,0
2020-05-22,0.03799999877810478,0.03799999877810478,0.03799999877810478,0.03799999877810478,0
2020-05-26,0.03799999877810478,0.03799999877810478,0.03799999877810478,0.03799999877810478,0
2020-05-27,0.03799999877810478,0.03799999877810478,0.03799999877810478,0.03799999877810478,0
2020-05-28,0.03799999877810478,0.03799999877810478,0.03799999877810478,0.03799999877810478,0
2020-05-29,0.03799999877810478,0.03799999877810478,0.03799999877810478,0.03799999877810478,0
2020-06-01,0.03799999877810478,0.03799999877810478,0.03799999877810478,0.03799999877810478,0
2020-06-02,0.03999999910593033,0.03999999910593033,0.03999999910593033,0.03999999910593033,5000
2020-06-03,0.03999999910593033,0.04749999940395355,0.03999999910593033,0.03999999910593033,23600
2020-06-04,0.03999999910593033,0.03999999910593033,0.03999999910593033,0.03999999910593033,3500
2020-06-05,0.03999999910593033,0.03999999910593033,0.03999999910593033,0.03999999910593033,0
2020-06-08,0.03999999910593033,0.03999999910593033,0.03999999910593033,0.03999999910593033,0
2020-06-09,0.03999999910593033,0.03999999910593033,0.03999999910593033,0.03999999910593033,0
2020-06-10,0.03999999910593033,0.03999999910593033,0.03579999879002571,0.03999999910593033,34900
2020-06-11,0.03579999879002571,0.03579999879002571,0.03579999879002571,0.03579999879002571,750
2020-06-12,0.03579999879002571,0.03579999879002571,0.03579999879002571,0.03579999879002571,750
2020-06-15,0.03579999879002571,0.03579999879002571,0.03579999879002571,0.03579999879002571,0
2020-06-16,0.03799999877810478,0.03799999877810478,0.03799999877810478,0.03799999877810478,675
2020-06-17,0.03799999877810478,0.03799999877810478,0.03799999877810478,0.03799999877810478,0
2020-06-18,0.03799999877810478,0.03799999877810478,0.03799999877810478,0.03799999877810478,0
2020-06-19,0.03799999877810478,0.03799999877810478,0.03799999877810478,0.03799999877810478,0
2020-06-22,0.03999999910593033,0.03999999910593033,0.03999999910593033,0.03999999910593033,10000
2020-06-23,0.03999999910593033,0.03999999910593033,0.03999999910593033,0.03999999910593033,0
2020-06-24,0.035999998450279236,0.03999999910593033,0.035999998450279236,0.03999999910593033,200
2020-06-25,0.03799999877810478,0.03799999877810478,0.03799999877810478,0.03799999877810478,187
2020-06-26,0.03999999910593033,0.03999999910593033,0.035999998450279236,0.035999998450279236,9000
2020-06-29,0.04650000110268593,0.04650000110268593,0.04399999976158142,0.04399999976158142,5338
2020-06-30,0.04650000110268593,0.04650000110268593,0.04650000110268593,0.04650000110268593,0
2020-07-01,0.03799999877810478,0.03799999877810478,0.03799999877810478,0.03799999877810478,2500
2020-07-02,0.03799999877810478,0.03799999877810478,0.03799999877810478,0.03799999877810478,0
2020-07-06,0.03799999877810478,0.03799999877810478,0.03799999877810478,0.03799999877810478,0
2020-07-07,0.03799999877810478,0.03799999877810478,0.03799999877810478,0.03799999877810478,0
2020-07-08,0.03799999877810478,0.03799999877810478,0.03799999877810478,0.03799999877810478,0
2020-07-09,0.03799999877810478,0.03799999877810478,0.03799999877810478,0.03799999877810478,0
2020-07-10,0.03799999877810478,0.03799999877810478,0.03799999877810478,0.03799999877810478,0
2020-07-13,0.03799999877810478,0.03799999877810478,0.03799999877810478,0.03799999877810478,0
2020-07-14,0.05490000173449516,0.05490000173449516,0.03799999877810478,0.03799999877810478,6200
2020-07-15,0.035999998450279236,0.035999998450279236,0.035999998450279236,0.035999998450279236,2000
2020-07-16,0.03799999877810478,0.03799999877810478,0.03799999877810478,0.03799999877810478,5000
2020-07-17,0.03799999877810478,0.03799999877810478,0.03799999877810478,0.03799999877810478,0
2020-07-20,0.03799999877810478,0.03799999877810478,0.03799999877810478,0.03799999877810478,0
2020-07-21,0.03799999877810478,0.03799999877810478,0.03799999877810478,0.03799999877810478,0
2020-07-22,0.04520000144839287,0.04520000144839287,0.04520000144839287,0.04520000144839287,300
2020-07-23,0.04100000113248825,0.054999999701976776,0.04100000113248825,0.054999999701976776,56333
2020-07-24,0.04100000113248825,0.04100000113248825,0.04100000113248825,0.04100000113248825,0
2020-07-27,0.04100000113248825,0.04100000113248825,0.04100000113248825,0.04100000113248825,0
2020-07-28,0.04100000113248825,0.04100000113248825,0.04100000113248825,0.04100000113248825,8272
2020-07-29,0.03709999844431877,0.03709999844431877,0.03709999844431877,0.03709999844431877,2000
2020-07-30,0.03709999844431877,0.03709999844431877,0.03709999844431877,0.03709999844431877,0
2020-07-31,0.03709999844431877,0.03709999844431877,0.03709999844431877,0.03709999844431877,0
2020-08-03,0.054999999701976776,0.054999999701976776,0.039000000804662704,0.039000000804662704,12991
2020-08-04,0.039000000804662704,0.054999999701976776,0.039000000804662704,0.054999999701976776,900
2020-08-05,0.03700000047683716,0.039000000804662704,0.03700000047683716,0.039000000804662704,21400
2020-08-06,0.03999999910593033,0.03999999910593033,0.03999999910593033,0.03999999910593033,42850
2020-08-07,0.03799999877810478,0.03799999877810478,0.03500000014901161,0.03799999877810478,9582
2020-08-10,0.03500000014901161,0.03500000014901161,0.03500000014901161,0.03500000014901161,10000
2020-08-11,0.035999998450279236,0.03999999910593033,0.035999998450279236,0.035999998450279236,40450
2020-08-12,0.042500000447034836,0.042500000447034836,0.042500000447034836,0.042500000447034836,1000
2020-08-13,0.03999999910593033,0.03999999910593033,0.03999999910593033,0.03999999910593033,10000
2020-08-14,0.03999999910593033,0.03999999910593033,0.03999999910593033,0.03999999910593033,0
2020-08-17,0.03999999910593033,0.03999999910593033,0.03999999910593033,0.03999999910593033,0
2020-08-18,0.03999999910593033,0.03999999910593033,0.03999999910593033,0.03999999910593033,1750
2020-08-19,0.03999999910593033,0.03999999910593033,0.03999999910593033,0.03999999910593033,0
2020-08-20,0.03999999910593033,0.04100000113248825,0.03999999910593033,0.04100000113248825,30000
2020-08-21,0.03999999910593033,0.03999999910593033,0.03999999910593033,0.03999999910593033,0
2020-08-24,0.042500000447034836,0.042500000447034836,0.042500000447034836,0.042500000447034836,5000
2020-08-25,0.03799999877810478,0.03799999877810478,0.03799999877810478,0.03799999877810478,10000
2020-08-26,0.03799999877810478,0.03799999877810478,0.03799999877810478,0.03799999877810478,5000
2020-08-27,0.03799999877810478,0.03799999877810478,0.03799999877810478,0.03799999877810478,0
2020-08-28,0.03700000047683716,0.03999999910593033,0.03700000047683716,0.03999999910593033,18250
2020-08-31,0.03400000184774399,0.03400000184774399,0.03400000184774399,0.03400000184774399,2300
2020-09-01,0.03400000184774399,0.03400000184774399,0.03400000184774399,0.03400000184774399,0
2020-09-02,0.03400000184774399,0.03400000184774399,0.03400000184774399,0.03400000184774399,0
2020-09-03,0.03400000184774399,0.03400000184774399,0.03400000184774399,0.03400000184774399,0
2020-09-04,0.03999999910593033,0.03999999910593033,0.03999999910593033,0.03999999910593033,1000
2020-09-08,0.03999999910593033,0.03999999910593033,0.03999999910593033,0.03999999910593033,0
2020-09-09,0.03999999910593033,0.03999999910593033,0.03999999910593033,0.03999999910593033,2500
2020-09-10,0.03999999910593033,0.03999999910593033,0.03999999910593033,0.03999999910593033,0
2020-09-11,0.03400000184774399,0.03400000184774399,0.03400000184774399,0.03400000184774399,10000
2020-09-14,0.03400000184774399,0.03400000184774399,0.03400000184774399,0.03400000184774399,0
2020-09-15,0.03400000184774399,0.03400000184774399,0.03400000184774399,0.03400000184774399,0
2020-09-16,0.03500000014901161,0.03500000014901161,0.03500000014901161,0.03500000014901161,2000
2020-09-17,0.03500000014901161,0.03500000014901161,0.03500000014901161,0.03500000014901161,0
2020-09-18,0.03500000014901161,0.03500000014901161,0.03500000014901161,0.03500000014901161,0
2020-09-21,0.03500000014901161,0.03500000014901161,0.03500000014901161,0.03500000014901161,0
2020-09-22,0.03500000014901161,0.03500000014901161,0.03500000014901161,0.03500000014901161,0
2020-09-23,0.03500000014901161,0.03500000014901161,0.03500000014901161,0.03500000014901161,0
2020-09-24,0.022099999710917473,0.032999999821186066,0.019999999552965164,0.032999999821186066,100686
2020-09-25,0.02500000037252903,0.02500000037252903,0.02500000037252903,0.02500000037252903,1650
2020-09-28,0.0215000007301569,0.02500000037252903,0.0215000007301569,0.02500000037252903,82307
2020-09-29,0.0215000007301569,0.0215000007301569,0.0215000007301569,0.0215000007301569,0
2020-09-30,0.0215000007301569,0.0215000007301569,0.0215000007301569,0.0215000007301569,0
2020-10-01,0.0215000007301569,0.0215000007301569,0.0215000007301569,0.0215000007301569,0
2020-10-02,0.0215000007301569,0.0215000007301569,0.0215000007301569,0.0215000007301569,0
2020-10-05,0.0215000007301569,0.0215000007301569,0.0215000007301569,0.0215000007301569,0
2020-10-06,0.0215000007301569,0.0215000007301569,0.0215000007301569,0.0215000007301569,0
2020-10-07,0.02199999988079071,0.02199999988079071,0.02199999988079071,0.02199999988079071,2609
2020-10-08,0.02199999988079071,0.02199999988079071,0.02199999988079071,0.02199999988079071,0
2020-10-09,0.02199999988079071,0.02199999988079071,0.02199999988079071,0.02199999988079071,0
2020-10-12,0.02199999988079071,0.02199999988079071,0.02199999988079071,0.02199999988079071,0
2020-10-13,0.02199999988079071,0.02199999988079071,0.02199999988079071,0.02199999988079071,0
2020-10-14,0.02199999988079071,0.02199999988079071,0.02199999988079071,0.02199999988079071,0
2020-10-15,0.0215000007301569,0.0215000007301569,0.0215000007301569,0.0215000007301569,1000
2020-10-16,0.0215000007301569,0.0215000007301569,0.0215000007301569,0.0215000007301569,0
2020-10-19,0.0215000007301569,0.0215000007301569,0.0215000007301569,0.0215000007301569,0
2020-10-20,0.0215000007301569,0.0215000007301569,0.0215000007301569,0.0215000007301569,0
2020-10-21,0.0215000007301569,0.0215000007301569,0.0215000007301569,0.0215000007301569,15000
2020-10-22,0.02319999970495701,0.02319999970495701,0.02319999970495701,0.02319999970495701,900
2020-10-23,0.02319999970495701,0.02319999970495701,0.02319999970495701,0.02319999970495701,0
2020-10-26,0.02319999970495701,0.02319999970495701,0.02319999970495701,0.02319999970495701,0
2020-10-27,0.023000000044703484,0.023000000044703484,0.023000000044703484,0.023000000044703484,250
2020-10-28,0.023000000044703484,0.023000000044703484,0.023000000044703484,0.023000000044703484,0
2020-10-29,0.023000000044703484,0.023000000044703484,0.023000000044703484,0.023000000044703484,0
2020-10-30,0.023000000044703484,0.023000000044703484,0.023000000044703484,0.023000000044703484,0
2020-11-02,0.0215000007301569,0.0215000007301569,0.0215000007301569,0.0215000007301569,10000
2020-11-03,0.019999999552965164,0.019999999552965164,0.019999999552965164,0.019999999552965164,2100
2020-11-04,0.019999999552965164,0.019999999552965164,0.019999999552965164,0.019999999552965164,0
2020-11-05,0.017500000074505806,0.017500000074505806,0.017500000074505806,0.017500000074505806,24800
2020-11-06,0.017500000074505806,0.017500000074505806,0.017500000074505806,0.017500000074505806,0
2020-11-09,0.017500000074505806,0.017500000074505806,0.017500000074505806,0.017500000074505806,0
2020-11-10,0.017500000074505806,0.017500000074505806,0.017500000074505806,0.017500000074505806,0
2020-11-11,0.01549999974668026,0.019999999552965164,0.01549999974668026,0.019999999552965164,30900
2020-11-12,0.01549999974668026,0.01549999974668026,0.01549999974668026,0.01549999974668026,0
2020-11-13,0.01549999974668026,0.01549999974668026,0.01549999974668026,0.01549999974668026,0
2020-11-16,0.015599999576807022,0.01841999962925911,0.015599999576807022,0.017400000244379044,30000
2020-11-17,0.016200000420212746,0.01623000018298626,0.015599999576807022,0.015599999576807022,12644
2020-11-18,0.016200000420212746,0.016200000420212746,0.016200000420212746,0.016200000420212746,0
2020-11-19,0.014999999664723873,0.014999999664723873,0.014999999664723873,0.014999999664723873,8714
2020-11-20,0.014999999664723873,0.014999999664723873,0.014999999664723873,0.014999999664723873,0
2020-11-23,0.014999999664723873,0.014999999664723873,0.014999999664723873,0.014999999664723873,0
2020-11-24,0.014999999664723873,0.014999999664723873,0.014999999664723873,0.014999999664723873,250
2020-11-25,0.02500000037252903,0.03999999910593033,0.02500000037252903,0.02500000037252903,371925
2020-11-27,0.029999999329447746,0.03500000014901161,0.02800000086426735,0.02800000086426735,1039557
2020-11-30,0.02800000086426735,0.029999999329447746,0.02800000086426735,0.029999999329447746,12500
2020-12-01,0.026000000536441803,0.02800000086426735,0.026000000536441803,0.02800000086426735,28201
2020-12-02,0.024000000208616257,0.02800000086426735,0.024000000208616257,0.02800000086426735,66001
2020-12-03,0.019999999552965164,0.021950000897049904,0.016499999910593033,0.017249999567866325,274651
2020-12-04,0.019999999552965164,0.019999999552965164,0.019999999552965164,0.019999999552965164,40000
2020-12-07,0.019999999552965164,0.019999999552965164,0.019999999552965164,0.019999999552965164,0
2020-12-08,0.019999999552965164,0.02078000083565712,0.017000000923871994,0.019999999552965164,230329
2020-12-09,0.017999999225139618,0.023900000378489494,0.017999999225139618,0.019999999552965164,51075
2020-12-10,0.017999999225139618,0.017999999225139618,0.017999999225139618,0.017999999225139618,0
2020-12-11,0.019999999552965164,0.019999999552965164,0.019999999552965164,0.019999999552965164,33333
2020-12-14,0.019999999552965164,0.019999999552965164,0.019999999552965164,0.019999999552965164,2000
2020-12-15,0.019999999552965164,0.019999999552965164,0.019999999552965164,0.019999999552965164,900
2020-12-16,0.026000000536441803,0.03220000118017197,0.025499999523162842,0.025499999523162842,7000
2020-12-17,0.026000000536441803,0.026000000536441803,0.026000000536441803,0.026000000536441803,0
2020-12-18,0.026000000536441803,0.026000000536441803,0.026000000536441803,0.026000000536441803,0
2020-12-21,0.026000000536441803,0.026000000536441803,0.026000000536441803,0.026000000536441803,0
2020-12-22,0.026000000536441803,0.026000000536441803,0.026000000536441803,0.026000000536441803,0
2020-12-23,0.026000000536441803,0.026000000536441803,0.026000000536441803,0.026000000536441803,0
2020-12-24,0.026000000536441803,0.02800000086426735,0.02500000037252903,0.02500000037252903,68249
2020-12-28,0.026000000536441803,0.028999999165534973,0.02500000037252903,0.028999999165534973,18500
2020-12-29,0.02199999988079071,0.026000000536441803,0.02199999988079071,0.026000000536441803,50000
2020-12-30,0.02500000037252903,0.02500000037252903,0.02500000037252903,0.02500000037252903,1200
2020-12-31,0.02500000037252903,0.026000000536441803,0.020999999716877937,0.02500000037252903,107530
2021-01-04,0.02500000037252903,0.02500000037252903,0.02500000037252903,0.02500000037252903,100
2021-01-05,0.02500000037252903,0.02500000037252903,0.02500000037252903,0.02500000037252903,500
2021-01-06,0.02500000037252903,0.02500000037252903,0.02500000037252903,0.02500000037252903,501
2021-01-07,0.026000000536441803,0.026000000536441803,0.026000000536441803,0.026000000536441803,1350
2021-01-08,0.026000000536441803,0.026000000536441803,0.026000000536441803,0.026000000536441803,101
2021-01-11,0.026000000536441803,0.026000000536441803,0.026000000536441803,0.026000000536441803,0
2021-01-12,0.029999999329447746,0.029999999329447746,0.029999999329447746,0.029999999329447746,10000
2021-01-13,0.05000000074505806,0.05000000074505806,0.05000000074505806,0.05000000074505806,100
2021-01-14,0.026000000536441803,0.026000000536441803,0.026000000536441803,0.026000000536441803,200
2021-01-15,0.026000000536441803,0.026000000536441803,0.026000000536441803,0.026000000536441803,0
2021-01-19,0.026000000536441803,0.026000000536441803,0.026000000536441803,0.026000000536441803,0
2021-01-20,0.026000000536441803,0.026000000536441803,0.026000000536441803,0.026000000536441803,0
2021-01-21,0.04899999871850014,0.04899999871850014,0.026000000536441803,0.026000000536441803,6500
2021-01-22,0.04899999871850014,0.04899999871850014,0.04899999871850014,0.04899999871850014,0
2021-01-25,0.05000000074505806,0.05000000074505806,0.05000000074505806,0.05000000074505806,100
2021-01-26,0.05000000074505806,0.05000000074505806,0.05000000074505806,0.05000000074505806,0
2021-01-27,0.03999999910593033,0.03999999910593033,0.03999999910593033,0.03999999910593033,235
2021-01-28,0.03999999910593033,0.03999999910593033,0.03999999910593033,0.03999999910593033,0
2021-01-29,0.03999999910593033,0.03999999910593033,0.03999999910593033,0.03999999910593033,0
2021-02-01,0.029999999329447746,0.029999999329447746,0.029999999329447746,0.029999999329447746,26000
2021-02-02,0.029999999329447746,0.029999999329447746,0.029999999329447746,0.029999999329447746,0
2021-02-03,0.03500000014901161,0.03500000014901161,0.03500000014901161,0.03500000014901161,10000
2021-02-04,0.03700000047683716,0.03700000047683716,0.03700000047683716,0.03700000047683716,30000
2021-02-05,0.03700000047683716,0.07100000232458115,0.03700000047683716,0.07100000232458115,10160
2021-02-08,0.03700000047683716,0.03700000047683716,0.03700000047683716,0.03700000047683716,0
2021-02-09,0.03099999949336052,0.03099999949336052,0.03099999949336052,0.03099999949336052,10000
2021-02-10,0.026100000366568565,0.029999999329447746,0.026100000366568565,0.029999999329447746,13550
2021-02-11,0.03999999910593033,0.03999999910593033,0.03999999910593033,0.03999999910593033,10000
2021-02-12,0.039000000804662704,0.039000000804662704,0.039000000804662704,0.039000000804662704,2700
2021-02-16,0.03799999877810478,0.03799999877810478,0.027000000700354576,0.027000000700354576,111150
2021-02-17,0.03999999910593033,0.03999999910593033,0.03449999913573265,0.03449999913573265,111405
2021-02-18,0.054999999701976776,0.05999999865889549,0.052000001072883606,0.052000001072883606,3533
2021-02-19,0.054999999701976776,0.054999999701976776,0.054999999701976776,0.054999999701976776,0
2021-02-22,0.03500000014901161,0.05389999970793724,0.03500000014901161,0.05389999970793724,3720
2021-02-23,0.03999999910593033,0.03999999910593033,0.03999999910593033,0.03999999910593033,3808
2021-02-24,0.03500000014901161,0.03500000014901161,0.029999999329447746,0.03500000014901161,20000
2021-02-25,0.0272000003606081,0.03500000014901161,0.027000000700354576,0.029999999329447746,109500
2021-02-26,0.0272000003606081,0.0272000003606081,0.0272000003606081,0.0272000003606081,0
2021-03-01,0.029999999329447746,0.029999999329447746,0.029999999329447746,0.029999999329447746,25000
2021-03-02,0.02800000086426735,0.02800000086426735,0.02800000086426735,0.02800000086426735,200
2021-03-03,0.02800000086426735,0.02800000086426735,0.02800000086426735,0.02800000086426735,0
2021-03-04,0.02800000086426735,0.02800000086426735,0.02800000086426735,0.02800000086426735,0
2021-03-05,0.02800000086426735,0.02800000086426735,0.02800000086426735,0.02800000086426735,2500
2021-03-08,0.02800000086426735,0.02800000086426735,0.02800000086426735,0.02800000086426735,0
2021-03-09,0.032499998807907104,0.03500000014901161,0.029999999329447746,0.029999999329447746,42750
2021-03-10,0.032499998807907104,0.032499998807907104,0.032499998807907104,0.032499998807907104,100
2021-03-11,0.03500000014901161,0.03500000014901161,0.03500000014901161,0.03500000014901161,25000
2021-03-12,0.032999999821186066,0.032999999821186066,0.032999999821186066,0.032999999821186066,10000
2021-03-15,0.0333000011742115,0.04165000095963478,0.0333000011742115,0.0333000011742115,91250
2021-03-16,0.0333000011742115,0.0333000011742115,0.0333000011742115,0.0333000011742115,0
2021-03-17,0.0333000011742115,0.0333000011742115,0.0333000011742115,0.0333000011742115,0
2021-03-18,0.0333000011742115,0.0333000011742115,0.0333000011742115,0.0333000011742115,0
2021-03-19,0.0333000011742115,0.0333000011742115,0.0333000011742115,0.0333000011742115,0
2021-03-22,0.03099999949336052,0.03099999949336052,0.03099999949336052,0.03099999949336052,21300
2021-03-23,0.05000000074505806,0.05000000074505806,0.03009999915957451,0.03009999915957451,2830
2021-03-24,0.04520000144839287,0.04520000144839287,0.041999999433755875,0.041999999433755875,24700
2021-03-25,0.04699999839067459,0.04699999839067459,0.04699999839067459,0.04699999839067459,100
2021-03-26,0.04699999839067459,0.04699999839067459,0.04699999839067459,0.04699999839067459,0
2021-03-29,0.04600000008940697,0.04600000008940697,0.04600000008940697,0.04600000008940697,600
2021-03-30,0.032999999821186066,0.032999999821186066,0.032999999821186066,0.032999999821186066,1300
2021-03-31,0.029999999329447746,0.029999999329447746,0.029999999329447746,0.029999999329447746,500
2021-04-01,0.029999999329447746,0.029999999329447746,0.029999999329447746,0.029999999329447746,0
2021-04-05,0.034049998968839645,0.034049998968839645,0.034049998968839645,0.034049998968839645,575
2021-04-06,0.03799999877810478,0.03999999910593033,0.03799999877810478,0.03999999910593033,250
2021-04-07,0.03799999877810478,0.03799999877810478,0.03799999877810478,0.03799999877810478,0
2021-04-08,0.03400000184774399,0.03400000184774399,0.03400000184774399,0.03400000184774399,400
2021-04-09,0.03400000184774399,0.03400000184774399,0.03400000184774399,0.03400000184774399,0
2021-04-12,0.03150000050663948,0.03150000050663948,0.03150000050663948,0.03150000050663948,1545
2021-04-13,0.03150000050663948,0.03150000050663948,0.03150000050663948,0.03150000050663948,0
2021-04-14,0.03150000050663948,0.03150000050663948,0.03150000050663948,0.03150000050663948,0
2021-04-15,0.03150000050663948,0.03150000050663948,0.03150000050663948,0.03150000050663948,0
2021-04-16,0.03150000050663948,0.03150000050663948,0.03150000050663948,0.03150000050663948,0
2021-04-19,0.03150000050663948,0.03150000050663948,0.03150000050663948,0.03150000050663948,0
2021-04-20,0.03150000050663948,0.03150000050663948,0.03150000050663948,0.03150000050663948,0
2021-04-21,0.03150000050663948,0.03150000050663948,0.03150000050663948,0.03150000050663948,0
2021-04-22,0.03150000050663948,0.03150000050663948,0.03150000050663948,0.03150000050663948,0
2021-04-23,0.03150000050663948,0.03150000050663948,0.03150000050663948,0.03150000050663948,0
2021-04-26,0.03150000050663948,0.03150000050663948,0.03150000050663948,0.03150000050663948,0
2021-04-27,0.03150000050663948,0.03150000050663948,0.03150000050663948,0.03150000050663948,0
2021-04-28,0.03150000050663948,0.03150000050663948,0.03150000050663948,0.03150000050663948,0
2021-04-29,0.03150000050663948,0.03150000050663948,0.03150000050663948,0.03150000050663948,0
2021-04-30,0.03319999948143959,0.03319999948143959,0.03319999948143959,0.03319999948143959,500
2021-05-03,0.03319999948143959,0.03319999948143959,0.03319999948143959,0.03319999948143959,0
2021-05-04,0.03319999948143959,0.03319999948143959,0.03319999948143959,0.03319999948143959,0
2021-05-05,0.035999998450279236,0.035999998450279236,0.035999998450279236,0.035999998450279236,100
2021-05-06,0.035999998450279236,0.035999998450279236,0.035999998450279236,0.035999998450279236,0
2021-05-07,0.032999999821186066,0.03999999910593033,0.032999999821186066,0.032999999821186066,26700
2021-05-10,0.032999999821186066,0.032999999821186066,0.032999999821186066,0.032999999821186066,0
2021-05-11,0.032999999821186066,0.032999999821186066,0.032999999821186066,0.032999999821186066,0
2021-05-12,0.032999999821186066,0.032999999821186066,0.032999999821186066,0.032999999821186066,0
2021-05-13,0.032999999821186066,0.032999999821186066,0.032999999821186066,0.032999999821186066,0
2021-05-14,0.032999999821186066,0.032999999821186066,0.032999999821186066,0.032999999821186066,0
2021-05-17,0.032999999821186066,0.032999999821186066,0.032999999821186066,0.032999999821186066,0
2021-05-18,0.032999999821186066,0.032999999821186066,0.032999999821186066,0.032999999821186066,0
2021-05-19,0.032999999821186066,0.032999999821186066,0.032999999821186066,0.032999999821186066,0
2021-05-20,0.032999999821186066,0.032999999821186066,0.032999999821186066,0.032999999821186066,0
2021-05-21,0.03319999948143959,0.03319999948143959,0.03319999948143959,0.03319999948143959,3225
2021-05-24,0.03319999948143959,0.03319999948143959,0.03319999948143959,0.03319999948143959,0
2021-05-25,0.029999999329447746,0.029999999329447746,0.029999999329447746,0.029999999329447746,11000
2021-05-26,0.029999999329447746,0.029999999329447746,0.029999999329447746,0.029999999329447746,0
2021-05-27,0.029999999329447746,0.029999999329447746,0.029999999329447746,0.029999999329447746,0
2021-05-28,0.029999999329447746,0.029999999329447746,0.029999999329447746,0.029999999329447746,0
2021-06-01,0.029999999329447746,0.029999999329447746,0.029999999329447746,0.029999999329447746,0
2021-06-02,0.029999999329447746,0.029999999329447746,0.029999999329447746,0.029999999329447746,0
2021-06-03,0.029999999329447746,0.029999999329447746,0.029999999329447746,0.029999999329447746,7500
2021-06-04,0.029999999329447746,0.029999999329447746,0.029999999329447746,0.029999999329447746,0
2021-06-07,0.03525000065565109,0.03525000065565109,0.03525000065565109,0.03525000065565109,100
2021-06-08,0.027499999850988388,0.027499999850988388,0.025499999523162842,0.025499999523162842,50794
2021-06-09,0.027499999850988388,0.027499999850988388,0.027499999850988388,0.027499999850988388,0
2021-06-10,0.027499999850988388,0.027499999850988388,0.027499999850988388,0.027499999850988388,0
2021-06-11,0.025499999523162842,0.025499999523162842,0.025499999523162842,0.025499999523162842,7218
2021-06-14,0.025499999523162842,0.025499999523162842,0.025499999523162842,0.025499999523162842,0
2021-06-15,0.027000000700354576,0.027000000700354576,0.027000000700354576,0.027000000700354576,400
2021-06-16,0.027000000700354576,0.027000000700354576,0.027000000700354576,0.027000000700354576,0
2021-06-17,0.027000000700354576,0.027000000700354576,0.027000000700354576,0.027000000700354576,0
2021-06-18,0.027000000700354576,0.027000000700354576,0.027000000700354576,0.027000000700354576,0
2021-06-21,0.027499999850988388,0.03725000098347664,0.020999999716877937,0.027000000700354576,173139
2021-06-22,0.027499999850988388,0.027499999850988388,0.027499999850988388,0.027499999850988388,0
2021-06-23,0.03500000014901161,0.04100000113248825,0.02800000086426735,0.02800000086426735,132200
2021-06-24,0.03500000014901161,0.03500000014901161,0.03500000014901161,0.03500000014901161,0
2021-06-25,0.03240000084042549,0.03240000084042549,0.03240000084042549,0.03240000084042549,23000
2021-06-28,0.03240000084042549,0.03240000084042549,0.03240000084042549,0.03240000084042549,0
2021-06-29,0.040150001645088196,0.040150001645088196,0.040150001645088196,0.040150001645088196,3000
2021-06-30,0.03229999914765358,0.03229999914765358,0.03229999914765358,0.03229999914765358,302
2021-07-01,0.03229999914765358,0.03229999914765358,0.03229999914765358,0.03229999914765358,0
2021-07-02,0.03229999914765358,0.03229999914765358,0.03229999914765358,0.03229999914765358,0
2021-07-06,0.039000000804662704,0.04800000041723251,0.039000000804662704,0.04800000041723251,5100
2021-07-07,0.03579999879002571,0.03579999879002571,0.03579999879002571,0.03579999879002571,100
2021-07-08,0.03579999879002571,0.03579999879002571,0.03579999879002571,0.03579999879002571,0
2021-07-09,0.03229999914765358,0.03229999914765358,0.03229999914765358,0.03229999914765358,160
2021-07-12,0.03229999914765358,0.03229999914765358,0.03229999914765358,0.03229999914765358,0
2021-07-13,0.03229999914765358,0.03229999914765358,0.03229999914765358,0.03229999914765358,0
2021-07-14,0.03229999914765358,0.03229999914765358,0.03229999914765358,0.03229999914765358,10020
2021-07-15,0.023000000044703484,0.023000000044703484,0.023000000044703484,0.023000000044703484,5000
2021-07-16,0.023000000044703484,0.023000000044703484,0.023000000044703484,0.023000000044703484,0
2021-07-19,0.025100000202655792,0.039000000804662704,0.02500000037252903,0.02500000037252903,55250
2021-07-20,0.025100000202655792,0.025100000202655792,0.025100000202655792,0.025100000202655792,0
2021-07-21,0.025100000202655792,0.025100000202655792,0.025100000202655792,0.025100000202655792,0
2021-07-22,0.03750000149011612,0.03750000149011612,0.029999999329447746,0.029999999329447746,1000
2021-07-23,0.03750000149011612,0.03750000149011612,0.03750000149011612,0.03750000149011612,0
2021-07-26,0.02500000037252903,0.02500000037252903,0.02500000037252903,0.02500000037252903,10000
2021-07-27,0.026000000536441803,0.03550000116229057,0.026000000536441803,0.03550000116229057,500
2021-07-28,0.026000000536441803,0.026000000536441803,0.026000000536441803,0.026000000536441803,0
2021-07-29,0.026000000536441803,0.026000000536441803,0.026000000536441803,0.026000000536441803,0
2021-07-30,0.03200000151991844,0.03200000151991844,0.03200000151991844,0.03200000151991844,700
2021-08-02,0.03200000151991844,0.03200000151991844,0.03200000151991844,0.03200000151991844,0
2021-08-03,0.03200000151991844,0.03200000151991844,0.03200000151991844,0.03200000151991844,0
2021-08-04,0.03200000151991844,0.03200000151991844,0.03200000151991844,0.03200000151991844,10000
2021-08-05,0.029999999329447746,0.029999999329447746,0.029999999329447746,0.029999999329447746,10570
2021-08-06,0.029999999329447746,0.029999999329447746,0.029999999329447746,0.029999999329447746,0
2021-08-09,0.029999999329447746,0.029999999329447746,0.029999999329447746,0.029999999329447746,0
2021-08-10,0.029999999329447746,0.029999999329447746,0.029999999329447746,0.029999999329447746,0
2021-08-11,0.02500000037252903,0.02500000037252903,0.02500000037252903,0.02500000037252903,10000
2021-08-12,0.02500000037252903,0.02500000037252903,0.02500000037252903,0.02500000037252903,0
2021-08-13,0.02500000037252903,0.02500000037252903,0.02500000037252903,0.02500000037252903,0
2021-08-16,0.02500000037252903,0.02500000037252903,0.02500000037252903,0.02500000037252903,0
2021-08-17,0.02500000037252903,0.02500000037252903,0.02500000037252903,0.02500000037252903,0
2021-08-18,0.02500000037252903,0.03799999877810478,0.02500000037252903,0.02500000037252903,95390
2021-08-19,0.02500000037252903,0.02500000037252903,0.02500000037252903,0.02500000037252903,0
2021-08-20,0.02500000037252903,0.02500000037252903,0.02500000037252903,0.02500000037252903,0
2021-08-23,0.02500000037252903,0.02500000037252903,0.02500000037252903,0.02500000037252903,0
2021-08-24,0.02500000037252903,0.02500000037252903,0.02500000037252903,0.02500000037252903,0
2021-08-25,0.028699999675154686,0.04899999871850014,0.028699999675154686,0.04490000009536743,169500
2021-08-26,0.026599999517202377,0.04479999840259552,0.026599999517202377,0.03579999879002571,400
2021-08-27,0.025699999183416367,0.026499999687075615,0.025699999183416367,0.026499999687075615,93500
2021-08-30,0.025699999183416367,0.025699999183416367,0.025699999183416367,0.025699999183416367,0
2021-08-31,0.025699999183416367,0.02810000069439411,0.025599999353289604,0.02800000086426735,42255
2021-09-01,0.029999999329447746,0.04749999940395355,0.029999999329447746,0.04270000010728836,261886
2021-09-02,0.029999999329447746,0.029999999329447746,0.029999999329447746,0.029999999329447746,0
2021-09-03,0.029999999329447746,0.029999999329447746,0.025599999353289604,0.025599999353289604,10100
2021-09-07,0.029999999329447746,0.029999999329447746,0.029999999329447746,0.029999999329447746,0
2021-09-08,0.0210999995470047,0.03099999949336052,0.020999999716877937,0.03099999949336052,40000
2021-09-09,0.03500000014901161,0.03500000014901161,0.03500000014901161,0.03500000014901161,30107
2021-09-10,0.02500000037252903,0.02500000037252903,0.02500000037252903,0.02500000037252903,10000
2021-09-13,0.02500000037252903,0.03240000084042549,0.02500000037252903,0.02500000037252903,9400
2021-09-14,0.02500000037252903,0.02500000037252903,0.02500000037252903,0.02500000037252903,0
2021-09-15,0.025100000202655792,0.03240000084042549,0.025100000202655792,0.03240000084042549,200
2021-09-16,0.025100000202655792,0.025100000202655792,0.025100000202655792,0.025100000202655792,0
2021-09-17,0.025100000202655792,0.025100000202655792,0.025100000202655792,0.025100000202655792,0
2021-09-20,0.025100000202655792,0.025100000202655792,0.025100000202655792,0.025100000202655792,0
2021-09-21,0.03245000168681145,0.03245000168681145,0.02500000037252903,0.03240000084042549,3790
2021-09-22,0.03245000168681145,0.03245000168681145,0.03245000168681145,0.03245000168681145,0
2021-09-23,0.03245000168681145,0.03245000168681145,0.03245000168681145,0.03245000168681145,0
2021-09-24,0.03245000168681145,0.03245000168681145,0.03245000168681145,0.03245000168681145,0
2021-09-27,0.03245000168681145,0.03245000168681145,0.03245000168681145,0.03245000168681145,0
2021-09-28,0.03245000168681145,0.03245000168681145,0.03245000168681145,0.03245000168681145,0
2021-09-29,0.032499998807907104,0.032499998807907104,0.02500000037252903,0.02500000037252903,2900
2021-09-30,0.03959999978542328,0.03959999978542328,0.03959999978542328,0.03959999978542328,300
2021-10-01,0.02630000002682209,0.02630000002682209,0.026200000196695328,0.026200000196695328,1000
2021-10-04,0.025299999862909317,0.026000000536441803,0.025299999862909317,0.025299999862909317,30802
2021-10-05,0.02539999969303608,0.02539999969303608,0.02539999969303608,0.02539999969303608,2000
2021-10-06,0.02539999969303608,0.02539999969303608,0.02539999969303608,0.02539999969303608,0
2021-10-07,0.02590000070631504,0.039799999445676804,0.02590000070631504,0.03180000185966492,7500
2021-10-08,0.02590000070631504,0.02590000070631504,0.02590000070631504,0.02590000070631504,0
2021-10-11,0.026000000536441803,0.03044999949634075,0.026000000536441803,0.03044999949634075,3300
2021-10-12,0.026000000536441803,0.026000000536441803,0.026000000536441803,0.026000000536441803,0
2021-10-13,0.026499999687075615,0.026499999687075615,0.026499999687075615,0.026499999687075615,50000
2021-10-14,0.026499999687075615,0.026499999687075615,0.026499999687075615,0.026499999687075615,0
2021-10-15,0.026499999687075615,0.026499999687075615,0.026499999687075615,0.026499999687075615,0
2021-10-18,0.026499999687075615,0.026499999687075615,0.026499999687075615,0.026499999687075615,0
2021-10-19,0.030500000342726707,0.03500000014901161,0.029999999329447746,0.032499998807907104,134450
2021-10-20,0.030500000342726707,0.030500000342726707,0.030500000342726707,0.030500000342726707,0
2021-10-21,0.030500000342726707,0.030500000342726707,0.030500000342726707,0.030500000342726707,10005
2021-10-22,0.030500000342726707,0.030500000342726707,0.030500000342726707,0.030500000342726707,0
2021-10-25,0.030500000342726707,0.030500000342726707,0.030500000342726707,0.030500000342726707,0
2021-10-26,0.030500000342726707,0.03514999896287918,0.030500000342726707,0.03514999896287918,24900
2021-10-27,0.030500000342726707,0.030500000342726707,0.030500000342726707,0.030500000342726707,0
2021-10-28,0.030500000342726707,0.030500000342726707,0.030500000342726707,0.030500000342726707,0
2021-10-29,0.030500000342726707,0.030500000342726707,0.030500000342726707,0.030500000342726707,300
2021-11-01,0.030500000342726707,0.039799999445676804,0.030500000342726707,0.039799999445676804,11501
2021-11-02,0.030500000342726707,0.030500000342726707,0.030500000342726707,0.030500000342726707,0
2021-11-03,0.030500000342726707,0.030500000342726707,0.030500000342726707,0.030500000342726707,0
2021-11-04,0.030500000342726707,0.030500000342726707,0.030500000342726707,0.030500000342726707,0
2021-11-05,0.039799999445676804,0.039799999445676804,0.03514999896287918,0.03514999896287918,25347
2021-11-08,0.039799999445676804,0.039799999445676804,0.039799999445676804,0.039799999445676804,0
2021-11-09,0.03220000118017197,0.03754999861121178,0.03220000118017197,0.03754999861121178,10000
2021-11-10,0.039000000804662704,0.039000000804662704,0.027499999850988388,0.030500000342726707,112877
2021-11-11,0.039000000804662704,0.039000000804662704,0.039000000804662704,0.039000000804662704,0
2021-11-12,0.039000000804662704,0.039000000804662704,0.039000000804662704,0.039000000804662704,0
2021-11-15,0.039000000804662704,0.039000000804662704,0.039000000804662704,0.039000000804662704,0
2021-11-16,0.039000000804662704,0.039000000804662704,0.039000000804662704,0.039000000804662704,0
2021-11-17,0.039000000804662704,0.039000000804662704,0.039000000804662704,0.039000000804662704,0
2021-11-18,0.039000000804662704,0.039000000804662704,0.039000000804662704,0.039000000804662704,0
2021-11-19,0.027499999850988388,0.027499999850988388,0.027499999850988388,0.027499999850988388,9010
2021-11-22,0.027000000700354576,0.027000000700354576,0.027000000700354576,0.027000000700354576,10077
2021-11-23,0.026499999687075615,0.026499999687075615,0.026499999687075615,0.026499999687075615,566
2021-11-24,0.022099999710917473,0.03400000184774399,0.022099999710917473,0.0314599983394146,278270
2021-11-26,0.022099999710917473,0.022099999710917473,0.022099999710917473,0.022099999710917473,0
2021-11-29,0.029999999329447746,0.029999999329447746,0.024000000208616257,0.024000000208616257,55128
2021-11-30,0.029999999329447746,0.029999999329447746,0.029999999329447746,0.029999999329447746,0
2021-12-01,0.029999999329447746,0.029999999329447746,0.029999999329447746,0.029999999329447746,0
2021-12-02,0.024000000208616257,0.026399999856948853,0.024000000208616257,0.026399999856948853,20000
2021-12-03,0.024000000208616257,0.024000000208616257,0.024000000208616257,0.024000000208616257,10000
2021-12-06,0.024000000208616257,0.024000000208616257,0.024000000208616257,0.024000000208616257,0
2021-12-07,0.024000000208616257,0.024000000208616257,0.024000000208616257,0.024000000208616257,1000
2021-12-08,0.024000000208616257,0.025499999523162842,0.024000000208616257,0.025499999523162842,150000
2021-12-09,0.03999999910593033,0.03999999910593033,0.024000000208616257,0.03175000101327896,140517
2021-12-10,0.03999999910593033,0.03999999910593033,0.03999999910593033,0.03999999910593033,0
2021-12-13,0.03999999910593033,0.03999999910593033,0.03999999910593033,0.03999999910593033,0
2021-12-14,0.03999999910593033,0.03999999910593033,0.03999999910593033,0.03999999910593033,0
2021-12-15,0.019999999552965164,0.023000000044703484,0.019999999552965164,0.023000000044703484,39700
2021-12-16,0.019999999552965164,0.02590000070631504,0.016499999910593033,0.01899999938905239,129070
2021-12-17,0.019999999552965164,0.019999999552965164,0.013199999928474426,0.01600000075995922,45156
2021-12-20,0.019999999552965164,0.019999999552965164,0.019999999552965164,0.019999999552965164,30468
2021-12-21,0.020500000566244125,0.02810000069439411,0.020500000566244125,0.02810000069439411,18502
2021-12-22,0.01730000041425228,0.019999999552965164,0.01730000041425228,0.019999999552965164,32000
2021-12-23,0.017500000074505806,0.02775000035762787,0.017500000074505806,0.02775000035762787,7500
2021-12-27,0.021250000223517418,0.021250000223517418,0.021250000223517418,0.021250000223517418,37034
2021-12-28,0.017500000074505806,0.02979999966919422,0.017500000074505806,0.02979999966919422,3100
2021-12-29,0.019999999552965164,0.027699999511241913,0.017500000074505806,0.027699999511241913,420624
2021-12-30,0.019999999552965164,0.019999999552965164,0.01850000023841858,0.01850000023841858,29000
2021-12-31,0.023749999701976776,0.024250000715255737,0.017500000074505806,0.024250000715255737,40406
2022-01-03,0.017999999225139618,0.017999999225139618,0.017999999225139618,0.017999999225139618,808
2022-01-04,0.017999999225139618,0.017999999225139618,0.017999999225139618,0.017999999225139618,0
2022-01-05,0.017999999225139618,0.017999999225139618,0.017999999225139618,0.017999999225139618,0
2022-01-06,0.017999999225139618,0.017999999225139618,0.017999999225139618,0.017999999225139618,0
2022-01-07,0.017999999225139618,0.017999999225139618,0.017999999225139618,0.017999999225139618,0
2022-01-10,0.02500000037252903,0.02500000037252903,0.019999999552965164,0.019999999552965164,20000
2022-01-11,0.02500000037252903,0.02500000037252903,0.02500000037252903,0.02500000037252903,10000
2022-01-12,0.02500000037252903,0.02500000037252903,0.02500000037252903,0.02500000037252903,0
2022-01-13,0.02500000037252903,0.02500000037252903,0.02500000037252903,0.02500000037252903,0
2022-01-14,0.02500000037252903,0.02500000037252903,0.02500000037252903,0.02500000037252903,0
2022-01-18,0.02500000037252903,0.02500000037252903,0.02500000037252903,0.02500000037252903,0
2022-01-19,0.02500000037252903,0.02500000037252903,0.02500000037252903,0.02500000037252903,0
2022-01-20,0.02500000037252903,0.02500000037252903,0.02500000037252903,0.02500000037252903,0
2022-01-21,0.02500000037252903,0.02500000037252903,0.02500000037252903,0.02500000037252903,0
2022-01-24,0.024000000208616257,0.024000000208616257,0.024000000208616257,0.024000000208616257,500
2022-01-25,0.029500000178813934,0.029500000178813934,0.02500000037252903,0.02500000037252903,110000
2022-01-26,0.029500000178813934,0.029500000178813934,0.029500000178813934,0.029500000178813934,0
2022-01-27,0.029500000178813934,0.029500000178813934,0.029500000178813934,0.029500000178813934,0
2022-01-28,0.029500000178813934,0.029500000178813934,0.029500000178813934,0.029500000178813934,0
2022-01-31,0.029500000178813934,0.029500000178813934,0.029500000178813934,0.029500000178813934,0
2022-02-01,0.029500000178813934,0.029500000178813934,0.029500000178813934,0.029500000178813934,0
2022-02-02,0.029500000178813934,0.029500000178813934,0.029500000178813934,0.029500000178813934,0
2022-02-03,0.029500000178813934,0.029500000178813934,0.029500000178813934,0.029500000178813934,0
2022-02-04,0.024900000542402267,0.024900000542402267,0.024900000542402267,0.024900000542402267,10000
2022-02-07,0.024900000542402267,0.024900000542402267,0.024900000542402267,0.024900000542402267,0
2022-02-08,0.02199999988079071,0.02199999988079071,0.02199999988079071,0.02199999988079071,2000
2022-02-09,0.02199999988079071,0.02199999988079071,0.02199999988079071,0.02199999988079071,0
2022-02-10,0.02199999988079071,0.02199999988079071,0.02199999988079071,0.02199999988079071,0
2022-02-11,0.02199999988079071,0.02199999988079071,0.02199999988079071,0.02199999988079071,0
2022-02-14,0.02199999988079071,0.02199999988079071,0.02199999988079071,0.02199999988079071,0
2022-02-15,0.02199999988079071,0.02199999988079071,0.02199999988079071,0.02199999988079071,0
2022-02-16,0.024000000208616257,0.024000000208616257,0.024000000208616257,0.024000000208616257,300
2022-02-17,0.020500000566244125,0.02199999988079071,0.020500000566244125,0.02199999988079071,29500
2022-02-18,0.020500000566244125,0.020500000566244125,0.020500000566244125,0.020500000566244125,0
2022-02-22,0.020500000566244125,0.020500000566244125,0.020500000566244125,0.020500000566244125,0
2022-02-23,0.020500000566244125,0.020500000566244125,0.020500000566244125,0.020500000566244125,0
2022-02-24,0.020500000566244125,0.020500000566244125,0.020500000566244125,0.020500000566244125,0
2022-02-25,0.020800000056624413,0.020800000056624413,0.020800000056624413,0.020800000056624413,500
2022-02-28,0.010599999688565731,0.02500000037252903,0.010499999858438969,0.01899999938905239,122196
2022-03-01,0.019899999722838402,0.02500000037252903,0.014999999664723873,0.02500000037252903,16125
2022-03-02,0.0142000000923872,0.0142000000923872,0.0142000000923872,0.0142000000923872,10000
2022-03-03,0.0142000000923872,0.0142000000923872,0.0142000000923872,0.0142000000923872,0
2022-03-04,0.0142000000923872,0.0142000000923872,0.0142000000923872,0.0142000000923872,0
2022-03-07,0.012199999764561653,0.012199999764561653,0.012199999764561653,0.012199999764561653,5000
2022-03-08,0.012299999594688416,0.012299999594688416,0.012299999594688416,0.012299999594688416,200
2022-03-09,0.012299999594688416,0.012299999594688416,0.012299999594688416,0.012299999594688416,0
2022-03-10,0.012299999594688416,0.012299999594688416,0.012299999594688416,0.012299999594688416,0
2022-03-11,0.012299999594688416,0.012299999594688416,0.012299999594688416,0.012299999594688416,0
2022-03-14,0.012299999594688416,0.012299999594688416,0.012299999594688416,0.012299999594688416,0
2022-03-15,0.014000000432133675,0.014000000432133675,0.014000000432133675,0.014000000432133675,10104
2022-03-16,0.012299999594688416,0.012299999594688416,0.012299999594688416,0.012299999594688416,12000
2022-03-17,0.012299999594688416,0.012299999594688416,0.012299999594688416,0.012299999594688416,0
2022-03-18,0.019899999722838402,0.019899999722838402,0.019899999722838402,0.019899999722838402,60052
2022-03-21,0.019899999722838402,0.019899999722838402,0.019899999722838402,0.019899999722838402,0
2022-03-22,0.019899999722838402,0.019899999722838402,0.019899999722838402,0.019899999722838402,0
2022-03-23,0.019899999722838402,0.019899999722838402,0.019899999722838402,0.019899999722838402,0
2022-03-24,0.019899999722838402,0.019899999722838402,0.019899999722838402,0.019899999722838402,0
2022-03-25,0.019899999722838402,0.019899999722838402,0.01549999974668026,0.01549999974668026,30000
2022-03-28,0.01600000075995922,0.01600000075995922,0.01600000075995922,0.01600000075995922,300
2022-03-29,0.01600000075995922,0.01600000075995922,0.01600000075995922,0.01600000075995922,0
2022-03-30,0.01600000075995922,0.01600000075995922,0.01600000075995922,0.01600000075995922,0
2022-03-31,0.01600000075995922,0.01600000075995922,0.01600000075995922,0.01600000075995922,0
2022-04-01,0.01899999938905239,0.01899999938905239,0.01899999938905239,0.01899999938905239,850
2022-04-04,0.01899999938905239,0.01899999938905239,0.01899999938905239,0.01899999938905239,0
2022-04-05,0.01899999938905239,0.01899999938905239,0.01899999938905239,0.01899999938905239,0
2022-04-06,0.01899999938905239,0.01899999938905239,0.01899999938905239,0.01899999938905239,0
2022-04-07,0.01899999938905239,0.01899999938905239,0.01899999938905239,0.01899999938905239,0
2022-04-08,0.01899999938905239,0.01899999938905239,0.01899999938905239,0.01899999938905239,0
2022-04-11,0.01899999938905239,0.01899999938905239,0.01899999938905239,0.01899999938905239,0
2022-04-12,0.01899999938905239,0.01899999938905239,0.01899999938905239,0.01899999938905239,0
2022-04-13,0.01899999938905239,0.01899999938905239,0.01899999938905239,0.01899999938905239,0
2022-04-14,0.01600000075995922,0.01600000075995922,0.01600000075995922,0.01600000075995922,1000
2022-04-18,0.01600000075995922,0.01600000075995922,0.01600000075995922,0.01600000075995922,0
2022-04-19,0.01600000075995922,0.01600000075995922,0.01600000075995922,0.01600000075995922,0
2022-04-20,0.01600000075995922,0.01600000075995922,0.01600000075995922,0.01600000075995922,0
2022-04-21,0.01600000075995922,0.01600000075995922,0.01600000075995922,0.01600000075995922,0
2022-04-22,0.01600000075995922,0.01600000075995922,0.01600000075995922,0.01600000075995922,0
2022-04-25,0.01600000075995922,0.01600000075995922,0.01600000075995922,0.01600000075995922,0
2022-04-26,0.01600000075995922,0.01600000075995922,0.01600000075995922,0.01600000075995922,0
2022-04-27,0.01600000075995922,0.01600000075995922,0.01600000075995922,0.01600000075995922,0
2022-04-28,0.01600000075995922,0.01600000075995922,0.01600000075995922,0.01600000075995922,0
2022-04-29,0.01600000075995922,0.01600000075995922,0.01600000075995922,0.01600000075995922,0
2022-05-02,0.014000000432133675,0.01600000075995922,0.014000000432133675,0.01600000075995922,54327
2022-05-03,0.013000000268220901,0.013000000268220901,0.013000000268220901,0.013000000268220901,6000
2022-05-04,0.013000000268220901,0.013000000268220901,0.013000000268220901,0.013000000268220901,0
2022-05-05,0.013000000268220901,0.013000000268220901,0.013000000268220901,0.013000000268220901,0
2022-05-06,0.010099999606609344,0.010099999606609344,0.010099999606609344,0.010099999606609344,63745
2022-05-09,0.010099999606609344,0.010099999606609344,0.010099999606609344,0.010099999606609344,0
2022-05-10,0.0142000000923872,0.014499999582767487,0.014000000432133675,0.014000000432133675,49960
2022-05-11,0.0142000000923872,0.0142000000923872,0.0142000000923872,0.0142000000923872,0
2022-05-12,0.014399999752640724,0.014399999752640724,0.014399999752640724,0.014399999752640724,6700
2022-05-13,0.014399999752640724,0.014399999752640724,0.014399999752640724,0.014399999752640724,0
2022-05-16,0.014399999752640724,0.014399999752640724,0.014399999752640724,0.014399999752640724,0
2022-05-17,0.014399999752640724,0.014399999752640724,0.014399999752640724,0.014399999752640724,0
2022-05-18,0.014399999752640724,0.014399999752640724,0.014399999752640724,0.014399999752640724,0
2022-05-19,0.014399999752640724,0.014399999752640724,0.014399999752640724,0.014399999752640724,0
2022-05-20,0.014399999752640724,0.014399999752640724,0.014399999752640724,0.014399999752640724,0
2022-05-23,0.012500000186264515,0.012500000186264515,0.012500000186264515,0.012500000186264515,10000
2022-05-24,0.012500000186264515,0.012500000186264515,0.012500000186264515,0.012500000186264515,0
2022-05-25,0.012500000186264515,0.012500000186264515,0.012500000186264515,0.012500000186264515,0
2022-05-26,0.012500000186264515,0.012500000186264515,0.012500000186264515,0.012500000186264515,0
2022-05-27,0.012500000186264515,0.012500000186264515,0.012500000186264515,0.012500000186264515,0
2022-05-31,0.012500000186264515,0.012500000186264515,0.012500000186264515,0.012500000186264515,0
2022-06-01,0.012500000186264515,0.012500000186264515,0.012500000186264515,0.012500000186264515,300
2022-06-02,0.012500000186264515,0.012500000186264515,0.012500000186264515,0.012500000186264515,0
2022-06-03,0.012500000186264515,0.012500000186264515,0.012500000186264515,0.012500000186264515,250
2022-06-06,0.012500000186264515,0.012500000186264515,0.012500000186264515,0.012500000186264515,0
2022-06-07,0.012500000186264515,0.012500000186264515,0.012500000186264515,0.012500000186264515,0
2022-06-08,0.012500000186264515,0.012500000186264515,0.012500000186264515,0.012500000186264515,0
2022-06-09,0.012500000186264515,0.012500000186264515,0.012500000186264515,0.012500000186264515,0
2022-06-10,0.012500000186264515,0.012500000186264515,0.012500000186264515,0.012500000186264515,50000
2022-06-13,0.012500000186264515,0.012500000186264515,0.012500000186264515,0.012500000186264515,0
2022-06-14,0.017999999225139618,0.017999999225139618,0.017999999225139618,0.017999999225139618,10000
2022-06-15,0.017999999225139618,0.017999999225139618,0.017999999225139618,0.017999999225139618,0
2022-06-16,0.017999999225139618,0.017999999225139618,0.017999999225139618,0.017999999225139618,0
2022-06-17,0.017999999225139618,0.017999999225139618,0.017999999225139618,0.017999999225139618,0
2022-06-21,0.017999999225139618,0.017999999225139618,0.017999999225139618,0.017999999225139618,0
2022-06-22,0.017999999225139618,0.017999999225139618,0.017999999225139618,0.017999999225139618,0
2022-06-23,0.017999999225139618,0.017999999225139618,0.017999999225139618,0.017999999225139618,0
2022-06-24,0.017999999225139618,0.017999999225139618,0.017999999225139618,0.017999999225139618,0
2022-06-27,0.017999999225139618,0.017999999225139618,0.017999999225139618,0.017999999225139618,0
2022-06-28,0.017999999225139618,0.017999999225139618,0.017999999225139618,0.017999999225139618,0
2022-06-29,0.017999999225139618,0.017999999225139618,0.017999999225139618,0.017999999225139618,0
2022-06-30,0.012600000016391277,0.012600000016391277,0.012600000016391277,0.012600000016391277,1000
2022-07-01,0.012600000016391277,0.012600000016391277,0.012600000016391277,0.012600000016391277,0
2022-07-05,0.012600000016391277,0.012600000016391277,0.012600000016391277,0.012600000016391277,0
2022-07-06,0.012600000016391277,0.012600000016391277,0.012600000016391277,0.012600000016391277,0
2022-07-07,0.012600000016391277,0.012600000016391277,0.012600000016391277,0.012600000016391277,0
2022-07-08,0.017999999225139618,0.017999999225139618,0.017999999225139618,0.017999999225139618,53200
2022-07-11,0.017999999225139618,0.017999999225139618,0.017999999225139618,0.017999999225139618,0
2022-07-12,0.017999999225139618,0.017999999225139618,0.017999999225139618,0.017999999225139618,0
2022-07-13,0.017999999225139618,0.017999999225139618,0.017999999225139618,0.017999999225139618,0
2022-07-14,0.017999999225139618,0.017999999225139618,0.017999999225139618,0.017999999225139618,0
2022-07-15,0.017999999225139618,0.017999999225139618,0.017999999225139618,0.017999999225139618,0
2022-07-18,0.017999999225139618,0.017999999225139618,0.017999999225139618,0.017999999225139618,0
2022-07-19,0.017999999225139618,0.017999999225139618,0.017999999225139618,0.017999999225139618,0
2022-07-20,0.017999999225139618,0.017999999225139618,0.017999999225139618,0.017999999225139618,0
2022-07-21,0.017999999225139618,0.017999999225139618,0.017999999225139618,0.017999999225139618,65000
2022-07-22,0.017999999225139618,0.017999999225139618,0.017999999225139618,0.017999999225139618,0
2022-07-25,0.017999999225139618,0.017999999225139618,0.017999999225139618,0.017999999225139618,0
2022-07-26,0.017999999225139618,0.017999999225139618,0.017999999225139618,0.017999999225139618,0
2022-07-27,0.017999999225139618,0.017999999225139618,0.017999999225139618,0.017999999225139618,0
2022-07-28,0.017999999225139618,0.017999999225139618,0.017999999225139618,0.017999999225139618,0
2022-07-29,0.017999999225139618,0.017999999225139618,0.017999999225139618,0.017999999225139618,0
2022-08-01,0.017999999225139618,0.017999999225139618,0.017999999225139618,0.017999999225139618,0
2022-08-02,0.017999999225139618,0.017999999225139618,0.017999999225139618,0.017999999225139618,0
2022-08-03,0.017999999225139618,0.017999999225139618,0.017999999225139618,0.017999999225139618,0
2022-08-04,0.017999999225139618,0.017999999225139618,0.017999999225139618,0.017999999225139618,0
2022-08-05,0.014999999664723873,0.014999999664723873,0.014999999664723873,0.014999999664723873,10000
2022-08-08,0.014999999664723873,0.014999999664723873,0.014999999664723873,0.014999999664723873,0
2022-08-09,0.014999999664723873,0.014999999664723873,0.014999999664723873,0.014999999664723873,0
2022-08-10,0.014999999664723873,0.014999999664723873,0.014999999664723873,0.014999999664723873,0
2022-08-11,0.014999999664723873,0.014999999664723873,0.014999999664723873,0.014999999664723873,0
2022-08-12,0.012900000438094139,0.014999999664723873,0.012900000438094139,0.013500000350177288,424100
2022-08-15,0.019999999552965164,0.019999999552965164,0.013000000268220901,0.013000000268220901,19071
2022-08-16,0.019999999552965164,0.019999999552965164,0.019999999552965164,0.019999999552965164,0
2022-08-17,0.019999999552965164,0.019999999552965164,0.019999999552965164,0.019999999552965164,0
2022-08-18,0.019999999552965164,0.019999999552965164,0.019999999552965164,0.019999999552965164,0
2022-08-19,0.019999999552965164,0.019999999552965164,0.019999999552965164,0.019999999552965164,0
2022-08-22,0.019999999552965164,0.019999999552965164,0.019999999552965164,0.019999999552965164,0
2022-08-23,0.019999999552965164,0.019999999552965164,0.019999999552965164,0.019999999552965164,0
2022-08-24,0.019999999552965164,0.019999999552965164,0.019999999552965164,0.019999999552965164,0
2022-08-25,0.013000000268220901,0.013000000268220901,0.013000000268220901,0.013000000268220901,400
2022-08-26,0.021900000050663948,0.021900000050663948,0.012900000438094139,0.013000000268220901,412100
2022-08-29,0.021900000050663948,0.021900000050663948,0.021900000050663948,0.021900000050663948,0
2022-08-30,0.021900000050663948,0.021900000050663948,0.021900000050663948,0.021900000050663948,0
2022-08-31,0.021900000050663948,0.021900000050663948,0.021900000050663948,0.021900000050663948,0
2022-09-01,0.021900000050663948,0.021900000050663948,0.021900000050663948,0.021900000050663948,0
2022-09-02,0.021900000050663948,0.021900000050663948,0.021900000050663948,0.021900000050663948,0
2022-09-06,0.021900000050663948,0.021900000050663948,0.021900000050663948,0.021900000050663948,0
2022-09-07,0.021900000050663948,0.021900000050663948,0.021900000050663948,0.021900000050663948,0
2022-09-08,0.021900000050663948,0.021900000050663948,0.021900000050663948,0.021900000050663948,0
2022-09-09,0.013500000350177288,0.013500000350177288,0.013500000350177288,0.013500000350177288,20000
2022-09-12,0.013500000350177288,0.013500000350177288,0.013500000350177288,0.013500000350177288,0
2022-09-13,0.013500000350177288,0.013500000350177288,0.013500000350177288,0.013500000350177288,2000
2022-09-14,0.013500000350177288,0.013500000350177288,0.013500000350177288,0.013500000350177288,0
2022-09-15,0.013500000350177288,0.013500000350177288,0.013500000350177288,0.013500000350177288,0
2022-09-16,0.013500000350177288,0.013500000350177288,0.013500000350177288,0.013500000350177288,0
2022-09-19,0.013500000350177288,0.013500000350177288,0.013500000350177288,0.013500000350177288,0
2022-09-20,0.013500000350177288,0.013500000350177288,0.013500000350177288,0.013500000350177288,0
2022-09-21,0.013500000350177288,0.013500000350177288,0.013500000350177288,0.013500000350177288,0
2022-09-22,0.013500000350177288,0.013500000350177288,0.013500000350177288,0.013500000350177288,0
2022-09-23,0.013500000350177288,0.013500000350177288,0.013500000350177288,0.013500000350177288,0
2022-09-26,0.013500000350177288,0.013500000350177288,0.013500000350177288,0.013500000350177288,0
2022-09-27,0.013500000350177288,0.013500000350177288,0.013500000350177288,0.013500000350177288,0
2022-09-28,0.013500000350177288,0.013500000350177288,0.013500000350177288,0.013500000350177288,0
2022-09-29,0.013500000350177288,0.013500000350177288,0.013500000350177288,0.013500000350177288,0
2022-09-30,0.013500000350177288,0.013500000350177288,0.013500000350177288,0.013500000350177288,0
2022-10-03,0.013500000350177288,0.013500000350177288,0.013500000350177288,0.013500000350177288,0
2022-10-04,0.013500000350177288,0.013500000350177288,0.013500000350177288,0.013500000350177288,0
2022-10-05,0.013500000350177288,0.013500000350177288,0.013500000350177288,0.013500000350177288,0
2022-10-06,0.013500000350177288,0.013500000350177288,0.013500000350177288,0.013500000350177288,0
2022-10-07,0.013500000350177288,0.013500000350177288,0.013500000350177288,0.013500000350177288,0
2022-10-10,0.013500000350177288,0.013500000350177288,0.013500000350177288,0.013500000350177288,0
2022-10-11,0.013500000350177288,0.013500000350177288,0.013500000350177288,0.013500000350177288,0
2022-10-12,0.017249999567866325,0.01759999990463257,0.017249999567866325,0.017500000074505806,130000
2022-10-13,0.010999999940395355,0.013500000350177288,0.006500000134110451,0.013500000350177288,99700
2022-10-14,0.014999999664723873,0.014999999664723873,0.013799999840557575,0.013799999840557575,81250
2022-10-17,0.014999999664723873,0.014999999664723873,0.014999999664723873,0.014999999664723873,0
2022-10-18,0.014999999664723873,0.014999999664723873,0.014999999664723873,0.014999999664723873,0
2022-10-19,0.014999999664723873,0.014999999664723873,0.014999999664723873,0.014999999664723873,0
2022-10-20,0.014999999664723873,0.014999999664723873,0.014999999664723873,0.014999999664723873,0
2022-10-21,0.014999999664723873,0.014999999664723873,0.014999999664723873,0.014999999664723873,0
2022-10-24,0.016300000250339508,0.017500000074505806,0.016300000250339508,0.017500000074505806,15000
2022-10-25,0.016300000250339508,0.016300000250339508,0.016300000250339508,0.016300000250339508,0
2022-10-26,0.016300000250339508,0.016300000250339508,0.016300000250339508,0.016300000250339508,0
2022-10-27,0.016300000250339508,0.016300000250339508,0.016300000250339508,0.016300000250339508,0
2022-10-28,0.016300000250339508,0.016300000250339508,0.016300000250339508,0.016300000250339508,0
2022-10-31,0.016300000250339508,0.016300000250339508,0.016300000250339508,0.016300000250339508,0
2022-11-01,0.016300000250339508,0.016300000250339508,0.016300000250339508,0.016300000250339508,0
2022-11-02,0.016300000250339508,0.016300000250339508,0.016300000250339508,0.016300000250339508,0
2022-11-03,0.016300000250339508,0.016300000250339508,0.016300000250339508,0.016300000250339508,0
2022-11-04,0.016300000250339508,0.016300000250339508,0.016300000250339508,0.016300000250339508,0
2022-11-07,0.016300000250339508,0.016300000250339508,0.016300000250339508,0.016300000250339508,0
2022-11-08,0.016300000250339508,0.016300000250339508,0.016300000250339508,0.016300000250339508,0
2022-11-09,0.010999999940395355,0.017000000923871994,0.010999999940395355,0.017000000923871994,38000
2022-11-10,0.015200000256299973,0.015200000256299973,0.015200000256299973,0.015200000256299973,75000
2022-11-11,0.015200000256299973,0.015200000256299973,0.015200000256299973,0.015200000256299973,0
2022-11-14,0.015200000256299973,0.015200000256299973,0.015200000256299973,0.015200000256299973,0
2022-11-15,0.013000000268220901,0.013000000268220901,0.013000000268220901,0.013000000268220901,1190
2022-11-16,0.014000000432133675,0.014000000432133675,0.014000000432133675,0.014000000432133675,600
2022-11-17,0.017500000074505806,0.017500000074505806,0.014999999664723873,0.014999999664723873,79600
2022-11-18,0.017000000923871994,0.017000000923871994,0.01549999974668026,0.017000000923871994,225000
2022-11-21,0.01899999938905239,0.01899999938905239,0.015599999576807022,0.015599999576807022,185000
2022-11-22,0.02500000037252903,0.02500000037252903,0.01614999957382679,0.01614999957382679,189999
2022-11-23,0.029999999329447746,0.029999999329447746,0.020999999716877937,0.024000000208616257,135000
2022-11-25,0.029999999329447746,0.029999999329447746,0.029999999329447746,0.029999999329447746,34333
2022-11-28,0.029999999329447746,0.029999999329447746,0.029999999329447746,0.029999999329447746,60000
2022-11-29,0.027000000700354576,0.032999999821186066,0.0203000009059906,0.02759999968111515,127707
2022-11-30,0.028999999165534973,0.028999999165534973,0.023000000044703484,0.0251499991863966,207400
2022-12-01,0.028999999165534973,0.028999999165534973,0.02500000037252903,0.02500000037252903,25200
2022-12-02,0.028999999165534973,0.028999999165534973,0.028999999165534973,0.028999999165534973,0
2022-12-05,0.028999999165534973,0.028999999165534973,0.020999999716877937,0.02500000037252903,179300
2022-12-06,0.028999999165534973,0.028999999165534973,0.028999999165534973,0.028999999165534973,0
2022-12-07,0.028999999165534973,0.028999999165534973,0.020999999716877937,0.023499999195337296,225000
2022-12-08,0.028999999165534973,0.028999999165534973,0.028999999165534973,0.028999999165534973,0
2022-12-09,0.029999999329447746,0.029999999329447746,0.027499999850988388,0.027499999850988388,64333
2022-12-12,0.029999999329447746,0.029999999329447746,0.01549999974668026,0.027499999850988388,80792
2022-12-13,0.03099999949336052,0.03099999949336052,0.02824999950826168,0.02824999950826168,91000
2022-12-14,0.03099999949336052,0.03099999949336052,0.03099999949336052,0.03099999949336052,0
2022-12-15,0.029999999329447746,0.029999999329447746,0.026499999687075615,0.026499999687075615,51705
2022-12-16,0.029999999329447746,0.029999999329447746,0.029999999329447746,0.029999999329447746,0
2022-12-19,0.029999999329447746,0.029999999329447746,0.029999999329447746,0.029999999329447746,40000
2022-12-20,0.032499998807907104,0.032499998807907104,0.032499998807907104,0.032499998807907104,20000
2022-12-21,0.032499998807907104,0.032499998807907104,0.032499998807907104,0.032499998807907104,0
2022-12-22,0.03500000014901161,0.03500000014901161,0.029999999329447746,0.029999999329447746,65000
2022-12-23,0.032499998807907104,0.032499998807907104,0.032499998807907104,0.032499998807907104,2000
2022-12-27,0.032499998807907104,0.032499998807907104,0.029999999329447746,0.032249998301267624,85000
2022-12-28,0.032499998807907104,0.032999999821186066,0.032499998807907104,0.032499998807907104,70500
2022-12-29,0.032499998807907104,0.032499998807907104,0.032499998807907104,0.032499998807907104,24000
2022-12-30,0.03350000083446503,0.03350000083446503,0.029999999329447746,0.030300000682473183,113000
2023-01-03,0.042500000447034836,0.042500000447034836,0.03999999910593033,0.03999999910593033,41343
2023-01-04,0.03700000047683716,0.04100000113248825,0.03700000047683716,0.04100000113248825,62126
2023-01-05,0.03700000047683716,0.03700000047683716,0.03700000047683716,0.03700000047683716,0
2023-01-06,0.03999999910593033,0.03999999910593033,0.032999999821186066,0.03500000014901161,20149
2023-01-09,0.03999999910593033,0.03999999910593033,0.03200000151991844,0.03200000151991844,4000
2023-01-10,0.03999999910593033,0.03999999910593033,0.03999999910593033,0.03999999910593033,0
2023-01-11,0.03999999910593033,0.03999999910593033,0.03999999910593033,0.03999999910593033,0
2023-01-12,0.03999999910593033,0.03999999910593033,0.03999999910593033,0.03999999910593033,0
2023-01-13,0.03999999910593033,0.03999999910593033,0.03999999910593033,0.03999999910593033,0
2023-01-17,0.03125,0.03200000151991844,0.027000000700354576,0.03200000151991844,18600
2023-01-18,0.03550000116229057,0.03550000116229057,0.03550000116229057,0.03550000116229057,10000
2023-01-19,0.03550000116229057,0.03550000116229057,0.03550000116229057,0.03550000116229057,0
2023-01-20,0.03550000116229057,0.03550000116229057,0.03550000116229057,0.03550000116229057,0
2023-01-23,0.03550000116229057,0.03550000116229057,0.03550000116229057,0.03550000116229057,0
2023-01-24,0.03550000116229057,0.03550000116229057,0.03550000116229057,0.03550000116229057,0
2023-01-25,0.03550000116229057,0.03550000116229057,0.03550000116229057,0.03550000116229057,0
2023-01-26,0.03999999910593033,0.03999999910593033,0.03819999843835831,0.038600001484155655,128300
2023-01-27,0.03999999910593033,0.03999999910593033,0.03999999910593033,0.03999999910593033,0
2023-01-30,0.03999999910593033,0.03999999910593033,0.03999999910593033,0.03999999910593033,0
2023-01-31,0.03999999910593033,0.03999999910593033,0.03999999910593033,0.03999999910593033,0
2023-02-01,0.03824999928474426,0.03824999928474426,0.03824999928474426,0.03824999928474426,150
2023-02-02,0.03824999928474426,0.03824999928474426,0.03824999928474426,0.03824999928474426,0
2023-02-03,0.03824999928474426,0.03824999928474426,0.03824999928474426,0.03824999928474426,0
2023-02-06,0.032999999821186066,0.032999999821186066,0.032999999821186066,0.032999999821186066,301
2023-02-07,0.032999999821186066,0.032999999821186066,0.032999999821186066,0.032999999821186066,0
2023-02-08,0.027499999850988388,0.03099999949336052,0.027499999850988388,0.03099999949336052,39800
2023-02-09,0.027499999850988388,0.027499999850988388,0.027499999850988388,0.027499999850988388,0
2023-02-10,0.026499999687075615,0.03500000014901161,0.026499999687075615,0.027499999850988388,20500
2023-02-13,0.026499999687075615,0.026499999687075615,0.026499999687075615,0.026499999687075615,0
2023-02-14,0.026499999687075615,0.026499999687075615,0.026499999687075615,0.026499999687075615,0
2023-02-15,0.026499999687075615,0.026499999687075615,0.026499999687075615,0.026499999687075615,0
2023-02-16,0.027780000120401382,0.027780000120401382,0.027780000120401382,0.027780000120401382,115
2023-02-17,0.027780000120401382,0.027780000120401382,0.027780000120401382,0.027780000120401382,0
2023-02-21,0.027780000120401382,0.027780000120401382,0.027780000120401382,0.027780000120401382,0
2023-02-22,0.027780000120401382,0.027780000120401382,0.027780000120401382,0.027780000120401382,0
2023-02-23,0.027780000120401382,0.027780000120401382,0.027780000120401382,0.027780000120401382,0
2023-02-24,0.027780000120401382,0.027780000120401382,0.027780000120401382,0.027780000120401382,0
2023-02-27,0.027780000120401382,0.027780000120401382,0.027780000120401382,0.027780000120401382,0
2023-02-28,0.03465000167489052,0.03500000014901161,0.03288000077009201,0.03500000014901161,50001
2023-03-01,0.03500000014901161,0.03500000014901161,0.029999999329447746,0.03288000077009201,80000
2023-03-02,0.03500000014901161,0.03500000014901161,0.032499998807907104,0.032499998807907104,50000
2023-03-03,0.03750000149011612,0.03750000149011612,0.03375000134110451,0.03750000149011612,50000
2023-03-06,0.03849999979138374,0.03849999979138374,0.032499998807907104,0.032499998807907104,10000
2023-03-07,0.025100000202655792,0.025100000202655792,0.02250000089406967,0.02250000089406967,2720
2023-03-08,0.025100000202655792,0.025100000202655792,0.025100000202655792,0.025100000202655792,0
2023-03-09,0.025100000202655792,0.025100000202655792,0.025100000202655792,0.025100000202655792,0
2023-03-10,0.025100000202655792,0.025100000202655792,0.025100000202655792,0.025100000202655792,0
2023-03-13,0.02800000086426735,0.02800000086426735,0.02800000086426735,0.02800000086426735,10000
2023-03-14,0.02800000086426735,0.02800000086426735,0.02800000086426735,0.02800000086426735,0
2023-03-15,0.02800000086426735,0.02800000086426735,0.02800000086426735,0.02800000086426735,0
2023-03-16,0.02800000086426735,0.02800000086426735,0.02800000086426735,0.02800000086426735,0
2023-03-17,0.02800000086426735,0.02800000086426735,0.02800000086426735,0.02800000086426735,20000
2023-03-20,0.024000000208616257,0.024000000208616257,0.024000000208616257,0.024000000208616257,500
2023-03-21,0.024000000208616257,0.024000000208616257,0.024000000208616257,0.024000000208616257,8000
2023-03-22,0.023000000044703484,0.023000000044703484,0.023000000044703484,0.023000000044703484,50000
2023-03-23,0.023000000044703484,0.023000000044703484,0.023000000044703484,0.023000000044703484,0
2023-03-24,0.023000000044703484,0.023000000044703484,0.023000000044703484,0.023000000044703484,0
2023-03-27,0.023000000044703484,0.023000000044703484,0.023000000044703484,0.023000000044703484,0
2023-03-28,0.020999999716877937,0.020999999716877937,0.019999999552965164,0.019999999552965164,31200
2023-03-29,0.020999999716877937,0.020999999716877937,0.020999999716877937,0.020999999716877937,0
2023-03-30,0.020999999716877937,0.020999999716877937,0.020999999716877937,0.020999999716877937,0
2023-03-31,0.020999999716877937,0.020999999716877937,0.020999999716877937,0.020999999716877937,0
2023-04-03,0.020999999716877937,0.020999999716877937,0.020999999716877937,0.020999999716877937,0
2023-04-04,0.020999999716877937,0.020999999716877937,0.020999999716877937,0.020999999716877937,0
2023-04-05,0.020999999716877937,0.020999999716877937,0.020999999716877937,0.020999999716877937,0
2023-04-06,0.020999999716877937,0.020999999716877937,0.020999999716877937,0.020999999716877937,0
2023-04-10,0.020999999716877937,0.020999999716877937,0.020999999716877937,0.020999999716877937,0
2023-04-11,0.020999999716877937,0.020999999716877937,0.020999999716877937,0.020999999716877937,0
2023-04-12,0.01600000075995922,0.01600000075995922,0.01600000075995922,0.01600000075995922,7200
2023-04-13,0.01600000075995922,0.01600000075995922,0.01600000075995922,0.01600000075995922,0
2023-04-14,0.01600000075995922,0.01600000075995922,0.01600000075995922,0.01600000075995922,0
2023-04-17,0.01600000075995922,0.01600000075995922,0.01600000075995922,0.01600000075995922,0
2023-04-18,0.01600000075995922,0.01600000075995922,0.01600000075995922,0.01600000075995922,0
2023-04-19,0.01600000075995922,0.01600000075995922,0.01600000075995922,0.01600000075995922,0
2023-04-20,0.01600000075995922,0.01600000075995922,0.01600000075995922,0.01600000075995922,0
2023-04-21,0.01600000075995922,0.01600000075995922,0.01600000075995922,0.01600000075995922,0
2023-04-24,0.01600000075995922,0.01600000075995922,0.01600000075995922,0.01600000075995922,0
2023-04-25,0.016100000590085983,0.016100000590085983,0.016100000590085983,0.016100000590085983,2000
2023-04-26,0.016100000590085983,0.016100000590085983,0.016100000590085983,0.016100000590085983,0
2023-04-27,0.016100000590085983,0.024000000208616257,0.016100000590085983,0.016100000590085983,47900
2023-04-28,0.016100000590085983,0.016100000590085983,0.016100000590085983,0.016100000590085983,0
2023-05-01,0.016100000590085983,0.016100000590085983,0.016100000590085983,0.016100000590085983,0
2023-05-02,0.016100000590085983,0.016100000590085983,0.016100000590085983,0.016100000590085983,0
2023-05-03,0.016100000590085983,0.016100000590085983,0.016100000590085983,0.016100000590085983,0
2023-05-04,0.026100000366568565,0.026100000366568565,0.026100000366568565,0.026100000366568565,1000
2023-05-05,0.026100000366568565,0.026100000366568565,0.026100000366568565,0.026100000366568565,0
2023-05-08,0.026100000366568565,0.026100000366568565,0.026100000366568565,0.026100000366568565,0
2023-05-09,0.017000000923871994,0.017000000923871994,0.017000000923871994,0.017000000923871994,9200
2023-05-10,0.017000000923871994,0.017000000923871994,0.017000000923871994,0.017000000923871994,0
2023-05-11,0.016100000590085983,0.016100000590085983,0.016100000590085983,0.016100000590085983,250
2023-05-12,0.016100000590085983,0.016100000590085983,0.016100000590085983,0.016100000590085983,0
2023-05-15,0.016100000590085983,0.016100000590085983,0.016100000590085983,0.016100000590085983,1000
2023-05-16,0.016100000590085983,0.016100000590085983,0.016100000590085983,0.016100000590085983,0
2023-05-17,0.016100000590085983,0.016100000590085983,0.016100000590085983,0.016100000590085983,0
2023-05-18,0.016100000590085983,0.016100000590085983,0.016100000590085983,0.016100000590085983,0
2023-05-19,0.016100000590085983,0.016100000590085983,0.016100000590085983,0.016100000590085983,0
2023-05-22,0.016100000590085983,0.016100000590085983,0.016100000590085983,0.016100000590085983,0
2023-05-23,0.016100000590085983,0.016100000590085983,0.016100000590085983,0.016100000590085983,0
2023-05-24,0.016100000590085983,0.016100000590085983,0.016100000590085983,0.016100000590085983,0
2023-05-25,0.016100000590085983,0.016100000590085983,0.016100000590085983,0.016100000590085983,0
2023-05-26,0.016100000590085983,0.016100000590085983,0.016100000590085983,0.016100000590085983,0
2023-05-30,0.016100000590085983,0.016100000590085983,0.016100000590085983,0.016100000590085983,2400
2023-05-31,0.016100000590085983,0.016100000590085983,0.016100000590085983,0.016100000590085983,250
2023-06-01,0.016100000590085983,0.016100000590085983,0.016100000590085983,0.016100000590085983,1564
2023-06-02,0.016100000590085983,0.016100000590085983,0.016100000590085983,0.016100000590085983,0
2023-06-05,0.029999999329447746,0.041999999433755875,0.029999999329447746,0.041999999433755875,95000
2023-06-06,0.029999999329447746,0.029999999329447746,0.029999999329447746,0.029999999329447746,0
2023-06-07,0.025100000202655792,0.025100000202655792,0.025100000202655792,0.025100000202655792,900
2023-06-08,0.025100000202655792,0.025100000202655792,0.025100000202655792,0.025100000202655792,0
2023-06-09,0.025100000202655792,0.025100000202655792,0.025100000202655792,0.025100000202655792,0
2023-06-12,0.025100000202655792,0.025100000202655792,0.025100000202655792,0.025100000202655792,0
2023-06-13,0.025100000202655792,0.025100000202655792,0.025100000202655792,0.025100000202655792,0
2023-06-14,0.025100000202655792,0.025100000202655792,0.025100000202655792,0.025100000202655792,0
2023-06-15,0.025100000202655792,0.025100000202655792,0.025100000202655792,0.025100000202655792,0
2023-06-16,0.025100000202655792,0.025100000202655792,0.025100000202655792,0.025100000202655792,0
2023-06-20,0.025100000202655792,0.025100000202655792,0.025100000202655792,0.025100000202655792,0
2023-06-21,0.025100000202655792,0.025100000202655792,0.025100000202655792,0.025100000202655792,0
2023-06-22,0.025100000202655792,0.025100000202655792,0.025100000202655792,0.025100000202655792,0
2023-06-23,0.017500000074505806,0.017500000074505806,0.017500000074505806,0.017500000074505806,1562
2023-06-26,0.017500000074505806,0.017500000074505806,0.017500000074505806,0.017500000074505806,0
2023-06-27,0.017500000074505806,0.017500000074505806,0.017500000074505806,0.017500000074505806,0
2023-06-28,0.017500000074505806,0.017500000074505806,0.017500000074505806,0.017500000074505806,0
2023-06-29,0.017500000074505806,0.017500000074505806,0.017500000074505806,0.017500000074505806,0
2023-06-30,0.017500000074505806,0.017500000074505806,0.017500000074505806,0.017500000074505806,0
2023-07-03,0.017500000074505806,0.017500000074505806,0.017500000074505806,0.017500000074505806,0
2023-07-05,0.017500000074505806,0.017500000074505806,0.017500000074505806,0.017500000074505806,0
2023-07-06,0.017500000074505806,0.017500000074505806,0.017500000074505806,0.017500000074505806,0
2023-07-07,0.017500000074505806,0.017500000074505806,0.017500000074505806,0.017500000074505806,0
2023-07-10,0.017500000074505806,0.017500000074505806,0.017500000074505806,0.017500000074505806,0
2023-07-11,0.017500000074505806,0.017500000074505806,0.017500000074505806,0.017500000074505806,0
2023-07-12,0.017500000074505806,0.017500000074505806,0.017500000074505806,0.017500000074505806,0
2023-07-13,0.017500000074505806,0.017500000074505806,0.017500000074505806,0.017500000074505806,0
2023-07-14,0.017500000074505806,0.017500000074505806,0.017500000074505806,0.017500000074505806,0
2023-07-17,0.017500000074505806,0.017500000074505806,0.017500000074505806,0.017500000074505806,0
2023-07-18,0.017500000074505806,0.017500000074505806,0.017500000074505806,0.017500000074505806,0
2023-07-19,0.017500000074505806,0.017500000074505806,0.017500000074505806,0.017500000074505806,0
2023-07-20,0.017500000074505806,0.017500000074505806,0.017500000074505806,0.017500000074505806,0
2023-07-21,0.017500000074505806,0.017500000074505806,0.017500000074505806,0.017500000074505806,0
2023-07-24,0.017500000074505806,0.017500000074505806,0.017500000074505806,0.017500000074505806,0
2023-07-25,0.017500000074505806,0.017500000074505806,0.017500000074505806,0.017500000074505806,0
2023-07-26,0.017500000074505806,0.017500000074505806,0.017500000074505806,0.017500000074505806,0
2023-07-27,0.017500000074505806,0.017500000074505806,0.017500000074505806,0.017500000074505806,0
2023-07-28,0.019999999552965164,0.019999999552965164,0.019999999552965164,0.019999999552965164,100000
2023-07-31,0.019999999552965164,0.019999999552965164,0.019999999552965164,0.019999999552965164,0
2023-08-01,0.019999999552965164,0.019999999552965164,0.019999999552965164,0.019999999552965164,0
2023-08-02,0.019999999552965164,0.019999999552965164,0.019999999552965164,0.019999999552965164,0
2023-08-03,0.019999999552965164,0.019999999552965164,0.019999999552965164,0.019999999552965164,0
2023-08-04,0.019999999552965164,0.019999999552965164,0.019999999552965164,0.019999999552965164,0
2023-08-07,0.019999999552965164,0.019999999552965164,0.019999999552965164,0.019999999552965164,0
2023-08-08,0.04399999976158142,0.04399999976158142,0.03400000184774399,0.03400000184774399,50000
2023-08-09,0.019999999552965164,0.019999999552965164,0.019999999552965164,0.019999999552965164,10000
2023-08-10,0.019999999552965164,0.019999999552965164,0.019999999552965164,0.019999999552965164,0
2023-08-11,0.019999999552965164,0.019999999552965164,0.019999999552965164,0.019999999552965164,0
2023-08-14,0.019999999552965164,0.019999999552965164,0.019999999552965164,0.019999999552965164,0
2023-08-15,0.019999999552965164,0.019999999552965164,0.019999999552965164,0.019999999552965164,0
2023-08-16,0.019999999552965164,0.019999999552965164,0.019999999552965164,0.019999999552965164,10000
2023-08-17,0.019999999552965164,0.019999999552965164,0.019999999552965164,0.019999999552965164,0
2023-08-18,0.019999999552965164,0.019999999552965164,0.019999999552965164,0.019999999552965164,0
2023-08-21,0.019999999552965164,0.019999999552965164,0.019999999552965164,0.019999999552965164,0
2023-08-22,0.019999999552965164,0.019999999552965164,0.019999999552965164,0.019999999552965164,0
2023-08-23,0.019999999552965164,0.019999999552965164,0.019999999552965164,0.019999999552965164,0
2023-08-24,0.019999999552965164,0.019999999552965164,0.019999999552965164,0.019999999552965164,0
2023-08-25,0.019999999552965164,0.019999999552965164,0.019999999552965164,0.019999999552965164,0
2023-08-28,0.019999999552965164,0.019999999552965164,0.019999999552965164,0.019999999552965164,0
2023-08-29,0.019999999552965164,0.019999999552965164,0.019999999552965164,0.019999999552965164,0
2023-08-30,0.019999999552965164,0.019999999552965164,0.019999999552965164,0.019999999552965164,0
2023-08-31,0.019999999552965164,0.019999999552965164,0.019999999552965164,0.019999999552965164,0
2023-09-01,0.019999999552965164,0.019999999552965164,0.019999999552965164,0.019999999552965164,0
2023-09-05,0.019999999552965164,0.019999999552965164,0.019999999552965164,0.019999999552965164,0
2023-09-06,0.019999999552965164,0.019999999552965164,0.019999999552965164,0.019999999552965164,0
2023-09-07,0.019999999552965164,0.019999999552965164,0.019999999552965164,0.019999999552965164,0
2023-09-08,0.019999999552965164,0.019999999552965164,0.019999999552965164,0.019999999552965164,0
2023-09-11,0.019999999552965164,0.019999999552965164,0.019999999552965164,0.019999999552965164,0
2023-09-12,0.019999999552965164,0.019999999552965164,0.019999999552965164,0.019999999552965164,0
2023-09-13,0.019999999552965164,0.019999999552965164,0.019999999552965164,0.019999999552965164,0
2023-09-14,0.019999999552965164,0.019999999552965164,0.019999999552965164,0.019999999552965164,0
2023-09-15,0.019999999552965164,0.019999999552965164,0.019999999552965164,0.019999999552965164,0
2023-09-18,0.019999999552965164,0.019999999552965164,0.019999999552965164,0.019999999552965164,0
2023-09-19,0.019999999552965164,0.019999999552965164,0.019999999552965164,0.019999999552965164,0
2023-09-20,0.019999999552965164,0.019999999552965164,0.019999999552965164,0.019999999552965164,0
2023-09-21,0.019999999552965164,0.019999999552965164,0.019999999552965164,0.019999999552965164,0
2023-09-22,0.019999999552965164,0.019999999552965164,0.019999999552965164,0.019999999552965164,0
2023-09-25,0.02199999988079071,0.02199999988079071,0.02199999988079071,0.02199999988079071,2500
2023-09-26,0.02199999988079071,0.02199999988079071,0.02199999988079071,0.02199999988079071,0
2023-09-27,0.02199999988079071,0.02199999988079071,0.02199999988079071,0.02199999988079071,0
2023-09-28,0.02199999988079071,0.02199999988079071,0.02199999988079071,0.02199999988079071,0
2023-09-29,0.02199999988079071,0.02199999988079071,0.02199999988079071,0.02199999988079071,0
2023-10-02,0.02199999988079071,0.02199999988079071,0.02199999988079071,0.02199999988079071,125
2023-10-03,0.02199999988079071,0.02199999988079071,0.02199999988079071,0.02199999988079071,0
2023-10-04,0.02199999988079071,0.02199999988079071,0.02199999988079071,0.02199999988079071,0
2023-10-05,0.02199999988079071,0.02199999988079071,0.02199999988079071,0.02199999988079071,0
2023-10-06,0.02199999988079071,0.02199999988079071,0.02199999988079071,0.02199999988079071,0
2023-10-09,0.025299999862909317,0.025299999862909317,0.025299999862909317,0.025299999862909317,5000
2023-10-10,0.025299999862909317,0.025299999862909317,0.025299999862909317,0.025299999862909317,0
2023-10-11,0.025299999862909317,0.025299999862909317,0.025299999862909317,0.025299999862909317,0
2023-10-12,0.025299999862909317,0.025299999862909317,0.025299999862909317,0.025299999862909317,0
2023-10-13,0.025299999862909317,0.025299999862909317,0.025299999862909317,0.025299999862909317,0
2023-10-16,0.02199999988079071,0.02199999988079071,0.02199999988079071,0.02199999988079071,36367
2023-10-17,0.02199999988079071,0.02199999988079071,0.02199999988079071,0.02199999988079071,0
2023-10-18,0.02199999988079071,0.02199999988079071,0.02199999988079071,0.02199999988079071,0
2023-10-19,0.02199999988079071,0.02199999988079071,0.02199999988079071,0.02199999988079071,0
2023-10-20,0.02199999988079071,0.02199999988079071,0.02199999988079071,0.02199999988079071,0
2023-10-23,0.02199999988079071,0.02199999988079071,0.02199999988079071,0.02199999988079071,2420
2023-10-24,0.02199999988079071,0.02199999988079071,0.02199999988079071,0.02199999988079071,0
2023-10-25,0.02199999988079071,0.02199999988079071,0.02199999988079071,0.02199999988079071,0
2023-10-26,0.02199999988079071,0.02199999988079071,0.02199999988079071,0.02199999988079071,0
2023-10-27,0.022099999710917473,0.022099999710917473,0.022099999710917473,0.022099999710917473,2500
2023-10-30,0.022099999710917473,0.022099999710917473,0.022099999710917473,0.022099999710917473,2000
2023-10-31,0.022099999710917473,0.022099999710917473,0.022099999710917473,0.022099999710917473,0
2023-11-01,0.023000000044703484,0.027499999850988388,0.023000000044703484,0.027499999850988388,250
2023-11-02,0.023000000044703484,0.023000000044703484,0.023000000044703484,0.023000000044703484,0
2023-11-03,0.023000000044703484,0.023000000044703484,0.023000000044703484,0.023000000044703484,0
2023-11-06,0.023000000044703484,0.023000000044703484,0.023000000044703484,0.023000000044703484,0
2023-11-07,0.019999999552965164,0.023000000044703484,0.019999999552965164,0.023000000044703484,59400
2023-11-08,0.019999999552965164,0.019999999552965164,0.019999999552965164,0.019999999552965164,0
2023-11-09,0.019999999552965164,0.019999999552965164,0.019999999552965164,0.019999999552965164,0
2023-11-10,0.019999999552965164,0.019999999552965164,0.019999999552965164,0.019999999552965164,0
2023-11-13,0.019999999552965164,0.019999999552965164,0.019999999552965164,0.019999999552965164,0
2023-11-14,0.019999999552965164,0.019999999552965164,0.019999999552965164,0.019999999552965164,0
2023-11-15,0.020099999383091927,0.020099999383091927,0.020099999383091927,0.020099999383091927,500
2023-11-16,0.024450000375509262,0.024450000375509262,0.019999999552965164,0.020099999383091927,41000
2023-11-17,0.019999999552965164,0.019999999552965164,0.019999999552965164,0.019999999552965164,212
2023-11-20,0.019999999552965164,0.019999999552965164,0.019999999552965164,0.019999999552965164,0
2023-11-21,0.020099999383091927,0.020099999383091927,0.020099999383091927,0.020099999383091927,160
2023-11-22,0.020099999383091927,0.02889999933540821,0.020099999383091927,0.02889999933540821,260
2023-11-24,0.020099999383091927,0.020099999383091927,0.020099999383091927,0.020099999383091927,0
2023-11-27,0.019999999552965164,0.019999999552965164,0.019999999552965164,0.019999999552965164,75000
2023-11-28,0.019999999552965164,0.019999999552965164,0.019999999552965164,0.019999999552965164,0
2023-11-29,0.019999999552965164,0.019999999552965164,0.019999999552965164,0.019999999552965164,0
2023-11-30,0.019999999552965164,0.019999999552965164,0.019999999552965164,0.019999999552965164,15000
2023-12-01,0.019999999552965164,0.019999999552965164,0.019999999552965164,0.019999999552965164,0
2023-12-04,0.019999999552965164,0.019999999552965164,0.019999999552965164,0.019999999552965164,500
2023-12-05,0.019999999552965164,0.019999999552965164,0.019999999552965164,0.019999999552965164,0
2023-12-06,0.019999999552965164,0.019999999552965164,0.019999999552965164,0.019999999552965164,0
2023-12-07,0.019999999552965164,0.019999999552965164,0.019999999552965164,0.019999999552965164,0
2023-12-08,0.019999999552965164,0.019999999552965164,0.019999999552965164,0.019999999552965164,0
2023-12-11,0.019999999552965164,0.019999999552965164,0.019999999552965164,0.019999999552965164,0
2023-12-12,0.019999999552965164,0.019999999552965164,0.019999999552965164,0.019999999552965164,50000
2023-12-13,0.019999999552965164,0.019999999552965164,0.019999999552965164,0.019999999552965164,1000
2023-12-14,0.019999999552965164,0.019999999552965164,0.019999999552965164,0.019999999552965164,27857
2023-12-15,0.010999999940395355,0.010999999940395355,0.010999999940395355,0.010999999940395355,300
2023-12-18,0.010999999940395355,0.010999999940395355,0.010999999940395355,0.010999999940395355,0
2023-12-19,0.010999999940395355,0.017000000923871994,0.010999999940395355,0.017000000923871994,50000
2023-12-20,0.010999999940395355,0.010999999940395355,0.010999999940395355,0.010999999940395355,0
2023-12-21,0.010999999940395355,0.010999999940395355,0.010999999940395355,0.010999999940395355,0
2023-12-22,0.011099999770522118,0.011099999770522118,0.011099999770522118,0.011099999770522118,250
2023-12-26,0.011099999770522118,0.011099999770522118,0.011099999770522118,0.011099999770522118,50000
2023-12-27,0.009999999776482582,0.011099999770522118,0.009999999776482582,0.011099999770522118,232095
2023-12-28,0.009999999776482582,0.009999999776482582,0.009999999776482582,0.009999999776482582,0
2023-12-29,0.009999999776482582,0.009999999776482582,0.009999999776482582,0.009999999776482582,0
2024-01-02,0.009999999776482582,0.009999999776482582,0.009999999776482582,0.009999999776482582,0
2024-01-03,0.009999999776482582,0.009999999776482582,0.009999999776482582,0.009999999776482582,0
2024-01-04,0.009999999776482582,0.009999999776482582,0.009999999776482582,0.009999999776482582,0
2024-01-05,0.009999999776482582,0.009999999776482582,0.009999999776482582,0.009999999776482582,0
2024-01-08,0.010999999940395355,0.010999999940395355,0.010999999940395355,0.010999999940395355,5200
2024-01-09,0.010999999940395355,0.010999999940395355,0.010999999940395355,0.010999999940395355,0
2024-01-10,0.010999999940395355,0.010999999940395355,0.010999999940395355,0.010999999940395355,0
2024-01-11,0.010999999940395355,0.010999999940395355,0.010999999940395355,0.010999999940395355,0
2024-01-12,0.010999999940395355,0.010999999940395355,0.010999999940395355,0.010999999940395355,0
2024-01-16,0.010999999940395355,0.010999999940395355,0.010999999940395355,0.010999999940395355,0
2024-01-17,0.010999999940395355,0.010999999940395355,0.010999999940395355,0.010999999940395355,500
2024-01-18,0.010999999940395355,0.010999999940395355,0.010999999940395355,0.010999999940395355,2000
2024-01-19,0.0215000007301569,0.029750000685453415,0.0215000007301569,0.029750000685453415,54916
2024-01-22,0.010999999940395355,0.010999999940395355,0.010999999940395355,0.010999999940395355,51860
2024-01-23,0.010999999940395355,0.010999999940395355,0.010999999940395355,0.010999999940395355,0
2024-01-24,0.019950000569224358,0.019950000569224358,0.019950000569224358,0.019950000569224358,10000
2024-01-25,0.019950000569224358,0.019950000569224358,0.019950000569224358,0.019950000569224358,0
2024-01-26,0.01209999993443489,0.028599999845027924,0.01209999993443489,0.028599999845027924,28400
2024-01-29,0.01209999993443489,0.01209999993443489,0.01209999993443489,0.01209999993443489,0
2024-01-30,0.01979999989271164,0.01979999989271164,0.014999999664723873,0.014999999664723873,20000
2024-01-31,0.01979999989271164,0.01979999989271164,0.01979999989271164,0.01979999989271164,0
2024-02-01,0.01979999989271164,0.01979999989271164,0.01979999989271164,0.01979999989271164,0
2024-02-02,0.01979999989271164,0.01979999989271164,0.01979999989271164,0.01979999989271164,0
2024-02-05,0.01979999989271164,0.01979999989271164,0.01979999989271164,0.01979999989271164,0
2024-02-06,0.01979999989271164,0.01979999989271164,0.01979999989271164,0.01979999989271164,0
2024-02-07,0.01119999960064888,0.01119999960064888,0.01119999960064888,0.01119999960064888,100000
2024-02-08,0.00019999999494757503,0.00019999999494757503,0.00019999999494757503,0.00019999999494757503,330
2024-02-09,0.00019999999494757503,0.00019999999494757503,0.00019999999494757503,0.00019999999494757503,0
2024-02-12,0.00019999999494757503,0.00019999999494757503,0.00019999999494757503,0.00019999999494757503,0
2024-02-13,0.011800000444054604,0.011800000444054604,0.011800000444054604,0.011800000444054604,20000
2024-02-14,0.011800000444054604,0.011800000444054604,0.011800000444054604,0.011800000444054604,0
2024-02-15,0.011800000444054604,0.011800000444054604,0.011800000444054604,0.011800000444054604,0
2024-02-16,0.011800000444054604,0.011800000444054604,0.011800000444054604,0.011800000444054604,1330
2024-02-20,0.011800000444054604,0.011800000444054604,0.011800000444054604,0.011800000444054604,0
2024-02-21,0.011800000444054604,0.011800000444054604,0.011800000444054604,0.011800000444054604,0
2024-02-22,0.011800000444054604,0.011800000444054604,0.011800000444054604,0.011800000444054604,0
2024-02-23,0.011800000444054604,0.011800000444054604,0.011800000444054604,0.011800000444054604,0
2024-02-26,0.011800000444054604,0.011800000444054604,0.011800000444054604,0.011800000444054604,5000
2024-02-27,0.011800000444054604,0.011800000444054604,0.011800000444054604,0.011800000444054604,0
2024-02-28,0.011800000444054604,0.011800000444054604,0.011800000444054604,0.011800000444054604,0
2024-02-29,0.011800000444054604,0.011800000444054604,0.011800000444054604,0.011800000444054604,0
2024-03-01,0.011800000444054604,0.011800000444054604,0.011800000444054604,0.011800000444054604,0
2024-03-04,0.011800000444054604,0.011800000444054604,0.011800000444054604,0.011800000444054604,0
2024-03-05,0.011800000444054604,0.011800000444054604,0.011800000444054604,0.011800000444054604,0
2024-03-06,0.011800000444054604,0.011800000444054604,0.011800000444054604,0.011800000444054604,0
2024-03-07,0.011800000444054604,0.011800000444054604,0.011800000444054604,0.011800000444054604,0
2024-03-08,0.011800000444054604,0.011800000444054604,0.011800000444054604,0.011800000444054604,0
2024-03-11,0.011800000444054604,0.011800000444054604,0.011800000444054604,0.011800000444054604,0
2024-03-12,0.011800000444054604,0.011800000444054604,0.011800000444054604,0.011800000444054604,0
2024-03-13,0.011800000444054604,0.011800000444054604,0.011800000444054604,0.011800000444054604,160
2024-03-14,0.011800000444054604,0.011800000444054604,0.011800000444054604,0.011800000444054604,0
2024-03-15,0.011800000444054604,0.011800000444054604,0.011800000444054604,0.011800000444054604,0
2024-03-18,0.011800000444054604,0.011800000444054604,0.011800000444054604,0.011800000444054604,0
2024-03-19,0.011800000444054604,0.011800000444054604,0.011800000444054604,0.011800000444054604,0
2024-03-20,0.011800000444054604,0.011800000444054604,0.011800000444054604,0.011800000444054604,0
2024-03-21,0.011800000444054604,0.011800000444054604,0.011800000444054604,0.011800000444054604,0
2024-03-22,0.011800000444054604,0.011800000444054604,0.011800000444054604,0.011800000444054604,0
2024-03-25,0.011800000444054604,0.011800000444054604,0.011800000444054604,0.011800000444054604,32000
2024-03-26,0.011800000444054604,0.011800000444054604,0.011800000444054604,0.011800000444054604,0
2024-03-27,0.011800000444054604,0.011800000444054604,0.011800000444054604,0.011800000444054604,0
2024-03-28,0.011800000444054604,0.011800000444054604,0.011800000444054604,0.011800000444054604,0
2024-04-01,0.011800000444054604,0.011800000444054604,0.011800000444054604,0.011800000444054604,0
2024-04-02,0.011800000444054604,0.011800000444054604,0.011800000444054604,0.011800000444054604,10001
2024-04-03,0.011800000444054604,0.011800000444054604,0.011800000444054604,0.011800000444054604,0
2024-04-04,0.011800000444054604,0.011800000444054604,0.011800000444054604,0.011800000444054604,0
2024-04-05,0.011800000444054604,0.011800000444054604,0.011800000444054604,0.011800000444054604,0
2024-04-08,0.011800000444054604,0.011800000444054604,0.011800000444054604,0.011800000444054604,0
2024-04-09,0.011800000444054604,0.011800000444054604,0.011800000444054604,0.011800000444054604,0
2024-04-10,0.011800000444054604,0.011800000444054604,0.011800000444054604,0.011800000444054604,0
2024-04-11,0.011800000444054604,0.011800000444054604,0.011800000444054604,0.011800000444054604,0
2024-04-12,0.011800000444054604,0.011800000444054604,0.011800000444054604,0.011800000444054604,2500
2024-04-15,0.011800000444054604,0.011800000444054604,0.011800000444054604,0.011800000444054604,0
2024-04-16,0.011800000444054604,0.011800000444054604,0.011800000444054604,0.011800000444054604,0
2024-04-17,0.011800000444054604,0.011800000444054604,0.011800000444054604,0.011800000444054604,0
2024-04-18,0.011800000444054604,0.011800000444054604,0.011800000444054604,0.011800000444054604,0
2024-04-19,0.011800000444054604,0.011800000444054604,0.011800000444054604,0.011800000444054604,0
2024-04-22,0.012000000104308128,0.019200000911951065,0.012000000104308128,0.019200000911951065,900
2024-04-23,0.012000000104308128,0.012000000104308128,0.012000000104308128,0.012000000104308128,0
2024-04-24,0.012000000104308128,0.012000000104308128,0.012000000104308128,0.012000000104308128,0
2024-04-25,0.012000000104308128,0.012000000104308128,0.012000000104308128,0.012000000104308128,0
2024-04-26,0.012000000104308128,0.012000000104308128,0.012000000104308128,0.012000000104308128,0
2024-04-29,0.012000000104308128,0.012000000104308128,0.012000000104308128,0.012000000104308128,0
2024-04-30,0.012000000104308128,0.012000000104308128,0.012000000104308128,0.012000000104308128,0
2024-05-01,0.012000000104308128,0.012000000104308128,0.012000000104308128,0.012000000104308128,0
2024-05-02,0.012000000104308128,0.012000000104308128,0.012000000104308128,0.012000000104308128,0
2024-05-03,0.011800000444054604,0.011800000444054604,0.011800000444054604,0.011800000444054604,500
2024-05-06,0.011800000444054604,0.011800000444054604,0.011800000444054604,0.011800000444054604,0
2024-05-07,0.011800000444054604,0.011800000444054604,0.011800000444054604,0.011800000444054604,0
2024-05-08,0.011800000444054604,0.011800000444054604,0.011800000444054604,0.011800000444054604,0
2024-05-09,0.011800000444054604,0.011800000444054604,0.011800000444054604,0.011800000444054604,0
2024-05-10,0.011800000444054604,0.011800000444054604,0.011800000444054604,0.011800000444054604,0
2024-05-13,0.011800000444054604,0.011800000444054604,0.011800000444054604,0.011800000444054604,0
2024-05-14,0.012000000104308128,0.012000000104308128,0.012000000104308128,0.012000000104308128,4700
2024-05-15,0.012000000104308128,0.012000000104308128,0.012000000104308128,0.012000000104308128,0
2024-05-16,0.012000000104308128,0.012000000104308128,0.012000000104308128,0.012000000104308128,0
2024-05-17,0.011800000444054604,0.011800000444054604,0.011800000444054604,0.011800000444054604,1500
2024-05-20,0.011800000444054604,0.011800000444054604,0.011800000444054604,0.011800000444054604,0
2024-05-21,0.011800000444054604,0.011800000444054604,0.011800000444054604,0.011800000444054604,0
2024-05-22,0.011800000444054604,0.011800000444054604,0.011800000444054604,0.011800000444054604,0
2024-05-23,0.013000000268220901,0.013000000268220901,0.013000000268220901,0.013000000268220901,5000
2024-05-24,0.013000000268220901,0.013000000268220901,0.013000000268220901,0.013000000268220901,0
2024-05-28,0.013000000268220901,0.013000000268220901,0.013000000268220901,0.013000000268220901,0
2024-05-29,0.013000000268220901,0.013000000268220901,0.013000000268220901,0.013000000268220901,0
2024-05-30,0.013000000268220901,0.013000000268220901,0.013000000268220901,0.013000000268220901,0
2024-05-31,0.013000000268220901,0.013000000268220901,0.013000000268220901,0.013000000268220901,0
2024-06-03,0.013000000268220901,0.013000000268220901,0.013000000268220901,0.013000000268220901,0
2024-06-04,0.013000000268220901,0.013000000268220901,0.013000000268220901,0.013000000268220901,0
2024-06-05,0.013000000268220901,0.013000000268220901,0.013000000268220901,0.013000000268220901,0
2024-06-06,0.013000000268220901,0.013000000268220901,0.013000000268220901,0.013000000268220901,0
2024-06-07,0.013000000268220901,0.013000000268220901,0.013000000268220901,0.013000000268220901,0
2024-06-10,0.013000000268220901,0.013000000268220901,0.013000000268220901,0.013000000268220901,2385
2024-06-11,0.013000000268220901,0.013000000268220901,0.013000000268220901,0.013000000268220901,0
2024-06-12,0.013000000268220901,0.013000000268220901,0.013000000268220901,0.013000000268220901,0
2024-06-13,0.013000000268220901,0.013000000268220901,0.013000000268220901,0.013000000268220901,0
2024-06-14,0.013000000268220901,0.013000000268220901,0.013000000268220901,0.013000000268220901,0
2024-06-17,0.013000000268220901,0.013000000268220901,0.013000000268220901,0.013000000268220901,0
2024-06-18,0.011800000444054604,0.011800000444054604,0.011800000444054604,0.011800000444054604,160
2024-06-20,0.011800000444054604,0.011800000444054604,0.011800000444054604,0.011800000444054604,0
2024-06-21,0.011800000444054604,0.011800000444054604,0.011800000444054604,0.011800000444054604,0
2024-06-24,0.011800000444054604,0.011800000444054604,0.011800000444054604,0.011800000444054604,140100
2024-06-25,0.011800000444054604,0.011800000444054604,0.011800000444054604,0.011800000444054604,0
2024-06-26,0.011800000444054604,0.011800000444054604,0.011800000444054604,0.011800000444054604,0
2024-06-27,0.011800000444054604,0.011800000444054604,0.011800000444054604,0.011800000444054604,0
2024-06-28,0.011800000444054604,0.011800000444054604,0.011800000444054604,0.011800000444054604,0
2024-07-01,0.011800000444054604,0.011800000444054604,0.011800000444054604,0.011800000444054604,0
2024-07-02,0.011800000444054604,0.011800000444054604,0.011800000444054604,0.011800000444054604,0
2024-07-03,0.011800000444054604,0.011800000444054604,0.011800000444054604,0.011800000444054604,0
2024-07-05,0.011800000444054604,0.011800000444054604,0.011800000444054604,0.011800000444054604,0
2024-07-08,0.01979999989271164,0.01979999989271164,0.01979999989271164,0.01979999989271164,300
2024-07-09,0.01979999989271164,0.01979999989271164,0.01979999989271164,0.01979999989271164,0
2024-07-10,0.01979999989271164,0.01979999989271164,0.01979999989271164,0.01979999989271164,0
2024-07-11,0.01979999989271164,0.01979999989271164,0.01979999989271164,0.01979999989271164,0
2024-07-12,0.01979999989271164,0.01979999989271164,0.01769999973475933,0.01769999973475933,10000
2024-07-15,0.01979999989271164,0.01979999989271164,0.01979999989271164,0.01979999989271164,0
2024-07-16,0.01979999989271164,0.01979999989271164,0.01979999989271164,0.01979999989271164,0
2024-07-17,0.01979999989271164,0.01979999989271164,0.01979999989271164,0.01979999989271164,0
2024-07-18,0.01979999989271164,0.01979999989271164,0.01979999989271164,0.01979999989271164,0
2024-07-19,0.01209999993443489,0.01209999993443489,0.01209999993443489,0.01209999993443489,125
2024-07-22,0.01209999993443489,0.01209999993443489,0.01209999993443489,0.01209999993443489,0
2024-07-23,0.01209999993443489,0.01209999993443489,0.01209999993443489,0.01209999993443489,250
2024-07-24,0.01209999993443489,0.01209999993443489,0.01209999993443489,0.01209999993443489,0
2024-07-25,0.01209999993443489,0.01209999993443489,0.01209999993443489,0.01209999993443489,0
2024-07-26,0.01209999993443489,0.01209999993443489,0.01209999993443489,0.01209999993443489,0
2024-07-29,0.01209999993443489,0.013000000268220901,0.01209999993443489,0.013000000268220901,12000
2024-07-30,0.01209999993443489,0.01209999993443489,0.01209999993443489,0.01209999993443489,0
2024-07-31,0.01209999993443489,0.01209999993443489,0.01209999993443489,0.01209999993443489,1974
2024-08-01,0.01209999993443489,0.01209999993443489,0.01209999993443489,0.01209999993443489,0
2024-08-02,0.01209999993443489,0.01209999993443489,0.01209999993443489,0.01209999993443489,0
2024-08-05,0.01209999993443489,0.01209999993443489,0.01209999993443489,0.01209999993443489,0
2024-08-06,0.01209999993443489,0.01209999993443489,0.01209999993443489,0.01209999993443489,0
2024-08-07,0.01209999993443489,0.01209999993443489,0.01209999993443489,0.01209999993443489,0
2024-08-08,0.01209999993443489,0.01209999993443489,0.01209999993443489,0.01209999993443489,0
2024-08-09,0.01209999993443489,0.01209999993443489,0.01209999993443489,0.01209999993443489,0
2024-08-12,0.01209999993443489,0.01209999993443489,0.01209999993443489,0.01209999993443489,0
2024-08-13,0.01209999993443489,0.01209999993443489,0.01209999993443489,0.01209999993443489,0
2024-08-14,0.01209999993443489,0.01209999993443489,0.01209999993443489,0.01209999993443489,0
2024-08-15,0.0012000000569969416,0.0012000000569969416,0.0012000000569969416,0.0012000000569969416,1400
2024-08-16,0.0020000000949949026,0.0020000000949949026,0.0020000000949949026,0.0020000000949949026,125
2024-08-19,0.0020000000949949026,0.0020000000949949026,0.0020000000949949026,0.0020000000949949026,0
2024-08-20,0.0020000000949949026,0.0020000000949949026,0.0020000000949949026,0.0020000000949949026,0
2024-08-21,0.0020000000949949026,0.0020000000949949026,0.0020000000949949026,0.0020000000949949026,0
2024-08-22,0.012199999764561653,0.012199999764561653,0.012199999764561653,0.012199999764561653,2200
2024-08-23,0.004699999932199717,0.012199999764561653,0.004699999932199717,0.012199999764561653,15949
2024-08-26,0.004699999932199717,0.004699999932199717,0.004699999932199717,0.004699999932199717,0
2024-08-27,0.004699999932199717,0.004699999932199717,0.004699999932199717,0.004699999932199717,0
2024-08-28,0.004699999932199717,0.004699999932199717,0.004699999932199717,0.004699999932199717,0
2024-08-29,0.004699999932199717,0.004699999932199717,0.004699999932199717,0.004699999932199717,0
2024-08-30,0.004699999932199717,0.004699999932199717,0.004699999932199717,0.004699999932199717,0
2024-09-03,0.004699999932199717,0.004699999932199717,0.004699999932199717,0.004699999932199717,0
2024-09-04,0.004600000102072954,0.004600000102072954,0.004600000102072954,0.004600000102072954,149
2024-09-05,0.004600000102072954,0.004600000102072954,0.004600000102072954,0.004600000102072954,0
2024-09-06,0.004600000102072954,0.004600000102072954,0.004600000102072954,0.004600000102072954,0
2024-09-09,0.005200000014156103,0.005200000014156103,0.005200000014156103,0.005200000014156103,500
2024-09-10,0.005200000014156103,0.005200000014156103,0.005200000014156103,0.005200000014156103,0
2024-09-11,0.005200000014156103,0.005200000014156103,0.005200000014156103,0.005200000014156103,0
2024-09-12,0.005200000014156103,0.005200000014156103,0.005200000014156103,0.005200000014156103,0
2024-09-13,0.005200000014156103,0.005200000014156103,0.005200000014156103,0.005200000014156103,0
2024-09-16,0.005200000014156103,0.005200000014156103,0.005200000014156103,0.005200000014156103,0
2024-09-17,0.005200000014156103,0.005200000014156103,0.005200000014156103,0.005200000014156103,0
2024-09-18,0.005200000014156103,0.005200000014156103,0.005200000014156103,0.005200000014156103,0
2024-09-19,0.005200000014156103,0.005200000014156103,0.005200000014156103,0.005200000014156103,0
2024-09-20,0.005200000014156103,0.005200000014156103,0.005200000014156103,0.005200000014156103,0
2024-09-23,0.005200000014156103,0.005200000014156103,0.005200000014156103,0.005200000014156103,0
2024-09-24,0.005200000014156103,0.005200000014156103,0.005200000014156103,0.005200000014156103,0
2024-09-25,0.005200000014156103,0.005200000014156103,0.005200000014156103,0.005200000014156103,0
2024-09-26,0.005200000014156103,0.005200000014156103,0.005200000014156103,0.005200000014156103,0
2024-09-27,0.00559999980032444,0.00559999980032444,0.00559999980032444,0.00559999980032444,10000
2024-09-30,0.00559999980032444,0.00559999980032444,0.00559999980032444,0.00559999980032444,0
2024-10-01,0.00559999980032444,0.00559999980032444,0.00559999980032444,0.00559999980032444,0
2024-10-02,0.00559999980032444,0.00559999980032444,0.00559999980032444,0.00559999980032444,0
2024-10-03,0.00559999980032444,0.00559999980032444,0.00559999980032444,0.00559999980032444,0
2024-10-04,0.00559999980032444,0.00559999980032444,0.00559999980032444,0.00559999980032444,0
2024-10-07,0.0024999999441206455,0.00559999980032444,0.0024999999441206455,0.00559999980032444,370000
2024-10-08,0.0024999999441206455,0.0024999999441206455,0.0024999999441206455,0.0024999999441206455,0
2024-10-09,0.00419999985024333,0.004600000102072954,0.00419999985024333,0.004600000102072954,60000
2024-10-10,0.00419999985024333,0.00419999985024333,0.00419999985024333,0.00419999985024333,0
2024-10-11,0.00419999985024333,0.00419999985024333,0.00419999985024333,0.00419999985024333,2000
2024-10-14,0.00419999985024333,0.00419999985024333,0.00419999985024333,0.00419999985024333,0
2024-10-15,0.00419999985024333,0.00419999985024333,0.00419999985024333,0.00419999985024333,0
2024-10-16,0.00419999985024333,0.00419999985024333,0.00419999985024333,0.00419999985024333,0
2024-10-17,0.00419999985024333,0.00419999985024333,0.00419999985024333,0.00419999985024333,5110
2024-10-18,0.00419999985024333,0.00419999985024333,0.00419999985024333,0.00419999985024333,0
2024-10-21,0.00419999985024333,0.00419999985024333,0.00419999985024333,0.00419999985024333,0
2024-10-22,0.00419999985024333,0.00419999985024333,0.00419999985024333,0.00419999985024333,0
2024-10-23,0.00419999985024333,0.00419999985024333,0.00419999985024333,0.00419999985024333,0
2024-10-24,0.00419999985024333,0.00419999985024333,0.00419999985024333,0.00419999985024333,0
2024-10-25,0.00419999985024333,0.00419999985024333,0.00419999985024333,0.00419999985024333,0
2024-10-28,0.00419999985024333,0.00419999985024333,0.00419999985024333,0.00419999985024333,100
2024-10-29,0.00419999985024333,0.00419999985024333,0.00419999985024333,0.00419999985024333,0
2024-10-30,0.00419999985024333,0.00419999985024333,0.00419999985024333,0.00419999985024333,0
2024-10-31,0.00419999985024333,0.00419999985024333,0.00419999985024333,0.00419999985024333,0
2024-11-01,0.00419999985024333,0.00419999985024333,0.00419999985024333,0.00419999985024333,0
2024-11-04,0.00419999985024333,0.00419999985024333,0.00419999985024333,0.00419999985024333,1625
2024-11-05,0.00419999985024333,0.00419999985024333,0.00419999985024333,0.00419999985024333,0
2024-11-06,0.00419999985024333,0.00419999985024333,0.00419999985024333,0.00419999985024333,0
2024-11-07,0.00419999985024333,0.00419999985024333,0.00419999985024333,0.00419999985024333,0
2024-11-08,0.00419999985024333,0.00419999985024333,0.00419999985024333,0.00419999985024333,0
2024-11-11,0.00430000014603138,0.00430000014603138,0.00430000014603138,0.00430000014603138,50000
2024-11-12,0.00419999985024333,0.00419999985024333,0.00419999985024333,0.00419999985024333,1000
2024-11-13,0.00419999985024333,0.00419999985024333,0.00419999985024333,0.00419999985024333,0
2024-11-14,0.00419999985024333,0.00419999985024333,0.00419999985024333,0.00419999985024333,0
2024-11-15,0.00419999985024333,0.00419999985024333,0.00419999985024333,0.00419999985024333,0
2024-11-18,0.00419999985024333,0.00419999985024333,0.00419999985024333,0.00419999985024333,0
2024-11-19,0.00419999985024333,0.00419999985024333,0.00419999985024333,0.00419999985024333,0
2024-11-20,0.00419999985024333,0.00419999985024333,0.00419999985024333,0.00419999985024333,0
2024-11-21,0.00419999985024333,0.00419999985024333,0.00419999985024333,0.00419999985024333,0
2024-11-22,0.00419999985024333,0.00419999985024333,0.00419999985024333,0.00419999985024333,0
2024-11-25,0.004999999888241291,0.004999999888241291,0.004999999888241291,0.004999999888241291,4000
2024-11-26,0.004999999888241291,0.004999999888241291,0.004999999888241291,0.004999999888241291,0
2024-11-27,0.004999999888241291,0.004999999888241291,0.004999999888241291,0.004999999888241291,0
2024-11-29,0.00570000009611249,0.00570000009611249,0.00570000009611249,0.00570000009611249,10312
2024-12-02,0.00570000009611249,0.00570000009611249,0.00570000009611249,0.00570000009611249,0
2024-12-03,0.00570000009611249,0.00570000009611249,0.00570000009611249,0.00570000009611249,0
2024-12-04,0.00570000009611249,0.00570000009611249,0.00570000009611249,0.00570000009611249,0
2024-12-05,0.0044999998062849045,0.005200000014156103,0.0044999998062849045,0.0044999998062849045,68250
2024-12-06,0.0044999998062849045,0.0044999998062849045,0.0044999998062849045,0.0044999998062849045,0
2024-12-09,0.0026000000070780516,0.00430000014603138,0.0026000000070780516,0.00430000014603138,735875
2024-12-10,0.0026000000070780516,0.0026000000070780516,0.0026000000070780516,0.0026000000070780516,1000
2024-12-11,0.0024999999441206455,0.003599999938160181,0.0024999999441206455,0.0026000000070780516,80250
2024-12-12,0.0024999999441206455,0.0024999999441206455,0.0024999999441206455,0.0024999999441206455,0
2024-12-13,0.004399999976158142,0.00570000009611249,0.004399999976158142,0.00570000009611249,58000
2024-12-16,0.0034000000450760126,0.0034000000450760126,0.0034000000450760126,0.0034000000450760126,125
2024-12-17,0.0024999999441206455,0.00430000014603138,0.0024999999441206455,0.0035000001080334187,50150
2024-12-18,0.0024999999441206455,0.0024999999441206455,0.0024999999441206455,0.0024999999441206455,10000
2024-12-19,0.0024999999441206455,0.0024999999441206455,0.0024999999441206455,0.0024999999441206455,0
2024-12-20,0.002300000051036477,0.0024999999441206455,0.002300000051036477,0.0024999999441206455,43250
2024-12-23,0.002300000051036477,0.002300000051036477,0.002300000051036477,0.002300000051036477,0
2024-12-24,0.005499999970197678,0.005499999970197678,0.005499999970197678,0.005499999970197678,28720
2024-12-26,0.00570000009611249,0.00570000009611249,0.00570000009611249,0.00570000009611249,12000
2024-12-27,0.0024999999441206455,0.0024999999441206455,0.0024999999441206455,0.0024999999441206455,149756
2024-12-30,0.002300000051036477,0.0024999999441206455,0.002300000051036477,0.0024999999441206455,72100
2024-12-31,0.002300000051036477,0.002300000051036477,0.002300000051036477,0.002300000051036477,0
2025-01-02,0.002300000051036477,0.002300000051036477,0.002300000051036477,0.002300000051036477,250
2025-01-03,0.002300000051036477,0.002300000051036477,0.002300000051036477,0.002300000051036477,0
2025-01-06,0.002300000051036477,0.002300000051036477,0.002300000051036477,0.002300000051036477,0
2025-01-07,0.002300000051036477,0.002300000051036477,0.002300000051036477,0.002300000051036477,0
2025-01-08,0.002300000051036477,0.002300000051036477,0.002300000051036477,0.002300000051036477,125
2025-01-10,0.002300000051036477,0.002300000051036477,0.002300000051036477,0.002300000051036477,2000
2025-01-13,0.002300000051036477,0.002300000051036477,0.002300000051036477,0.002300000051036477,0
2025-01-14,0.002300000051036477,0.002300000051036477,0.002300000051036477,0.002300000051036477,0
2025-01-15,0.002300000051036477,0.002300000051036477,0.002300000051036477,0.002300000051036477,0
2025-01-16,0.002300000051036477,0.002300000051036477,0.002300000051036477,0.002300000051036477,0
2025-01-17,0.002300000051036477,0.002300000051036477,0.002300000051036477,0.002300000051036477,0
2025-01-21,0.002300000051036477,0.002300000051036477,0.002300000051036477,0.002300000051036477,0
2025-01-22,0.002300000051036477,0.002300000051036477,0.002300000051036477,0.002300000051036477,0
2025-01-23,0.002300000051036477,0.002300000051036477,0.002300000051036477,0.002300000051036477,500
2025-01-24,0.002300000051036477,0.002300000051036477,0.002300000051036477,0.002300000051036477,0
2025-01-27,0.002300000051036477,0.002300000051036477,0.002300000051036477,0.002300000051036477,0
2025-01-28,0.002300000051036477,0.002300000051036477,0.002300000051036477,0.002300000051036477,0
2025-01-29,0.002300000051036477,0.002300000051036477,0.002300000051036477,0.002300000051036477,0
2025-01-30,0.002300000051036477,0.002300000051036477,0.002300000051036477,0.002300000051036477,1250
2025-01-31,0.002300000051036477,0.002300000051036477,0.002300000051036477,0.002300000051036477,0
2025-02-03,0.0026000000070780516,0.0026000000070780516,0.0026000000070780516,0.0026000000070780516,139097
2025-02-04,0.0026000000070780516,0.0026000000070780516,0.0026000000070780516,0.0026000000070780516,0
2025-02-05,0.003000000026077032,0.003000000026077032,0.003000000026077032,0.003000000026077032,20344
2025-02-06,0.003000000026077032,0.003000000026077032,0.003000000026077032,0.003000000026077032,0
2025-02-07,0.003000000026077032,0.003000000026077032,0.003000000026077032,0.003000000026077032,0
2025-02-10,0.003000000026077032,0.003000000026077032,0.003000000026077032,0.003000000026077032,0
2025-02-11,0.003000000026077032,0.003000000026077032,0.003000000026077032,0.003000000026077032,0
2025-02-12,0.003000000026077032,0.003000000026077032,0.003000000026077032,0.003000000026077032,0
2025-02-13,0.003000000026077032,0.003000000026077032,0.003000000026077032,0.003000000026077032,0
2025-02-14,0.003000000026077032,0.003000000026077032,0.003000000026077032,0.003000000026077032,0
2025-02-18,0.003000000026077032,0.003000000026077032,0.003000000026077032,0.003000000026077032,0
2025-02-19,0.003000000026077032,0.003000000026077032,0.003000000026077032,0.003000000026077032,0
2025-02-20,0.0035000001080334187,0.0035000001080334187,0.0035000001080334187,0.0035000001080334187,50000
2025-02-21,0.0035000001080334187,0.0035000001080334187,0.0035000001080334187,0.0035000001080334187,0
2025-02-24,0.0035000001080334187,0.0035000001080334187,0.0035000001080334187,0.0035000001080334187,0
2025-02-25,0.0035000001080334187,0.0035000001080334187,0.0035000001080334187,0.0035000001080334187,0
2025-02-26,0.0035000001080334187,0.0035000001080334187,0.0035000001080334187,0.0035000001080334187,0
2025-02-27,0.0035000001080334187,0.0035000001080334187,0.0035000001080334187,0.0035000001080334187,0
2025-02-28,0.0035000001080334187,0.0035000001080334187,0.0035000001080334187,0.0035000001080334187,0
2025-03-03,0.0032999999821186066,0.004000000189989805,0.0032999999821186066,0.004000000189989805,21013
2025-03-04,0.0032999999821186066,0.0032999999821186066,0.0032999999821186066,0.0032999999821186066,0
2025-03-05,0.0032999999821186066,0.0032999999821186066,0.0032999999821186066,0.0032999999821186066,0
2025-03-06,0.0032999999821186066,0.0032999999821186066,0.0032999999821186066,0.0032999999821186066,0
2025-03-07,0.0032999999821186066,0.0032999999821186066,0.0032999999821186066,0.0032999999821186066,0
2025-03-10,0.0032999999821186066,0.0032999999821186066,0.0032999999821186066,0.0032999999821186066,0
2025-03-11,0.0032999999821186066,0.0032999999821186066,0.0032999999821186066,0.0032999999821186066,0
2025-03-12,0.0032999999821186066,0.0032999999821186066,0.0032999999821186066,0.0032999999821186066,0
2025-03-13,0.0032999999821186066,0.0032999999821186066,0.0032999999821186066,0.0032999999821186066,0
2025-03-14,0.0032999999821186066,0.0032999999821186066,0.0032999999821186066,0.0032999999821186066,0
2025-03-17,0.0032999999821186066,0.0032999999821186066,0.0032999999821186066,0.0032999999821186066,0
2025-03-18,0.0032999999821186066,0.0032999999821186066,0.0032999999821186066,0.0032999999821186066,0
2025-03-19,0.0032999999821186066,0.0032999999821186066,0.0032999999821186066,0.0032999999821186066,0
2025-03-20,0.0032999999821186066,0.0032999999821186066,0.0032999999821186066,0.0032999999821186066,0
2025-03-21,0.0032999999821186066,0.0032999999821186066,0.0032999999821186066,0.0032999999821186066,0
2025-03-24,0.0032999999821186066,0.0032999999821186066,0.0032999999821186066,0.0032999999821186066,0
2025-03-25,0.0032999999821186066,0.0032999999821186066,0.0032999999821186066,0.0032999999821186066,0
2025-03-26,0.0032999999821186066,0.0032999999821186066,0.0032999999821186066,0.0032999999821186066,0
2025-03-27,0.0032999999821186066,0.0032999999821186066,0.0032999999821186066,0.0032999999821186066,0
2025-03-28,0.0032999999821186066,0.0032999999821186066,0.0032999999821186066,0.0032999999821186066,0
2025-03-31,0.0032999999821186066,0.0032999999821186066,0.0032999999821186066,0.0032999999821186066,0
2025-04-01,0.0032999999821186066,0.0032999999821186066,0.0032999999821186066,0.0032999999821186066,0
2025-04-02,0.0032999999821186066,0.0032999999821186066,0.0032999999821186066,0.0032999999821186066,0
2025-04-03,0.004000000189989805,0.004000000189989805,0.004000000189989805,0.004000000189989805,100
2025-04-04,0.004000000189989805,0.004000000189989805,0.004000000189989805,0.004000000189989805,0
2025-04-07,0.004000000189989805,0.004000000189989805,0.004000000189989805,0.004000000189989805,0
2025-04-08,0.004000000189989805,0.004000000189989805,0.004000000189989805,0.004000000189989805,0
2025-04-09,0.004000000189989805,0.004000000189989805,0.004000000189989805,0.004000000189989805,0
2025-04-10,0.004000000189989805,0.0044999998062849045,0.004000000189989805,0.0044999998062849045,49000
2025-04-11,0.004000000189989805,0.004000000189989805,0.004000000189989805,0.004000000189989805,0
2025-04-14,0.008999999612569809,0.008999999612569809,0.008999999612569809,0.008999999612569809,55000
2025-04-15,0.008999999612569809,0.008999999612569809,0.008999999612569809,0.008999999612569809,0
2025-04-16,0.004000000189989805,0.004000000189989805,0.004000000189989805,0.004000000189989805,2412
2025-04-17,0.004000000189989805,0.004000000189989805,0.004000000189989805,0.004000000189989805,0
2025-04-21,0.004000000189989805,0.004000000189989805,0.004000000189989805,0.004000000189989805,5650
2025-04-22,0.004000000189989805,0.004000000189989805,0.004000000189989805,0.004000000189989805,0
2025-04-23,0.004000000189989805,0.004000000189989805,0.004000000189989805,0.004000000189989805,0
2025-04-24,0.004800000227987766,0.004800000227987766,0.004800000227987766,0.004800000227987766,46800
2025-04-25,0.004800000227987766,0.004800000227987766,0.004800000227987766,0.004800000227987766,0
2025-04-28,0.004800000227987766,0.004800000227987766,0.004800000227987766,0.004800000227987766,0
2025-04-29,0.004800000227987766,0.004800000227987766,0.004800000227987766,0.004800000227987766,0
2025-04-30,0.004800000227987766,0.004800000227987766,0.004800000227987766,0.004800000227987766,0
2025-05-01,0.004800000227987766,0.004800000227987766,0.004800000227987766,0.004800000227987766,0
2025-05-02,0.004800000227987766,0.004800000227987766,0.004800000227987766,0.004800000227987766,0
2025-05-05,0.00800000037997961,0.00800000037997961,0.004100000020116568,0.004100000020116568,145000
2025-05-06,0.004000000189989805,0.004100000020116568,0.004000000189989805,0.004100000020116568,119342
2025-05-07,0.004000000189989805,0.004000000189989805,0.004000000189989805,0.004000000189989805,0
2025-05-08,0.004000000189989805,0.004000000189989805,0.004000000189989805,0.004000000189989805,0
2025-05-09,0.004000000189989805,0.004000000189989805,0.004000000189989805,0.004000000189989805,0
2025-05-12,0.004000000189989805,0.004000000189989805,0.004000000189989805,0.004000000189989805,0
2025-05-13,0.004000000189989805,0.004000000189989805,0.004000000189989805,0.004000000189989805,0
2025-05-14,0.00800000037997961,0.00800000037997961,0.00800000037997961,0.00800000037997961,84000
2025-05-15,0.00800000037997961,0.00800000037997961,0.00800000037997961,0.00800000037997961,0
2025-05-16,0.00800000037997961,0.00800000037997961,0.00800000037997961,0.00800000037997961,0
2025-05-19,0.00800000037997961,0.00800000037997961,0.00800000037997961,0.00800000037997961,0
2025-05-20,0.00800000037997961,0.00800000037997961,0.00800000037997961,0.00800000037997961,0
2025-05-21,0.004600000102072954,0.004600000102072954,0.004600000102072954,0.004600000102072954,20000
2025-05-22,0.004600000102072954,0.004600000102072954,0.004600000102072954,0.004600000102072954,0
2025-05-23,0.007499999832361937,0.008999999612569809,0.007499999832361937,0.008999999612569809,22600
2025-05-27,0.007499999832361937,0.007499999832361937,0.007499999832361937,0.007499999832361937,0
2025-05-28,0.007499999832361937,0.007499999832361937,0.007499999832361937,0.007499999832361937,0
2025-05-29,0.013000000268220901,0.013799999840557575,0.009499999694526196,0.012000000104308128,132260
2025-05-30,0.013000000268220901,0.013000000268220901,0.013000000268220901,0.013000000268220901,100
2025-06-02,0.013000000268220901,0.013000000268220901,0.013000000268220901,0.013000000268220901,0
2025-06-03,0.013000000268220901,0.013000000268220901,0.013000000268220901,0.013000000268220901,0
2025-06-04,0.006000000052154064,0.006000000052154064,0.006000000052154064,0.006000000052154064,5770
2025-06-05,0.006000000052154064,0.006000000052154064,0.006000000052154064,0.006000000052154064,0
2025-06-06,0.006000000052154064,0.006000000052154064,0.006000000052154064,0.006000000052154064,0
2025-06-09,0.006000000052154064,0.006000000052154064,0.006000000052154064,0.006000000052154064,0
2025-06-10,0.006000000052154064,0.006000000052154064,0.006000000052154064,0.006000000052154064,0
2025-06-11,0.008999999612569809,0.008999999612569809,0.008999999612569809,0.008999999612569809,29429
2025-06-12,0.008999999612569809,0.008999999612569809,0.008999999612569809,0.008999999612569809,0
2025-06-13,0.008999999612569809,0.008999999612569809,0.008999999612569809,0.008999999612569809,0
2025-06-16,0.008999999612569809,0.008999999612569809,0.008999999612569809,0.008999999612569809,0
2025-06-17,0.008999999612569809,0.008999999612569809,0.008999999612569809,0.008999999612569809,0
2025-06-18,0.00800000037997961,0.00800000037997961,0.00800000037997961,0.00800000037997961,4000
2025-06-20,0.007000000216066837,0.00800000037997961,0.007000000216066837,0.00800000037997961,53076
2025-06-23,0.007000000216066837,0.007000000216066837,0.007000000216066837,0.007000000216066837,1000
2025-06-24,0.007000000216066837,0.007000000216066837,0.007000000216066837,0.007000000216066837,0
2025-06-25,0.007000000216066837,0.007000000216066837,0.007000000216066837,0.007000000216066837,0
2025-06-26,0.0052999998442828655,0.00800000037997961,0.0052999998442828655,0.00800000037997961,21100
2025-06-27,0.0052999998442828655,0.0052999998442828655,0.0052999998442828655,0.0052999998442828655,0
2025-06-30,0.004100000020116568,0.004100000020116568,0.004100000020116568,0.004100000020116568,2000
2025-07-01,0.004100000020116568,0.004100000020116568,0.004100000020116568,0.004100000020116568,0
2025-07-02,0.004100000020116568,0.004100000020116568,0.004100000020116568,0.004100000020116568,0
2025-07-03,0.004100000020116568,0.004100000020116568,0.004100000020116568,0.004100000020116568,0
2025-07-07,0.004100000020116568,0.004100000020116568,0.004100000020116568,0.004100000020116568,0
2025-07-08,0.004100000020116568,0.004100000020116568,0.004100000020116568,0.004100000020116568,0
2025-07-09,0.004100000020116568,0.004100000020116568,0.004100000020116568,0.004100000020116568,200
2025-07-10,0.004100000020116568,0.004100000020116568,0.004100000020116568,0.004100000020116568,0
2025-07-11,0.004100000020116568,0.004100000020116568,0.004100000020116568,0.004100000020116568,0
2025-07-14,0.004100000020116568,0.004100000020116568,0.004100000020116568,0.004100000020116568,0
2025-07-15,0.004100000020116568,0.004100000020116568,0.004100000020116568,0.004100000020116568,0
2025-07-16,0.004100000020116568,0.004100000020116568,0.004100000020116568,0.004100000020116568,0
2025-07-17,0.004100000020116568,0.004100000020116568,0.004100000020116568,0.004100000020116568,0
2025-07-18,0.004100000020116568,0.004100000020116568,0.004100000020116568,0.004100000020116568,0
2025-07-21,0.004100000020116568,0.004100000020116568,0.004100000020116568,0.004100000020116568,0
2025-07-22,0.004100000020116568,0.004100000020116568,0.004100000020116568,0.004100000020116568,0
2025-07-23,0.004600000102072954,0.004600000102072954,0.004600000102072954,0.004600000102072954,2000
2025-07-24,0.004600000102072954,0.004600000102072954,0.004600000102072954,0.004600000102072954,0
2025-07-25,0.004600000102072954,0.004600000102072954,0.004600000102072954,0.004600000102072954,250
2025-07-28,0.004600000102072954,0.004600000102072954,0.004600000102072954,0.004600000102072954,0
2025-07-29,0.004600000102072954,0.004600000102072954,0.004600000102072954,0.004600000102072954,0
2025-07-30,0.004600000102072954,0.004600000102072954,0.004600000102072954,0.004600000102072954,0
2025-07-31,0.004600000102072954,0.004600000102072954,0.004600000102072954,0.004600000102072954,0
2025-08-01,0.004600000102072954,0.004600000102072954,0.004600000102072954,0.004600000102072954,0
2025-08-04,0.004600000102072954,0.004600000102072954,0.004600000102072954,0.004600000102072954,0
2025-08-05,0.004600000102072954,0.004600000102072954,0.004600000102072954,0.004600000102072954,0
2025-08-06,0.004600000102072954,0.004600000102072954,0.004600000102072954,0.004600000102072954,0
2025-08-07,0.004600000102072954,0.004600000102072954,0.004600000102072954,0.004600000102072954,0
2025-08-08,0.004600000102072954,0.004600000102072954,0.004600000102072954,0.004600000102072954,0
2025-08-11,0.004600000102072954,0.004600000102072954,0.004600000102072954,0.004600000102072954,0
2025-08-12,0.004600000102072954,0.004600000102072954,0.004600000102072954,0.004600000102072954,0
2025-08-13,0.004600000102072954,0.004600000102072954,0.004600000102072954,0.004600000102072954,0
2025-08-14,0.004600000102072954,0.004600000102072954,0.004600000102072954,0.004600000102072954,0
2025-08-15,0.004600000102072954,0.004600000102072954,0.004600000102072954,0.004600000102072954,0
2025-08-18,0.004600000102072954,0.004600000102072954,0.004600000102072954,0.004600000102072954,0
2025-08-19,0.004600000102072954,0.004600000102072954,0.004600000102072954,0.004600000102072954,0
2025-08-20,0.004600000102072954,0.004600000102072954,0.004600000102072954,0.004600000102072954,0
2025-08-21,0.004600000102072954,0.004600000102072954,0.004600000102072954,0.004600000102072954,0
2025-08-22,0.004600000102072954,0.004600000102072954,0.004600000102072954,0.004600000102072954,0
2025-08-25,0.004600000102072954,0.004600000102072954,0.004600000102072954,0.004600000102072954,0
2025-08-26,0.004600000102072954,0.004600000102072954,0.004600000102072954,0.004600000102072954,2850
2025-08-27,0.004600000102072954,0.004600000102072954,0.004600000102072954,0.004600000102072954,1000
2025-08-28,0.004600000102072954,0.004600000102072954,0.004600000102072954,0.004600000102072954,0
2025-08-29,0.004600000102072954,0.004600000102072954,0.004600000102072954,0.004600000102072954,0
2025-09-02,0.004600000102072954,0.004600000102072954,0.004600000102072954,0.004600000102072954,0
2025-09-03,0.004600000102072954,0.004600000102072954,0.004600000102072954,0.004600000102072954,0
2025-09-04,0.003000000026077032,0.004600000102072954,0.003000000026077032,0.004600000102072954,99064
2025-09-05,0.003000000026077032,0.003000000026077032,0.003000000026077032,0.003000000026077032,0
2025-09-08,0.003000000026077032,0.003000000026077032,0.003000000026077032,0.003000000026077032,0
2025-09-09,0.003000000026077032,0.003000000026077032,0.003000000026077032,0.003000000026077032,0
2025-09-10,0.003000000026077032,0.003000000026077032,0.003000000026077032,0.003000000026077032,0
2025-09-11,0.003599999938160181,0.003599999938160181,0.003599999938160181,0.003599999938160181,10000
2025-09-12,0.003599999938160181,0.003599999938160181,0.003599999938160181,0.003599999938160181,0
2025-09-15,0.003599999938160181,0.003599999938160181,0.003599999938160181,0.003599999938160181,0
2025-09-16,0.003599999938160181,0.003599999938160181,0.003599999938160181,0.003599999938160181,0
2025-09-17,0.0012000000569969416,0.0012000000569969416,0.0012000000569969416,0.0012000000569969416,4999
2025-09-18,0.002199999988079071,0.002199999988079071,0.002199999988079071,0.002199999988079071,300
2025-09-19,0.004999999888241291,0.004999999888241291,0.004999999888241291,0.004999999888241291,30000
2025-09-22,0.004999999888241291,0.004999999888241291,0.004999999888241291,0.004999999888241291,0
2025-09-23,0.004999999888241291,0.004999999888241291,0.004999999888241291,0.004999999888241291,0
2025-09-24,0.004999999888241291,0.004999999888241291,0.004999999888241291,0.004999999888241291,0
2025-09-25,0.004999999888241291,0.004999999888241291,0.004999999888241291,0.004999999888241291,0
2025-09-26,0.004999999888241291,0.004999999888241291,0.004999999888241291,0.004999999888241291,0
2025-09-29,0.004999999888241291,0.004999999888241291,0.004999999888241291,0.004999999888241291,0
2025-09-30,0.004999999888241291,0.004999999888241291,0.004999999888241291,0.004999999888241291,0
2025-10-01,0.004999999888241291,0.004999999888241291,0.004999999888241291,0.004999999888241291,0
2025-10-02,0.004999999888241291,0.004999999888241291,0.004999999888241291,0.004999999888241291,0
2025-10-03,0.004999999888241291,0.004999999888241291,0.004999999888241291,0.004999999888241291,0
2025-10-06,0.004999999888241291,0.004999999888241291,0.004999999888241291,0.004999999888241291,0
2025-10-07,0.004999999888241291,0.004999999888241291,0.004999999888241291,0.004999999888241291,0
2025-10-08,0.0044999998062849045,0.004900000058114529,0.0044999998062849045,0.004900000058114529,67599
2025-10-09,0.0044999998062849045,0.0044999998062849045,0.0044999998062849045,0.0044999998062849045,0
2025-10-10,0.0044999998062849045,0.0044999998062849045,0.0044999998062849045,0.0044999998062849045,0
2025-10-13,0.006000000052154064,0.006000000052154064,0.004999999888241291,0.004999999888241291,25600
2025-10-14,0.006000000052154064,0.006000000052154064,0.006000000052154064,0.006000000052154064,0
2025-10-15,0.006000000052154064,0.006000000052154064,0.006000000052154064,0.006000000052154064,0
2025-10-16,0.0032999999821186066,0.0032999999821186066,0.0032999999821186066,0.0032999999821186066,166
2025-10-17,0.0032999999821186066,0.0032999999821186066,0.0032999999821186066,0.0032999999821186066,0
2025-10-20,0.0032999999821186066,0.0032999999821186066,0.0032999999821186066,0.0032999999821186066,0
2025-10-21,0.0032999999821186066,0.0032999999821186066,0.0032999999821186066,0.0032999999821186066,0
2025-10-22,0.0032999999821186066,0.0032999999821186066,0.0032999999821186066,0.0032999999821186066,0
2025-10-23,0.0032999999821186066,0.0032999999821186066,0.0032999999821186066,0.0032999999821186066,3000
2025-10-24,0.0032999999821186066,0.0032999999821186066,0.0032999999821186066,0.0032999999821186066,0
2025-10-27,0.0032999999821186066,0.0032999999821186066,0.0032999999821186066,0.0032999999821186066,0
2025-10-28,0.0032999999821186066,0.0032999999821186066,0.0032999999821186066,0.0032999999821186066,0
2025-10-29,0.002300000051036477,0.0031999999191612005,0.002300000051036477,0.0031999999191612005,15000
2025-10-30,0.0026000000070780516,0.0026000000070780516,0.0026000000070780516,0.0026000000070780516,12000
2025-10-31,0.008799999952316284,0.008799999952316284,0.004100000020116568,0.004100000020116568,52625
2025-11-03,0.0035000001080334187,0.0035000001080334187,0.0035000001080334187,0.0035000001080334187,10000
2025-11-04,0.0035000001080334187,0.0035000001080334187,0.0035000001080334187,0.0035000001080334187,0
2025-11-05,0.002300000051036477,0.002899999963119626,9.999999747378752e-05,0.002300000051036477,501926
2025-11-06,0.002300000051036477,0.002300000051036477,0.002300000051036477,0.002300000051036477,0
2025-11-07,0.002300000051036477,0.002300000051036477,0.002300000051036477,0.002300000051036477,0
2025-11-10,0.002300000051036477,0.002300000051036477,0.002300000051036477,0.002300000051036477,0
2025-11-11,0.002300000051036477,0.002300000051036477,0.002300000051036477,0.002300000051036477,0
2025-11-12,0.002300000051036477,0.002300000051036477,0.002300000051036477,0.002300000051036477,0
2025-11-13,0.002300000051036477,0.002300000051036477,0.002300000051036477,0.002300000051036477,0
2025-11-14,0.002300000051036477,0.002300000051036477,0.002300000051036477,0.002300000051036477,0
2025-11-17,0.002300000051036477,0.002300000051036477,0.002300000051036477,0.002300000051036477,0
2025-11-18,0.002300000051036477,0.002300000051036477,0.002300000051036477,0.002300000051036477,0
2025-11-19,0.002300000051036477,0.002300000051036477,0.002300000051036477,0.002300000051036477,0
2025-11-20,0.002300000051036477,0.002300000051036477,0.002300000051036477,0.002300000051036477,0
2025-11-21,0.002300000051036477,0.002300000051036477,0.002300000051036477,0.002300000051036477,0
2025-11-24,0.002300000051036477,0.002300000051036477,0.002300000051036477,0.002300000051036477,0
2025-11-25,0.002300000051036477,0.002300000051036477,0.002300000051036477,0.002300000051036477,10000
2025-11-26,0.002300000051036477,0.002300000051036477,0.002300000051036477,0.002300000051036477,0
2025-11-28,0.002300000051036477,0.002300000051036477,0.002300000051036477,0.002300000051036477,0
2025-12-01,0.002300000051036477,0.002300000051036477,0.002300000051036477,0.002300000051036477,0
2025-12-02,0.002300000051036477,0.002300000051036477,0.002300000051036477,0.002300000051036477,0
2025-12-03,0.002300000051036477,0.002300000051036477,0.002300000051036477,0.002300000051036477,0
2025-12-04,0.002300000051036477,0.002300000051036477,0.002300000051036477,0.002300000051036477,0
2025-12-05,0.002300000051036477,0.002300000051036477,0.002300000051036477,0.002300000051036477,0
2025-12-08,0.002300000051036477,0.002300000051036477,0.002300000051036477,0.002300000051036477,0
2025-12-09,0.002300000051036477,0.002300000051036477,0.002300000051036477,0.002300000051036477,0
2025-12-10,0.002300000051036477,0.002300000051036477,0.002300000051036477,0.002300000051036477,0
2025-12-11,0.002300000051036477,0.002300000051036477,0.002300000051036477,0.002300000051036477,0
2025-12-12,0.002300000051036477,0.002300000051036477,0.002300000051036477,0.002300000051036477,452
2025-12-15,0.002300000051036477,0.002300000051036477,0.002300000051036477,0.002300000051036477,0
2025-12-16,0.002300000051036477,0.002300000051036477,0.002300000051036477,0.002300000051036477,10000
2025-12-17,0.002300000051036477,0.002300000051036477,0.002300000051036477,0.002300000051036477,0
2025-12-18,0.002300000051036477,0.002300000051036477,0.002300000051036477,0.002300000051036477,0
2025-12-19,0.002300000051036477,0.002300000051036477,0.002300000051036477,0.002300000051036477,0
2025-12-22,0.002300000051036477,0.002300000051036477,0.002300000051036477,0.002300000051036477,0
2025-12-23,0.002300000051036477,0.002300000051036477,0.002300000051036477,0.002300000051036477,0
2025-12-24,0.002300000051036477,0.002300000051036477,0.002300000051036477,0.002300000051036477,0
2025-12-26,0.002300000051036477,0.002300000051036477,0.002300000051036477,0.002300000051036477,0
2025-12-29,0.002300000051036477,0.002300000051036477,0.002300000051036477,0.002300000051036477,0
2025-12-30,0.002300000051036477,0.002300000051036477,0.002300000051036477,0.002300000051036477,101250
2025-12-31,0.002300000051036477,0.002300000051036477,0.002300000051036477,0.002300000051036477,0
2026-01-02,0.002300000051036477,0.002300000051036477,0.002300000051036477,0.002300000051036477,0
2026-01-05,0.002300000051036477,0.002300000051036477,0.002300000051036477,0.002300000051036477,0
2026-01-06,0.002300000051036477,0.002300000051036477,0.002300000051036477,0.002300000051036477,0
2026-01-07,0.002300000051036477,0.002300000051036477,0.002300000051036477,0.002300000051036477,0
2026-01-08,0.002300000051036477,0.002300000051036477,0.002300000051036477,0.002300000051036477,0
2026-01-09,0.002300000051036477,0.002300000051036477,0.002300000051036477,0.002300000051036477,0
2026-01-12,0.002300000051036477,0.002300000051036477,0.002300000051036477,0.002300000051036477,0
2026-01-13,0.002300000051036477,0.002300000051036477,0.002300000051036477,0.002300000051036477,0
2026-01-14,0.002300000051036477,0.002300000051036477,0.002300000051036477,0.002300000051036477,0
2026-01-15,0.002300000051036477,0.002300000051036477,0.002300000051036477,0.002300000051036477,0
2026-01-16,0.002300000051036477,0.002300000051036477,0.002300000051036477,0.002300000051036477,0
2026-01-20,0.002300000051036477,0.002300000051036477,0.002300000051036477,0.002300000051036477,0
2026-01-21,0.002300000051036477,0.002300000051036477,0.002300000051036477,0.002300000051036477,0
2026-01-22,0.002300000051036477,0.002300000051036477,0.002300000051036477,0.002300000051036477,0
2026-01-23,0.002300000051036477,0.002300000051036477,0.002300000051036477,0.002300000051036477,0
2026-01-26,0.002300000051036477,0.002300000051036477,0.002300000051036477,0.002300000051036477,0
2026-01-27,0.002300000051036477,0.002300000051036477,0.002300000051036477,0.002300000051036477,0
2026-01-28,0.002300000051036477,0.002300000051036477,0.002300000051036477,0.002300000051036477,0
2026-01-29,0.002300000051036477,0.002300000051036477,0.002300000051036477,0.002300000051036477,0
2026-01-30,0.0035000001080334187,0.0035000001080334187,0.0035000001080334187,0.0035000001080334187,50000
2026-02-02,0.008999999612569809,0.08699999749660492,0.004699999932199717,0.04735000059008598,377709
2026-02-03,0.019999999552965164,0.020899999886751175,0.012000000104308128,0.014000000432133675,475299
2026-02-04,0.019600000232458115,0.029999999329447746,0.014999999664723873,0.019999999552965164,485735
2026-02-05,0.014999999664723873,0.014999999664723873,0.014999999664723873,0.014999999664723873,22500
2026-02-06,0.014999999664723873,0.014999999664723873,0.014999999664723873,0.014999999664723873,0
2026-02-09,0.014999999664723873,0.014999999664723873,0.014999999664723873,0.014999999664723873,0
2026-02-10,0.028599999845027924,0.028599999845027924,0.014999999664723873,0.014999999664723873,18500
2026-02-11,0.01510000042617321,0.01510000042617321,0.01510000042617321,0.01510000042617321,105
2026-02-12,0.01510000042617321,0.01510000042617321,0.01510000042617321,0.01510000042617321,0
2026-02-13,0.01510000042617321,0.01510000042617321,0.01510000042617321,0.01510000042617321,0
2026-02-17,0.021549999713897705,0.021549999713897705,0.021549999713897705,0.021549999713897705,1500
2026-02-18,0.021549999713897705,0.021549999713897705,0.021549999713897705,0.021549999713897705,0
2026-02-19,0.021549999713897705,0.021549999713897705,0.021549999713897705,0.021549999713897705,0
2026-02-20,0.014999999664723873,0.021549999713897705,0.014999999664723873,0.021549999713897705,42100
2026-02-23,0.014999999664723873,0.014999999664723873,0.014999999664723873,0.014999999664723873,0
2026-02-24,0.009200000204145908,0.009200000204145908,0.009200000204145908,0.009200000204145908,150
2026-02-25,0.009200000204145908,0.009200000204145908,0.009200000204145908,0.009200000204145908,0
2026-02-26,0.009200000204145908,0.009200000204145908,0.009200000204145908,0.009200000204145908,31450
2026-02-27,0.009200000204145908,0.009200000204145908,0.009200000204145908,0.009200000204145908,49300
2026-03-02,0.00559999980032444,0.00570000009611249,0.00559999980032444,0.00570000009611249,57500
2026-03-03,0.00559999980032444,0.00559999980032444,0.00559999980032444,0.00559999980032444,0
2026-03-04,0.009999999776482582,0.009999999776482582,0.006000000052154064,0.006000000052154064,125500
2026-03-05,0.009999999776482582,0.009999999776482582,0.009999999776482582,0.009999999776482582,0
2026-03-06,0.009999999776482582,0.009999999776482582,0.009999999776482582,0.009999999776482582,0
2026-03-09,0.007499999832361937,0.007499999832361937,0.007499999832361937,0.007499999832361937,600
2026-03-10,0.006099999882280827,0.012000000104308128,0.006099999882280827,0.011900000274181366,23900
2026-03-11,0.006099999882280827,0.006099999882280827,0.006099999882280827,0.006099999882280827,0
2026-03-12,0.012000000104308128,0.012000000104308128,0.012000000104308128,0.012000000104308128,91991
2026-03-13,0.04805000126361847,0.08739999681711197,0.027899999171495438,0.02800000086426735,2095690
2026-03-16,0.05999999865889549,0.06499999761581421,0.03500000014901161,0.03999999910593033,184268
2026-03-17,0.05000000074505806,0.06589999794960022,0.05000000074505806,0.06589999794960022,60000
2026-03-18,0.039900001138448715,0.03999999910593033,0.039900001138448715,0.03999999910593033,59270
2026-03-19,0.054999999701976776,0.0560000017285347,0.054999999701976776,0.054999999701976776,147020
2026-03-20,0.050999999046325684,0.05999999865889549,0.050999999046325684,0.051500000059604645,84000
2026-03-23,0.04500000178813934,0.051500000059604645,0.04500000178813934,0.051500000059604645,143941
2026-03-24,0.04500000178813934,0.04500000178813934,0.04500000178813934,0.04500000178813934,0
2026-03-25,0.054999999701976776,0.054999999701976776,0.054999999701976776,0.054999999701976776,8600
2026-03-26,0.05000000074505806,0.05000000074505806,0.05000000074505806,0.05000000074505806,50000
2026-03-27,0.05000000074505806,0.05000000074505806,0.05000000074505806,0.05000000074505806,0
2026-03-30,0.05000000074505806,0.057500001043081284,0.04500000178813934,0.05400000140070915,122000
2026-03-31,0.03999999910593033,0.04500000178813934,0.03999999910593033,0.04500000178813934,65000
2026-04-01,0.04600000008940697,0.04600000008940697,0.04600000008940697,0.04600000008940697,35000
2026-04-02,0.05000000074505806,0.05000000074505806,0.05000000074505806,0.05000000074505806,45000
2026-04-06,0.05000000074505806,0.05000000074505806,0.05000000074505806,0.05000000074505806,95000
2026-04-07,0.05000000074505806,0.05000000074505806,0.05000000074505806,0.05000000074505806,55000
2026-04-08,0.07199999690055847,0.07500000298023224,0.05999999865889549,0.07000000029802322,268252
