Date,close,high,low,open,volume
2014-01-02,31.32877540588379,31.364306443091646,30.840235503767502,31.097827052458936,712200
2014-01-03,31.692974090576172,31.728505143506784,31.00901656958658,31.29325821617606,894200
2014-01-06,32.5545768737793,32.67893214534386,31.861735036105713,31.941678194743933,2879200
2014-01-07,32.83881759643555,32.945407342332665,32.48351392554258,32.8654641858031,1272600
2014-01-08,32.892112731933594,33.03423353106021,32.6434021805688,32.84770061753661,1274300
2014-01-09,32.24367904663086,32.49239292990152,31.24883367882732,32.137089318615644,1167900
2014-01-10,32.81216812133789,32.84769916665692,32.074917567316334,32.37692467567416,1002700
2014-01-13,31.470916748046875,32.97206847334625,31.293264834250703,32.78553548865306,1095100
2014-01-14,31.81733512878418,31.950574907102986,31.506446830611385,31.56862449024594,739700
2014-01-15,32.29698181152344,32.39469049282553,31.808441793439965,31.986090244796127,632700
2014-01-16,32.32362747192383,32.527925895849464,32.03938589181625,32.163741159559954,825400
2014-01-17,32.24367904663086,32.359153228562725,32.02161513668378,32.359153228562725,492800
2014-01-21,31.577489852905273,32.456864497829436,31.497546703366712,32.456864497829436,347600
2014-01-22,31.311017990112305,31.710733791075754,31.080072965348474,31.701849335261517,460100
2014-01-23,30.600412368774414,31.435371584053172,30.2984052673456,31.14224893796377,705300
2014-01-24,30.014183044433594,30.37836801439499,29.419049524684528,30.29842480691912,1028400
2014-01-27,30.031940460205078,30.8224878602018,29.74769877455296,30.0141749312983,1221300
2014-01-28,30.111886978149414,30.60930828886947,29.89870399610614,30.120768049371467,530200
2014-01-29,29.88092613220215,30.138521140893204,29.321324000183306,29.765451923404925,663200
2014-01-30,30.120773315429688,30.476077218143917,30.06747671349381,30.19183545134419,674400
2014-01-31,29.996400833129883,30.245111389917728,29.614450541818723,29.77433686787582,1386600
2014-02-03,29.516738891601562,30.12075308752629,29.045964416823445,29.996397821617116,1007600
2014-02-04,29.845399856567383,29.92534303106504,29.44568737250679,29.67663243859575,655300
2014-02-05,29.516738891601562,29.863158100470507,29.39238362569239,29.80098046751592,629500
2014-02-06,29.410146713256836,29.863155628488233,29.161436202025996,29.632210637834824,689700
2014-02-07,30.16518211364746,30.280656377498598,29.321337979526877,29.445696703597434,880700
2014-02-10,30.63595199584961,30.786953894653298,30.01417209655027,30.120761871495688,633400
2014-02-11,30.7425479888916,30.893549918237476,30.360597547285693,30.671485865602808,899300
2014-02-12,31.23996925354004,32.49241376150052,30.751429016127872,30.751429016127872,926700
2014-02-13,31.52420997619629,31.639680827682987,29.863168656069128,30.769190270203563,1475200
2014-02-14,31.604150772094727,31.88839242700723,31.364321240432087,31.51532313716719,490600
2014-02-18,31.675203323364258,32.61675573967687,31.49755147653188,31.764027552566876,708400
2014-02-19,31.28438377380371,31.657449743314704,31.106731859948198,31.586391010829555,552200
2014-02-20,31.080080032348633,31.302144040218312,30.698129667738556,31.26661298573648,491400
2014-02-21,31.053417205810547,31.257715601956168,30.706998038936387,31.142244805282417,606300
2014-02-24,31.764020919799805,31.817317479248604,30.991239444137634,31.05341706928135,753000
2014-02-25,31.58637809753418,32.03938707365742,31.444257302237965,31.73737996009958,766200
2014-02-26,31.44422149658203,31.73743005405368,31.328714787028275,31.586382297040178,530700
2014-02-27,31.515295028686523,31.692993438942302,31.142120910513572,31.435329388319456,376100
2014-02-28,31.870704650878906,31.986211363161424,31.44422223942913,31.44422223942913,601400
2014-03-03,31.55083465576172,31.710765946525644,31.22208850891592,31.58637569579373,632700
2014-03-04,32.16392517089844,32.31496959824399,31.835178825383508,31.844062396069997,430200
2014-03-05,32.50153732299805,32.65258165203706,32.08393859549966,32.19055832125542,262200
2014-03-06,32.74143600463867,32.9813329673292,32.63481626212527,32.64370321780668,437300
2014-03-07,32.88359832763672,33.15015278044601,32.776978580141396,32.91025580654605,258800
2014-03-10,32.80362319946289,33.11460217483577,32.279408180039994,32.785856071160154,433300
2014-03-11,32.341617584228516,32.99022651395298,32.12837466721854,32.72367540972639,797500
2014-03-12,31.932891845703125,32.19944625224792,31.71076543316918,32.066169048975524,701400
2014-03-13,31.82628059387207,32.47488948450723,31.568613073249878,32.08394811449426,920300
2014-03-14,31.41756248474121,31.68411352017771,30.537940339482432,31.68411352017771,770500
2014-03-17,31.63080406188965,31.835163371680967,31.399794052975878,31.657461539773163,422500
2014-03-18,32.25275421142578,33.54108807358519,31.1776631952336,32.02174423522632,1361400
2014-03-19,31.30205726623535,32.46600102264789,31.23097856848507,32.26164510621768,2771100
2014-03-20,32.608154296875,32.75919861316702,31.808497947741678,31.808497947741678,12384400
2014-03-21,32.5281982421875,33.09684141821293,32.119486383091804,32.87471496574171,2751700
2014-03-24,32.652587890625,33.06129974192705,32.09282829204486,32.53708118851595,1680900
2014-03-25,32.43046188354492,33.03464610211484,32.23498952183681,32.759208082378926,1312100
2014-03-26,31.92401885986328,32.65259346326732,31.879594240510585,32.57262779267999,1818000
2014-03-27,31.6485652923584,32.359369021925154,31.275394605353178,31.799612991417323,1362800
2014-03-28,31.533071517944336,31.81739309544189,31.28428759559856,31.737427439934418,3758300
2014-03-31,32.22608947753906,32.59037653576136,31.87957293305675,32.1905484500591,2146000
2014-04-01,32.67036819458008,32.679251763841734,32.323851373887855,32.4393547211975,1015400
2014-04-02,33.0257568359375,33.061297879103996,32.41268909352743,32.848058398865895,2482100
2014-04-03,33.10572052001953,33.3011928564327,32.91913513855981,33.070182868346414,1470200
2014-04-04,32.705894470214844,33.39892779840945,32.581500831095205,33.22122598904721,1386400
2014-04-07,31.96843910217285,32.8480613581977,31.844048829264047,32.67035951573623,1983800
2014-04-08,31.906240463256836,32.7236674930954,31.6841140319088,31.94178150572381,2864000
2014-04-09,32.24388122558594,32.314959937976035,31.67523796894049,31.97733012270603,1648800
2014-04-10,31.710773468017578,32.66147448340026,31.453109340120346,32.226108502573915,2268500
2014-04-11,30.91999626159668,31.648570630974078,30.786722446347706,31.435331170823677,1367500
2014-04-14,30.724519729614258,31.151001933915403,30.42242774456187,31.151001933915403,1155400
2014-04-15,30.7423038482666,30.866697525652043,30.306937840251564,30.7423038482666,1039500
2014-04-16,31.008840560913086,31.310932539747707,30.831138798766982,30.973299530608024,750100
2014-04-17,31.55083465576172,31.621916735825742,30.999962092786035,30.999962092786035,706300
2014-04-21,31.310956954956055,31.604162210156193,31.097713996225355,31.604162210156193,470200
2014-04-22,31.835166931152344,32.1017180141267,31.17767109639341,31.39979756376886,1203200
2014-04-23,31.568613052368164,31.950670854588083,31.408681721700248,31.86182162171967,953100
2014-04-24,31.42644691467285,32.17279186804585,31.230977957647344,32.00397699848282,1398200
2014-04-25,31.213197708129883,31.497519183717742,31.062150017697952,31.36424200918247,616400
2014-04-28,30.49351692199707,31.373139101588336,29.995952484216307,31.373139101588336,1390000
2014-04-29,30.94666862487793,31.346493652364458,30.71565514429549,30.982206292413753,1046400
2014-04-30,31.44422149658203,31.559728206135787,30.857807771019576,30.999968571477723,940600
2014-05-01,31.168785095214844,31.817393922578898,31.05327839217228,31.364254066463044,2012900
2014-05-02,31.42644691467285,31.728539000309073,30.911115350576,31.151012305879508,1726100
2014-05-05,31.435335159301758,31.808505956602477,31.088818450556648,31.14212662766787,942900
2014-05-06,31.079936981201172,31.47087836967713,31.008858269378788,31.31983398869135,1994800
2014-05-07,30.200305938720703,30.813373564342793,28.96528034430785,30.786719481735677,4103200
2014-05-08,30.431325912475586,30.804496749316982,29.907107315926318,30.013727070826587,2395000
2014-05-09,30.63568878173828,30.671229837867916,29.791607340258675,30.324713014058165,2105400
2014-05-12,31.613040924072266,31.79073938905524,30.36913133290568,30.76007270100157,1888300
2014-05-13,31.533071517944336,31.701886395402084,31.293174551421924,31.58637969536228,1270000
2014-05-14,31.079936981201172,31.53307690292078,31.026625405298528,31.53307690292078,1665900
2014-05-15,30.449085235595703,30.955533121797416,30.075911146648327,30.919992086777732,1233400
2014-05-16,30.61790657043457,30.715642742805873,30.20031118309406,30.431321181024106,1887900
2014-05-19,30.848922729492188,30.9200014316338,30.529060096403246,30.57348470891434,661000
2014-05-20,31.008840560913086,31.346470180673567,30.786714205575255,30.79559776846192,1235400
2014-05-21,31.852937698364258,32.57262875491069,31.577503016612187,31.67523921570407,2126600
2014-05-22,32.19944763183594,32.34160840637335,31.541951931237772,31.915122693380894,1249300
2014-05-23,32.2794189453125,32.46600435913515,32.163912236544796,32.163912236544796,1089200
2014-05-27,33.03463363647461,33.194564892180054,32.50153171037606,32.50153171037606,2714200
2014-05-28,32.386024475097656,33.21233481844049,32.28828833286022,33.13236919200798,2349500
2014-05-29,32.17277526855469,32.63479841934649,31.88845385104876,32.50152466141607,1444200
2014-05-30,31.80849838256836,32.46599398855267,31.80849838256836,32.46599398855267,7370500
2014-06-02,32.7325553894043,32.75920948009057,31.924015207906116,31.93289877500794,1904600
2014-06-03,32.18167495727539,32.71477697876261,31.995086199312873,32.697006459462365,2560500
2014-06-04,32.69701385498047,32.750325424939376,32.19056580320353,32.314956077060216,2226900
2014-06-05,32.083763122558594,32.70588665754599,32.03932645369532,32.67922533428813,2341800
2014-06-06,32.314849853515625,32.39483723989766,32.11043839727301,32.24374844770865,1935600
2014-06-09,32.39482879638672,32.51036685555796,31.923790581442756,32.22596469675934,1825900
2014-06-10,32.359283447265625,32.572584254018544,32.16375799026723,32.234859389285305,1142300
2014-06-11,31.852697372436523,32.34150761737442,31.82603604335121,32.27929558930784,760800
2014-06-12,32.10155487060547,32.305966364061966,31.67495652900466,31.67495652900466,2253400
2014-06-13,32.12821960449219,32.44816581803287,32.021567476343044,32.1193302319953,1278300
2014-06-16,31.701601028442383,32.128202533767656,31.53274033404728,32.128202533767656,1309200
2014-06-17,32.33262634277344,32.45705041701258,31.719388562163733,31.728277933353244,1075400
2014-06-18,32.27043151855469,32.54594114695358,31.754956204266914,32.27043151855469,922800
2014-06-19,32.0571174621582,32.394842413069796,31.968244081008812,32.27930430533385,590300
2014-06-20,32.0571174621582,32.25264296904947,31.968244081008812,32.092668170738825,1102000
2014-06-23,32.38595199584961,32.52815143528191,32.10155311698501,32.2793032638509,1152800
2014-06-24,32.359283447265625,32.74144499123451,32.16375799026723,32.25263473903982,1229700
2014-06-25,32.49260330200195,32.54592597151092,32.199315058494726,32.279302453060154,1138500
2014-06-26,32.439273834228516,32.52814720094137,32.21708702714476,32.47482453703431,1247800
2014-06-27,32.279300689697266,32.448161451087714,32.003787814511156,32.35040209889438,3607800
2014-06-30,32.297088623046875,32.51927552788614,32.13711378033836,32.27931326382336,978300
2014-07-01,32.5103759765625,32.74144876943327,32.26152444158433,32.314850497001444,1209500
2014-07-02,32.43038558959961,32.7503317216103,32.33262285885966,32.57258500059371,980100
2014-07-03,33.21247863769531,33.23914335646938,32.41260827079811,32.581469001628356,989600
2014-07-07,32.72367477416992,33.04362433933255,32.62591203033669,33.02584898678998,778100
2014-07-08,32.24374771118164,32.77699807164832,32.0126749281905,32.68812131641976,790000
2014-07-09,32.50149154663086,32.62591563788499,32.27041871863065,32.29708005524162,1332200
2014-07-10,32.24374771118164,32.38594712924578,31.879361490498443,32.092662312745425,987600
2014-07-11,32.53704071044922,32.56370204579403,32.01267964342166,32.154879082430725,505800
2014-07-14,32.80366897583008,32.892542366692105,32.66146951626931,32.75034290713133,692000
2014-07-15,32.72367477416992,32.99029828170484,32.43927591409244,32.71478879304956,727100
2014-07-16,32.439273834228516,32.84809674559024,32.38594778001983,32.81254604278445,673900
2014-07-17,31.994890213012695,32.608124388253906,31.92378882963951,32.43926368819343,753300
2014-07-18,32.323734283447266,32.37706033524432,31.932686741173228,31.994898773119065,467900
2014-07-21,32.73257064819336,32.86588073329307,32.03934532252532,32.16376942473939,1170900
2014-07-22,32.75923156738281,32.84810495631048,32.581481399225005,32.803668261846646,1003200
2014-07-23,32.89253234863281,32.90142171919311,32.519260152336535,32.75033293238163,467600
2014-07-24,32.98140335083008,33.052501351405546,32.77699193751184,32.96362800311098,1091500
2014-07-25,32.785884857177734,32.97252096228879,32.71478684155041,32.95474900110819,929500
2014-07-28,32.73257064819336,32.89254207225251,32.52815574849595,32.73257064819336,789500
2014-07-29,32.936981201171875,32.945867183799486,32.61703158173918,32.73256969771263,2302100
2014-07-30,33.30136489868164,33.36357694309571,32.91920325996541,33.07028868488468,1341600
2014-07-31,32.97252655029297,33.15027670493785,32.581478922315995,32.99030190478768,1341600
2014-08-01,32.750335693359375,33.23914940633932,32.48371218919873,32.80366175031222,1171300
2014-08-04,32.97252655029297,32.97252655029297,32.51038089463937,32.86587781362692,943500
2014-08-05,32.990299224853516,33.159163383684636,32.61702698169365,32.750337044121345,1161400
2014-08-06,32.33262634277344,33.52354780953656,31.754939266318274,33.390234364107904,3257300
2014-08-07,32.07489013671875,32.85698870864041,31.977127391440806,32.54592512000132,1593300
2014-08-08,32.48371887207031,32.49260824520883,31.852708991335444,32.066009872727406,874900
2014-08-11,32.72367477416992,33.0791750444177,32.43927591409244,32.60813667779412,1176100
2014-08-12,32.85698318481445,32.936970563839886,32.53703366871272,32.63479639755507,1239900
2014-08-13,33.230247497558594,33.66573498928021,32.98139943960368,33.04361145409241,2045500
2014-08-14,33.63908767700195,33.82572720731611,33.23915405991998,33.40801484512565,1540900
2014-08-15,33.78128433227539,34.06568659535961,33.28358800005749,33.79905968561203,1518000
2014-08-18,34.27009582519531,34.27009582519531,33.82572219183579,33.98569697106936,1005100
2014-08-19,34.474510192871094,34.55449758922378,34.18122194281057,34.456734839203605,1010200
2014-08-20,34.376739501953125,34.60781226564946,34.27009079488568,34.45672687982903,858700
2014-08-21,34.465614318847656,34.57226642073237,34.065680802834926,34.57226642073237,987800
2014-08-22,34.49229049682617,34.714477364104695,34.323426307900874,34.43007844521239,689600
2014-08-25,34.59893035888672,34.97220257271372,34.545604303925,34.73224380114017,788800
2014-08-26,34.847774505615234,34.91887590407801,34.54560034275101,34.5900370216396,1586300
2014-08-27,35.02558135986328,35.18559697127369,34.85667410828168,35.07002938721793,916900
2014-08-28,34.56330490112305,34.97223206609436,34.492185363997855,34.9633438195368,1837200
2014-08-29,34.7499885559082,35.04334816826762,34.36772952225337,34.67886901887187,1165200
2014-09-02,34.9989128112793,35.310055811595234,34.812229045790176,35.01669270196884,1019300
2014-09-03,34.71443557739258,35.09669468581574,34.71443557739258,35.02557852603555,11673900
2014-09-04,34.643310546875,34.981118153874114,34.554411130954726,34.758874700822396,3262700
2014-09-05,34.80333709716797,34.8744532612006,34.31439863308783,34.53664215633624,1682200
2014-09-08,35.09669876098633,35.203374708626455,34.652211689457374,34.8388954456194,2188800
2014-09-09,34.65219497680664,35.11446171518695,34.57218720687225,35.0522338264786,1988100
2014-09-10,34.92778396606445,34.99001186531463,34.74110026831393,34.81221641410006,1700000
2014-09-11,34.95446014404297,35.061136082864145,34.70554848973791,34.758884763565014,1588900
2014-09-12,35.18559646606445,35.23004449278089,34.90112163451169,34.90112163451169,3147800
2014-09-15,35.167808532714844,35.19447666441112,34.62553391378203,35.05224097675384,1055000
2014-09-16,35.061126708984375,35.230033907390045,34.91889103152836,35.09668647613989,1252700
2014-09-17,35.203365325927734,35.38116078538521,34.945565470439035,35.23003684910447,1177400
2014-09-18,35.28337478637695,35.558957931163405,35.25670665310186,35.28337478637695,1302700
2014-09-19,35.292274475097656,35.630085602025204,35.0344711574117,35.585634181538666,3073100
2014-09-22,34.821102142333984,35.23003266790303,34.54552243448949,35.16780477315325,1259600
2014-09-23,34.27883529663086,35.05224165120064,34.252163773255106,34.732210500022425,1260000
2014-09-24,34.81222152709961,34.8833410744975,34.19883069104282,34.2343870735751,1225700
2014-09-25,34.47440719604492,34.687762426876326,34.29661512671282,34.678870788709915,1184700
2014-09-26,34.71443557739258,34.74110710458113,34.314396581232664,34.60775964213888,926200
2014-09-29,34.696651458740234,35.05224238778086,34.49218786145012,34.97223459830504,1727400
2014-09-30,34.758880615234375,34.91000795243098,34.46552097069568,34.758880615234375,1328200
2014-10-01,34.31439208984375,34.86555836404087,34.109928494383425,34.723322671930795,1669200
2014-10-02,34.30549621582031,34.69664343437037,33.94990536901797,34.32327609727699,1708200
2014-10-03,34.79443359375,34.98111727574731,34.527742135015856,34.56330190049131,1635000
2014-10-06,34.643310546875,35.078905815803424,34.48329498938448,34.981118153874114,1070600
2014-10-07,34.21661376953125,34.661100808728676,34.18105399251538,34.527753340502656,1449000
2014-10-08,34.31439208984375,34.421071402301095,33.84323699557284,34.21660780684077,1678400
2014-10-09,33.27429962158203,34.456633368083956,33.27429962158203,34.23438985118382,2390800
2014-10-10,32.72313690185547,33.576551199461235,32.71424526205732,33.34541604104699,2238700
2014-10-13,32.20753479003906,33.007612924791474,32.180866649269795,32.76758948436575,1447100
2014-10-14,32.18086242675781,32.53645002463799,31.940839017826015,32.260870229735076,1903600
2014-10-15,31.46078872680664,31.75415176905941,30.17177577277167,31.75415176905941,4276400
2014-10-16,31.31854248046875,31.416330128295503,30.474016802433262,30.474016802433262,2040300
2014-10-17,31.92305564880371,32.118631010573495,31.36300108902354,31.60302447178647,1717600
2014-10-20,31.96750831604004,32.02084798368432,31.567469286625744,31.68303687093812,1326100
2014-10-21,33.16763687133789,33.22097316625502,32.48312616016563,32.77648595571472,1773800
2014-10-22,33.1854133605957,33.70990495967862,33.11429378644809,33.23874965003847,1971000
2014-10-23,33.4343147277832,33.85213361851477,33.37208681527002,33.55877055280957,793800
2014-10-24,33.66545104980469,33.74545886118256,33.42542761567106,33.53210695828646,678100
2014-10-27,33.8343505859375,33.92324662664669,33.336523940932935,33.57654732024764,1288700
2014-10-28,34.56330490112305,34.67886906220222,33.914354385103486,34.03881018390639,1421500
2014-10-29,34.341064453125,34.749991654043264,34.09214944247201,34.53663641507877,866400
2014-10-30,34.252174377441406,34.49219781513431,33.96770290858331,34.30551404954007,1454300
2014-10-31,34.892234802246094,35.13225822566021,34.59887170990644,34.838895133320555,1749800
2014-11-03,35.070011138916016,35.23891491144325,34.7766482069228,34.972223494918275,1294800
2014-11-04,35.00779342651367,35.25670503543787,34.803329834730754,35.06112969061667,1394700
2014-11-05,34.83888244628906,35.33670900146913,34.1810437249373,35.0166778867938,1917600
2014-11-06,35.23004150390625,35.46117325792304,34.803334379529026,35.12336217943686,2018500
2014-11-07,36.012325286865234,36.18123247049213,35.212250942866085,35.3367067258549,2150600
2014-11-10,35.78120803833008,36.31459114951536,35.65675220513132,35.96789178812821,1238900
2014-11-11,35.798988342285156,35.914555927808856,35.5500766730038,35.80787659140214,1125500
2014-11-12,35.55006790161133,35.90565542839689,35.487836608478375,35.64785218244009,1278400
2014-11-13,34.901126861572266,35.06114249465028,34.76778276145231,34.80334254461799,12982700
2014-11-14,35.67452621459961,35.72786248222721,35.052243760000714,35.114471666343945,5675100
2014-11-17,36.305702209472656,36.305702209472656,35.603411859884375,35.781207357284416,4367000
2014-11-18,36.97241973876953,37.06131576052662,36.39458542385092,36.39458542385092,3996100
2014-11-19,36.83907699584961,37.230227680079594,36.66128492974466,36.9013048972196,2369200
2014-11-20,36.99910354614258,37.016883436261736,36.456828766593816,36.70574383709472,1601300
2014-11-21,37.123558044433594,37.48803730078845,36.84797823546234,37.381361355095294,2646800
2014-11-24,37.070220947265625,37.47025997372601,36.87464555851452,37.19467677968284,1393800
2014-11-25,37.301414489746094,37.363657340361264,35.93206499225043,37.06133346938145,2156100
2014-11-26,37.319183349609375,37.425884850932086,37.034643751429115,37.27472128141031,776100
2014-11-28,37.23915481567383,37.381424608804274,37.052422956206826,37.30139763816968,486500
2014-12-01,36.88349151611328,37.25695197347559,36.57227729496187,37.070220048804124,1190100
2014-12-02,37.088008880615234,37.399226532997375,36.75901046362249,36.98130733304643,1754200
2014-12-03,37.17692565917969,37.39922250465964,37.02576204042337,37.11468281380375,1141200
2014-12-04,37.265846252441406,37.29252079076421,37.007981075384464,37.18581924549204,1293200
2014-12-05,37.5325927734375,37.78156750842521,37.390322950007445,37.45256578575933,1446100
2014-12-08,37.497032165527344,37.75489733341272,37.31030361994725,37.417008553405175,1725200
2014-12-09,37.5325927734375,37.54148654539071,36.83902780821349,37.132457835046665,2126600
2014-12-10,36.492244720458984,37.69264612374536,36.33219074775679,37.46145893649779,1971400
2014-12-11,36.759002685546875,37.007974041186294,36.62562323532271,36.67897569380844,1606900
2014-12-12,35.62083435058594,36.54558630225355,35.5496977586226,36.41221028029138,2007900
2014-12-15,35.53190994262695,36.27882712123979,35.23848001101783,35.97650342056367,1826700
2014-12-16,35.70975875854492,35.91427141290352,34.98951588642807,35.336301752841415,2407500
2014-12-17,36.572269439697266,36.61672812002964,35.789783776323894,35.8609203784396,2630800
2014-12-18,37.39921188354492,37.39921188354492,36.723427765694666,37.2035896296441,2039300
2014-12-19,37.72821807861328,37.87937829414011,37.17692289260306,37.4703529429706,1738200
2014-12-22,37.58594512939453,38.04832290230926,37.417000774513824,37.71932118051715,1092800
2014-12-23,38.155033111572266,38.22616973529011,37.64819653951584,37.79046639497061,1014000
2014-12-24,38.235050201416016,38.38621039964329,37.92383603331278,38.163913596146685,373500
2014-12-26,38.29728317260742,38.475121248003326,38.14612301330735,38.28839279522825,482600
2014-12-29,38.1994743347168,38.54625673678662,38.10166321782955,38.190583956808574,596200
2014-12-30,38.11055374145508,38.22614899629172,37.9149315243437,38.04831092546129,597300
2014-12-31,37.683753967285156,38.21726492315289,37.67486019589873,38.2083745437464,700000
2015-01-02,37.6392822265625,38.11944056345059,37.40809173845087,37.879359699017165,980000
2015-01-05,36.2877197265625,37.336960572202386,36.056529225941404,37.00795896685536,1867600
2015-01-06,35.4963493347168,36.305512896032646,35.22959386860223,36.24326667502546,2438100
2015-01-07,35.88759994506836,36.18992376253151,35.558601594058,36.092112616884556,1695800
2015-01-08,36.572269439697266,36.74121378175225,36.29662019446872,36.49224245830703,1402100
2015-01-09,36.17213821411133,37.399217589652395,36.12767952925424,37.24805399076201,929400
2015-01-12,35.56748580932617,36.15434918950086,35.38964770188359,36.118780889616396,1035800
2015-01-13,35.92316436767578,36.287730985324856,35.5941626602515,36.00319135164655,2546900
2015-01-14,35.23849105834961,35.50524655034416,34.60716554385369,35.40743541181747,2431700
2015-01-15,34.251487731933594,35.39853991280818,34.17146075671026,35.29183501785732,2818600
2015-01-16,34.59828567504883,34.6872030687337,34.038096597286945,34.180366462371424,1287400
2015-01-20,34.295936584472656,34.78498867430889,34.04696535153318,34.67828720190322,1450200
2015-01-21,34.39375686645508,34.58048534102968,34.05586482295373,34.153675945439346,1698600
2015-01-22,35.26516342163086,35.309622102233,34.375976241668425,34.624947566624336,1480300
2015-01-23,34.83836364746094,35.24738904964401,34.669419257510754,35.24738904964401,918000
2015-01-26,35.03398132324219,35.06954623768881,34.616062202675685,34.83835902987397,913500
2015-01-27,35.08732223510742,35.282944483004655,34.411541529976354,34.616054156423644,1259000
2015-01-28,34.72276306152344,35.47857429463562,34.72276306152344,35.47857429463562,1545200
2015-01-29,35.10511779785156,35.149576489015814,34.447121027866885,34.82057810402348,1203300
2015-01-30,34.68718719482422,35.11399998673631,34.42043174386386,34.678296816316696,1964900
2015-02-02,35.27405548095703,35.291839632440876,34.56270638150364,34.71386997312627,1289700
2015-02-03,35.7808952331543,36.003192038203274,35.30962369990403,35.72754277882972,1883000
2015-02-04,35.371864318847656,35.90537865274267,35.34518978934585,35.66529771128689,1213100
2015-02-05,35.79867935180664,35.81646350491695,35.22960002019817,35.4518968461065,1644900
2015-02-06,36.545589447021484,37.159130733572944,36.02096890807587,36.09210550616056,2565200
2015-02-09,36.510040283203125,36.634525991550255,36.18103846316439,36.474471968823615,1521300
2015-02-10,36.95462417602539,37.07910985115475,36.572273378425095,36.84791926136002,2625300
2015-02-11,37.73709487915039,39.14201196060897,37.612609242459975,39.11533743616937,3588100
2015-02-12,38.279518127441406,38.73300561559127,38.003872195409976,38.4217879803553,2043200
2015-02-13,38.403987884521484,38.64406879766046,38.27061186076391,38.31507053534977,1511600
2015-02-17,38.350643157958984,38.74188428721977,38.12834636797403,38.51069711810654,2043700
2015-02-18,38.72409439086914,39.03531188585565,38.323959549874665,38.403986518073566,3157500
2015-02-19,38.60850524902344,38.768559210798486,38.27950694625467,38.54626241855313,1080400
2015-02-20,39.088680267333984,39.11535819791296,38.163924486819376,38.58184368208638,1159800
2015-02-23,38.80413055419922,39.03532113577038,38.519590909173274,39.03532113577038,637400
2015-02-24,38.76856231689453,39.559941809955575,38.27951001316836,39.506589354429394,1493400
2015-02-25,38.67072296142578,38.83970604178155,38.51063229887499,38.652934733058174,560600
2015-02-26,38.821922302246094,39.02648184511248,38.626255177435745,38.688512282101264,857900
2015-02-27,39.30220031738281,39.3644574369491,38.69741396208868,38.88418871354611,1853800
2015-03-02,39.3466682434082,39.577908462962476,39.213258206092696,39.30219596913091,1321700
2015-03-03,39.20436096191406,39.84472024104661,39.12431562792777,39.284402903142585,2115200
2015-03-04,39.40004348754883,39.76469387346602,39.21327208341647,39.76469387346602,14141500
2015-03-05,39.23105239868164,39.57791447710023,39.195475930956995,39.56902205654842,4567200
2015-03-06,39.328880310058594,39.577908762657856,39.186577852464985,39.31109207876462,4816300
2015-03-09,39.74689483642578,39.81804776691058,39.23104966144481,39.64906464614687,2270500
2015-03-10,38.54621887207031,39.28441188289768,38.54621887207031,39.044279218806295,4316500
2015-03-11,39.142112731933594,39.18658501467593,38.40391965848265,38.67963220479452,3089700
2015-03-12,39.96034622192383,39.97813445275857,39.28440702123629,39.33777171374051,3236300
2015-03-13,39.702415466308594,39.86250612486287,39.213251073062786,39.80024902350927,3237900
2015-03-16,39.95145034790039,39.99592262129703,39.62237655986561,39.9247696980689,1907800
2015-03-17,39.515655517578125,39.97813939821808,39.38224546619329,39.595700869857325,2445400
2015-03-18,39.47118377685547,39.73800046757071,39.231047737384266,39.346669547372244,2200400
2015-03-19,39.328880310058594,39.50675583748195,38.92865358783963,39.35556096062046,1874100
2015-03-20,39.44449234008789,39.85361480811489,39.284401677111596,39.49785702533254,2675800
2015-03-23,39.462284088134766,39.74688898264143,39.364450519505986,39.47117989951445,1754200
2015-03-24,38.94644546508789,39.64016958670464,38.8841883461099,39.48007888283023,2254600
2015-03-25,38.39501190185547,39.222145890747775,38.35943883658915,39.09763168042124,4049200
2015-03-26,38.430599212646484,38.54622103749739,37.97701111939869,38.32387320119266,2057400
2015-03-27,38.519535064697266,38.528427484107894,38.190457869613404,38.33276032949136,1869300
2015-03-30,38.501747131347656,39.142106509379474,38.27050351178087,38.688518475242006,3598100
2015-03-31,38.34165573120117,38.44838172677754,38.11041211590111,38.37723219397937,2957500
2015-04-01,39.142112731933594,39.23994632555261,38.332766720301976,38.40391965848265,4728500
2015-04-02,39.10653305053711,39.435606852145334,38.89307766480637,39.1332137014691,1955900
2015-04-06,38.98200607299805,39.14209331898991,38.45726528882233,38.62624834405421,2379800
2015-04-07,39.008705139160156,39.168795853520606,38.79524972242664,39.01759755984296,1647100
2015-04-08,39.33777618408203,39.48007865417305,39.04427882385115,39.079851896805025,1411600
2015-04-09,39.622371673583984,39.77356992041873,39.23993324029091,39.23993324029091,1811200
2015-04-10,38.98200607299805,39.69351813812856,38.412793028136484,39.66683410316563,5298900
2015-04-13,39.311092376708984,39.66684682701022,38.95533453364951,38.97312276507831,2497400
2015-04-14,38.528438568115234,39.4622989417682,38.31498651327073,39.453406519799366,4249500
2015-04-15,38.644046783447266,38.85749876302348,38.314973002491755,38.54621321249232,2624700
2015-04-16,38.77744674682617,38.90196433836056,38.47505366718615,38.65293254804924,1277400
2015-04-17,38.18156814575195,38.34165884851155,37.9147514387388,38.16377991291661,2065400
2015-04-20,38.11930465698242,38.51953134699839,38.11930465698242,38.33275662981898,1503600
2015-04-21,37.87916564941406,38.181558747666266,37.63902965438223,38.181558747666266,1451400
2015-04-22,38.25271224975586,38.350545820071744,37.58566888061085,37.86138136125034,1444700
2015-04-23,38.23493576049805,38.35055419360844,38.01258792223517,38.14599458953764,1281100
2015-04-24,38.06595230102539,38.2349388430949,37.80802797358385,38.20825479327607,714100
2015-04-27,37.65681838989258,38.34164992729559,37.63013774322678,38.12819457569609,904600
2015-04-28,38.12819290161133,38.12819290161133,37.461149622192444,37.6568167365044,1362500
2015-04-29,38.12819290161133,38.395009534827366,38.00367869896101,38.13708871194781,1695200
2015-04-30,37.65681838989258,38.0748332823645,37.28327237278288,37.95921149221654,2895600
2015-05-01,37.97701644897461,38.19046850183745,37.77245681799805,37.905863502847524,1698900
2015-05-04,38.2615966796875,38.430579728210965,37.9147347737537,38.00367250608036,1118400
2015-05-05,38.00367736816406,38.439480454936955,37.959208496311504,38.11040333916168,1173700
2015-05-06,38.29719161987305,38.77746035617395,37.85249595802354,38.01258666771005,2172500
2015-05-07,39.0887451171875,39.2666240411937,38.350548770027174,38.63515369133378,2322500
2015-05-08,39.23992919921875,39.586791139563985,38.92864371243645,39.195460328643755,1816000
2015-05-11,40.1649055480957,40.26273912072483,39.15989256484839,39.302195017920376,2116400
2015-05-12,39.65795135498047,40.08485869813544,39.622374894861395,40.08485869813544,1743300
2015-05-13,39.8447265625,39.88030302608436,39.453395641346944,39.595698102926086,1654900
2015-05-14,39.97813415527344,40.07596772775743,39.80914765997995,39.9692383435432,1299200
2015-05-15,39.8536262512207,40.32500256490881,39.60459437466588,40.32500256490881,1484000
2015-05-18,40.378360748291016,40.46729850878951,39.7024215545733,39.77357447717857,2151100
2015-05-19,40.29831314086914,40.55623398891581,40.07596535936685,40.32499378896689,2097200
2015-05-20,40.62738800048828,40.716325758378666,40.13822354657518,40.36946375274498,1790700
2015-05-21,40.725223541259766,40.831949534446245,40.45840686191449,40.6273899671896,2162500
2015-05-22,40.94757080078125,41.08097744231965,40.69853896294498,40.7519036552152,1764100
2015-05-26,40.70743179321289,40.94756780170373,40.600705809247366,40.86752246554011,2824000
2015-05-27,40.609580993652344,40.903142455318765,40.55620463994049,40.83197737720247,1540700
2015-05-28,40.5828971862793,40.79639923954097,40.4850422199302,40.5828971862793,1135900
2015-05-29,40.30712127685547,40.582890617200995,40.10251701374446,40.53841201974199,1752700
2015-06-01,40.33381652832031,40.636275807718846,40.18258519187095,40.449463621663924,1054000
2015-06-02,40.70743179321289,41.18780878716828,40.20926607518458,40.20926607518458,1948800
2015-06-03,41.64150619506836,41.78383976571045,41.00989779393786,41.098858396526666,4004800
2015-06-04,41.32123947143555,41.623698620943635,41.16111383972545,41.26786312969927,2661000
2015-06-05,41.4369010925293,41.997337607176256,41.31235625133003,41.59702338707133,3108300
2015-06-08,41.33016586303711,41.74827238026221,41.294581607634676,41.47249949114545,1726500
2015-06-09,41.258975982666016,41.34793317427984,41.00099537608687,41.33903881251819,1797800
2015-06-10,41.846092224121094,42.032904317760384,41.42798605821538,41.42798605821538,1623300
2015-06-11,41.99733352661133,42.130772718181,41.78383489229938,42.024023401025026,1715200
2015-06-12,42.00624084472656,42.03292733171546,41.677091668861635,41.828323013299645,1021900
2015-06-15,41.76604461669922,41.943962415475845,41.37462478069069,41.57923245505865,1727900
2015-06-16,41.93506622314453,42.068505425578756,41.70377545155841,41.77494053762341,1690800
2015-06-17,42.01511764526367,42.30868245342159,41.83719988821332,42.077388351206444,2237300
2015-06-18,42.35317611694336,42.477717573150684,42.05071684036835,42.09519544708523,1693500
2015-06-19,42.166358947753906,42.513296790031035,42.14856682847049,42.27310826995461,2135400
2015-06-22,42.60226058959961,42.83355478259843,42.29090693767845,42.61115834736895,1767700
2015-06-23,42.82465744018555,42.9669910243729,42.628947489365316,42.744594586986395,1466400
2015-06-24,42.522178649902344,42.8157434415106,42.43322147314159,42.646720054766895,1300100
2015-06-25,42.27310562133789,42.70900063922136,42.26420786550379,42.700106276886814,1895500
2015-06-26,42.53109359741211,42.762384386591556,42.26421517224334,42.47771723367833,5946700
2015-06-29,41.0899658203125,42.21084579975665,41.06327933292112,42.06851221116855,2314000
2015-06-30,41.33903884887695,41.78383159433593,41.143328954955216,41.52585098752988,2012200
2015-07-01,42.050697326660156,42.26419589722681,41.774924663388084,41.96173676100856,2150900
2015-07-02,41.78382873535156,42.157452987092846,41.579224493660035,41.926162268419546,1188900
2015-07-06,41.534732818603516,41.68596407105397,41.20558723644427,41.27675568312644,1536700
2015-07-07,41.21450424194336,41.39241865476296,39.95129087122477,41.39241865476296,2642900
2015-07-08,40.0936279296875,41.29456728831973,39.942399986919085,40.75192285235641,2251500
2015-07-09,40.4405632019043,41.6415058764131,40.2982296323514,40.64516749604284,1644000
2015-07-10,40.91205978393555,41.09887202105141,40.65407904115584,40.65407904115584,1583200
2015-07-13,41.47248840332031,41.49028052626473,41.232299833821294,41.31236269032097,1285100
2015-07-14,41.7304573059082,41.783833659661376,41.250080302628206,41.41910372609682,1288100
2015-07-15,42.01511764526367,42.01511764526367,41.508054243444505,41.677074246217906,1513100
2015-07-16,42.5844612121582,42.70010828895404,42.12187629847457,42.33537833305921,2550100
2015-07-17,42.51331329345703,42.57558403837224,42.228646061415766,42.53999978599181,965400
2015-07-20,42.37986755371094,42.77128748295129,42.34428330677989,42.61116176526215,2754600
2015-07-21,41.9439582824707,42.55777106459244,41.935060526983754,42.45991611523257,1477800
2015-07-22,41.9439582824707,42.18414338462746,41.81941346014943,41.85499769509836,1585200
2015-07-23,41.650394439697266,42.15745792271049,41.49916652776327,41.98843789287258,1553800
2015-07-24,41.39241027832031,41.730453702568674,41.276766612089965,41.650390875601936,1321400
2015-07-27,41.10775375366211,41.13444363183388,40.751921515205986,40.867565211116684,1885200
2015-07-28,41.34794616699219,41.64151109986313,41.04548686956473,41.490279754399204,1161900
2015-07-29,41.83721160888672,41.87279584896549,41.28566946166546,41.303461581704845,1567500
2015-07-30,42.01511764526367,42.175243287259086,41.64149340960701,41.89057623337811,1996500
2015-07-31,41.76604461669922,42.23752389898248,41.70377389615236,41.93506465911214,1495000
2015-08-03,41.570350646972656,42.08631212202119,41.490287776482404,41.943978507094194,1597900
2015-08-04,41.41020584106445,41.89058284284424,41.37462160534014,41.67708082199783,1874600
2015-08-05,40.28933334350586,40.89425183357195,39.346371369344055,39.346371369344055,3066100
2015-08-06,40.342716217041016,40.64517553636009,40.00467604342019,40.46726108434941,2299800
2015-08-07,40.12919616699219,40.37827898208628,39.54206996462836,40.173674756330584,2401200
2015-08-10,40.609580993652344,40.67185170956642,40.244851060370124,40.35160037429432,2153600
2015-08-11,39.791168212890625,40.27154530845876,39.55987742252458,40.00467027542096,1909700
2015-08-12,39.301902770996094,39.41754988063615,38.679192002896656,39.29300501221572,1529200
2015-08-13,39.853431701660156,39.90680805597226,39.230721142017124,39.470909646172274,1490500
2015-08-14,40.07583236694336,40.17368733021457,39.711102390614236,39.88012583390084,1484300
2015-08-17,40.031349182128906,40.06693341806402,39.46201498116522,39.773368561848635,1552900
2015-08-18,40.04913330078125,40.2982161155768,39.889007664555876,40.02244682590997,1340100
2015-08-19,39.71998977661133,39.9690726046307,39.31967566479517,39.88900978226747,3036000
2015-08-20,38.73256301879883,39.426438793682614,38.73256301879883,39.310791700035246,3248400
2015-08-21,37.54940414428711,38.56353109843567,37.47823906700448,38.3322403553928,2429900
2015-08-24,35.74354553222656,36.81104880706621,32.879079146665056,34.87175215259901,2336300
2015-08-25,35.272064208984375,37.834067844165965,35.26316645418561,36.1171676659128,2668600
2015-08-26,36.68653106689453,36.81107257389368,35.66350572768458,36.312903152395535,3607300
2015-08-27,38.00341796875,38.34154345996325,36.846676797499796,37.20259872449512,2467800
2015-08-28,38.208065032958984,38.48390464660169,37.514021133608075,37.745367968617565,1821400
2015-08-31,38.332637786865234,40.17452602149895,37.91443013164619,38.635166939958886,2630100
2015-09-01,36.864471435546875,37.77206925023422,36.69541039534622,37.45174021042423,3099000
2015-09-02,37.30046081542969,37.43393233934893,36.775481420296046,37.14919625635495,2692000
2015-09-03,37.389442443847656,37.95891460193129,37.22927797509641,37.496217624907885,2038900
2015-09-04,36.87337112426758,37.21149662804595,36.544145535872495,36.962353306484616,2124200
2015-09-08,37.53182601928711,37.72758342753083,37.01573954094393,37.52292610382701,2762200
2015-09-09,36.91786193847656,37.985620913400645,36.828879761017554,37.638598907118016,1922500
2015-09-10,37.291568756103516,37.59410130474298,36.544135600307335,36.704300090429534,2732900
2015-09-11,37.86995315551758,37.932238989125594,36.95345530011341,37.06913044580973,2986800
2015-09-14,37.86995315551758,38.09240353106716,37.69199217621324,37.86995315551758,2176800
2015-09-15,38.208065032958984,38.368229531935725,37.85214656415035,38.056800447437865,1766500
2015-09-16,38.24367141723633,38.403835972831075,38.05681390048367,38.145792700559134,1499300
2015-09-17,37.086917877197266,38.26145530333524,36.90006042174862,38.18137305181117,2364300
2015-09-18,36.117027282714844,36.5708243564697,35.93906638139695,36.42845631427976,2621100
2015-09-21,36.14373016357422,36.68650953432541,35.89458686984822,36.464059195120676,1562400
2015-09-22,35.58315658569336,35.832299871248374,35.209438263038145,35.627645973210655,1473200
2015-09-23,35.60984420776367,35.91237674963729,35.36959747795325,35.58315125811435,1060000
2015-09-24,35.32511901855469,35.90348793714459,34.915811157216005,35.218343792623564,1181300
2015-09-25,35.405189514160156,36.01025458378774,35.111553497581134,35.85009010098502,1713000
2015-09-28,34.0349006652832,35.24503100980713,34.01710423147283,35.164948754821786,2248800
2015-09-29,34.150569915771484,34.39081663941759,33.5721977965136,34.12387357248496,1920500
2015-09-30,34.49760437011719,34.82682997287238,34.284050517804715,34.60437959911175,2459800
2015-10-01,34.702247619628906,34.91580140617458,33.563303142911394,34.577675991778214,1815600
2015-10-02,34.67555236816406,34.96918498656678,33.62558672549339,34.03489444536242,1654200
2015-10-05,35.19163513183594,35.39628899092592,34.7734308955747,34.889102602241614,1539400
2015-10-06,35.298423767089844,35.44079526520209,35.022587475305706,35.06707687130411,1259000
2015-10-07,35.56536865234375,35.885697749946836,35.31622191291718,35.56536865234375,1620300
2015-10-08,35.74332046508789,35.89458846752795,35.29841976687575,35.36960550786472,1651400
2015-10-09,35.72553253173828,36.02806518554766,35.529775110354734,35.78781836684697,1567700
2015-10-12,35.49416732788086,35.858985663582,35.45857446724611,35.654331806415215,1120400
2015-10-13,34.96030807495117,35.529780594893204,34.90691875333512,35.41410542855374,2001600
2015-10-14,34.54207992553711,35.83229225524566,34.42640482712024,34.88910182646575,1859700
2015-10-15,34.933597564697266,35.61874497341214,34.44420752827881,34.746740106226646,2622700
2015-10-16,35.09377670288086,35.26284119283745,34.87132628500029,35.156062548341495,1284700
2015-10-19,35.405189514160156,35.69882213641707,34.933592583986766,34.951389014778414,1625000
2015-10-20,35.81451416015625,36.5441511957241,35.43189920317266,35.43189920317266,1754400
2015-10-21,35.405189514160156,36.03694753281416,35.36070013434209,35.983558240439216,1466400
2015-10-22,35.6721305847168,36.47295303009971,35.52976252712897,35.600944858761764,1967900
2015-10-23,36.0102653503418,36.45516607018561,35.85010081965218,36.081447700468786,1795800
2015-10-26,35.96577072143555,36.09034576784494,35.77001672286668,35.939077765795005,1838000
2015-10-27,35.458580017089844,36.27719896820616,35.37849776528849,35.67213382000096,1561000
2015-10-28,36.134830474853516,36.29499497658196,35.50307238154827,35.54756176662339,2603200
2015-10-29,36.099239349365234,36.4640577554847,35.99246414117294,36.17042508437521,1652200
2015-10-30,36.099239349365234,36.3572825472924,35.86789249922814,36.13483221687022,1732100
2015-11-02,36.455162048339844,36.64201951542201,36.09034363408873,36.17042589059862,1979900
2015-11-03,36.20600891113281,36.73099174482957,36.125926668896966,36.41956268853579,2577200
2015-11-04,35.17385482788086,36.52635361590746,34.70226108394921,35.59206265020431,4036400
2015-11-05,35.61875534057617,35.65434821759381,35.075975846189785,35.28952971397201,2183100
2015-11-06,37.291568756103516,37.4072438643745,36.30388886512404,36.34837824697525,3037200
2015-11-09,36.944549560546875,37.522918356072786,36.73989567342332,37.25597865088217,2277500
2015-11-10,37.02463150024414,37.12251018333302,36.597527296665625,36.80218118206851,1510700
2015-11-11,37.19369888305664,37.77207116698799,37.16700592649223,37.7364782953534,1550600
2015-11-12,36.268306732177734,36.9712507140942,36.25051368963084,36.7399038234287,1943700
2015-11-13,36.36616897583008,36.49074058320774,35.87677906356567,36.08143290344636,1411500
2015-11-16,36.553035736083984,36.65091101902438,35.921274290385554,36.22380684086913,1428000
2015-11-17,36.677608489990234,37.06022329777176,36.57972980972207,36.70430144121887,1465300
2015-11-18,37.318260192871094,37.35385305463747,36.66870574008427,36.79327736194447,1483100
2015-11-19,37.01572799682617,37.300464104930825,36.81997404395557,37.229281775065736,1249400
2015-11-20,37.04241180419922,37.30045148124355,36.98902252912746,37.14029044467028,1181200
2015-11-23,36.60643005371094,37.122516509095526,36.570837182100334,36.83778032485681,1339600
2015-11-24,36.392826080322266,36.68653357416002,36.20592316341552,36.26822413571777,1345900
2015-11-25,36.321632385253906,36.677637514672774,36.12582735722674,36.48183588179452,970000
2015-11-27,36.188106536865234,36.410610881876735,36.099106156919376,36.312708426848175,545500
2015-11-30,36.22372055053711,36.42842421118929,35.983415367558976,36.2148184723816,1416500
2015-12-01,36.36610794067383,36.59751094811468,36.25930681378933,36.428408880952006,1287500
2015-12-02,36.04572677612305,36.57973618511711,36.00122655789838,36.57973618511711,1046500
2015-12-03,35.458309173583984,36.38392849743792,35.27140625102169,36.26822523316906,2109700
2015-12-04,35.9033088684082,36.03681286181405,35.40489780752698,35.422698566324264,2860300
2015-12-07,35.600711822509766,36.05461940438145,35.467207795115975,35.83211495549076,1388800
2015-12-08,34.5237922668457,35.84101824120088,34.39919031449635,35.155704108130884,2705800
2015-12-09,33.71388244628906,34.773002633217516,33.51807740184125,34.37249385827845,2218700
2015-12-10,34.43477249145508,34.77298005908277,33.46465337534571,33.76725943161323,2265400
2015-12-11,33.05526351928711,34.07878543932528,32.99296253930031,33.900781184299234,2886000
2015-12-14,32.77934265136719,33.40235211866498,32.387732820326335,33.144249651561736,2308200
2015-12-15,33.06416320800781,33.28666766191056,32.9484599413368,33.144264947218744,2251800
2015-12-16,33.464664459228516,33.615969235049654,32.948455954119716,33.233261349037974,2077800
2015-12-17,32.672550201416016,33.651571745938256,32.5301474997771,33.58927077616799,1852500
2015-12-18,32.07624816894531,32.423354630940736,31.835942911760228,32.280951892810585,4653500
2015-12-21,32.41444778442383,32.717053982854495,32.191943326611536,32.28984583127272,1678500
2015-12-22,33.05526351928711,33.18876755934384,32.36105065934919,32.64585610933135,2192100
2015-12-23,33.62486267089844,33.62486267089844,33.03745121115516,33.17985388639148,1242400
2015-12-24,33.322269439697266,33.66937927768433,33.30446867401981,33.580375449297044,456800
2015-12-28,33.14426040649414,33.31336254603996,32.70815024272598,33.20656137343987,1388700
2015-12-29,33.464664459228516,33.63376999662556,33.3489646017073,33.3489646017073,799300
2015-12-30,33.17096710205078,33.50917485022291,33.16206502188507,33.4023702591272,880000
2015-12-31,32.850555419921875,33.36676735092935,32.850555419921875,33.001860204756184,977200
2016-01-04,32.50346374511719,32.53906528650047,31.83595012235502,32.11185697535066,1729000
2016-01-05,32.0228271484375,32.948446102741656,31.969424879676723,32.61914059991796,2432600
2016-01-06,30.77680778503418,31.56002076611275,30.643303797614173,31.524419250114423,2382200
2016-01-07,29.530784606933594,30.38520069872589,29.45958156837703,29.85119149014264,3090000
2016-01-08,28.80986976623535,29.993594845194107,28.75647088126735,29.690988714833416,3020600
2016-01-11,28.694177627563477,29.21038622677425,28.186866015614413,28.99678383922108,2326600
2016-01-12,28.631874084472656,29.121386643388718,28.462771906487276,28.9522810702545,3221200
2016-01-13,27.581642150878906,29.290475820614976,27.501540439987085,28.96117029590297,2764000
2016-01-14,27.7685546875,28.008858191647715,27.118840434965975,27.661751809765565,3011200
2016-01-15,26.914133071899414,27.359141889287116,26.27332098598773,27.163338620763138,3914800
2016-01-19,26.851837158203125,27.332445888615403,26.540330587942336,27.32354720445942,3822800
2016-01-20,26.486927032470703,27.083238961101838,25.90841586530893,26.682730315911506,3767500
2016-01-21,26.620424270629883,26.89632923048126,26.237716459908512,26.478021601185706,2822200
2016-01-22,26.94973373413086,27.261238538325777,26.47802379159105,27.10993547732802,3144900
2016-01-25,26.55812644958496,26.985334508340607,26.53142530932251,26.9497346855646,3591800
2016-01-26,26.94083595275879,27.287942309524627,26.593727898418923,26.825132702120822,2239200
2016-01-27,26.81623077392578,27.376942838345503,26.30892099021437,26.80733209138166,2994900
2016-01-28,26.914133071899414,27.27013978629479,26.70942942331881,27.12773710053664,2380400
2016-01-29,27.216739654541016,27.296841378804093,26.664927964903598,26.994235242160016,3266900
2016-02-01,26.81623077392578,27.056535944391378,26.66492770706677,26.94083439800457,3442500
2016-02-02,25.997421264648438,26.504732878399544,25.774916796320092,26.504732878399544,3900800
2016-02-03,25.91731071472168,26.317817576861025,25.312098534521404,26.255516622588708,2514300
2016-02-04,26.31781578063965,26.700523556562146,25.84610761758747,25.908408567607676,1962700
2016-02-05,25.748207092285156,26.5937227166597,25.69480651647408,26.237716048629697,2826900
2016-02-08,24.25298500061035,25.347706484963204,24.1016819070155,25.205303773059136,3532900
2016-02-09,23.79017448425293,23.98597947927382,23.247264801195243,23.710072749485143,4600400
2016-02-10,24.261886596679688,25.525712001267127,23.74567631579605,24.982800573974668,3309300
2016-02-11,23.122661590576172,24.048280899557813,22.917957907942455,23.763475480663217,4086300
2016-02-12,23.674474716186523,24.074981722811202,23.01586172295044,23.113762530307955,3972800
2016-02-16,25.071796417236328,25.116296619196003,24.039376114092054,24.110577455771868,3516300
2016-02-17,26.024112701416016,26.35341993859799,25.436701260020055,25.436701260020055,3177900
2016-02-18,25.59691047668457,26.246623021258166,25.579109714417704,26.059720110178418,3234100
2016-02-19,25.748207092285156,25.82830880478862,25.19639548365838,25.32989777197292,2218600
2016-02-22,25.801616668701172,26.39792868225833,25.685915097820363,25.748216074261897,2254900
2016-02-23,25.481203079223633,26.086415317366576,25.151897518664228,25.73040861774539,2567800
2016-02-24,25.641468048095703,25.748308248320026,24.66210775384839,24.938109198690775,2387700
2016-02-25,26.166765213012695,26.166765213012695,25.409987024321083,25.641471038496768,1819300
2016-02-26,26.505081176757812,26.96805242744797,26.327014788594852,26.38933751500181,1818300
2016-02-29,26.14005470275879,26.62083138258795,26.122247718795776,26.478378907218758,2307300
2016-03-01,27.003665924072266,27.217344580763037,26.220177516206103,26.291403735103028,2005300
2016-03-02,27.226253509521484,27.582384675152216,27.012574810143047,27.101608026092567,1940800
2016-03-03,27.51115608215332,27.626899762409554,26.923539284725816,27.137217965775164,1780000
2016-03-04,27.644702911376953,28.036447978808447,27.386508495187545,27.707027341101227,2918400
2016-03-07,27.911802291870117,28.107673974931636,27.431024026854942,27.52005722758002,2197000
2016-03-08,26.727663040161133,27.796056263736713,26.22907783765895,27.520054893250553,3560300
2016-03-09,26.246891021728516,27.07489702712723,26.175664789982783,26.959155037353156,2539300
2016-03-10,26.309213638305664,26.72766923373711,25.953082481254555,26.4605695923233,2559300
2016-03-11,27.938512802124023,28.072063460606692,26.68314951845739,26.709859989787358,2774900
2016-03-14,28.223421096801758,28.410389312838642,27.653609561378545,27.82277249362663,2668800
2016-03-15,27.564573287963867,27.929609584846848,27.315282360938618,27.929609584846848,1422300
2016-03-16,27.671415328979492,27.831674763216586,27.226250988617423,27.38651042285452,1681600
2016-03-17,27.8405818939209,28.063164093204243,27.190642279573712,27.662515455227258,1287100
2016-03-18,27.96522331237793,28.35696840159354,27.787156899597967,28.009739066489335,2595800
2016-03-21,27.84947967529297,28.32135275419159,27.635801011574657,27.965221647994404,1436100
2016-03-22,27.582387924194336,27.911810352561368,27.368709199645807,27.769357869529017,1511600
2016-03-23,27.21735382080078,27.635809484778136,27.07490133464564,27.58238852884427,1592300
2016-03-24,26.540693283081055,27.083794235509107,26.193465696140848,26.896824359194973,2550900
2016-03-28,27.11050033569336,27.12830561300554,26.469462803788634,26.692044902774075,1545600
2016-03-29,26.700963973999023,27.012579434080124,26.39825200685368,26.932449695825905,2681200
2016-03-30,27.181737899780273,27.733740784994986,26.79889625781378,26.79889625781378,1969400
2016-03-31,26.505081176757812,27.128310138994316,26.38933751500181,27.057083923362516,2939000
2016-04-01,27.12831687927246,27.155027353583446,25.979793654577758,26.4071510545494,1786200
2016-04-04,26.96805763244629,27.46664123809853,26.87902442118086,27.05708914554446,1700500
2016-04-05,26.505081176757812,27.021471664630084,26.327014788594852,26.80779301773469,2565100
2016-04-06,26.718759536743164,27.012567885340243,26.47837042475458,26.558500128750776,2038900
2016-04-07,25.997594833374023,26.594115041138092,25.828431930172187,26.38933818013925,1639700
2016-04-08,26.042112350463867,26.53179241624849,25.935272167986394,26.237984037144297,1040600
2016-04-11,26.389341354370117,26.647537484954505,26.086629469351884,26.264695883421613,1579700
2016-04-12,27.119407653808594,27.252958298958713,26.496178668498345,26.594115355430567,2100500
2016-04-13,28.07206153869629,28.134384269365547,27.244055663994278,27.244055663994278,1710900
2016-04-14,28.241228103637695,28.47271378868809,27.902903916667036,28.134389601717434,1396200
2016-04-15,28.143285751342773,28.34806090840858,27.644700545225685,28.16999452077149,1802900
2016-04-18,28.259035110473633,28.31245436147874,27.74264448897792,27.974130174223223,1384800
2016-04-19,28.348064422607422,28.597355358402663,28.15219273045871,28.33916093230514,1714700
2016-04-20,28.962385177612305,29.1493567448552,28.321349265423443,28.374770198397655,1293200
2016-04-21,29.060331344604492,29.665755197311654,29.006913790523452,29.1671698491014,1572300
2016-04-22,29.309621810913086,29.61233373200318,29.01581507957154,29.10484659904843,1498900
2016-04-25,29.069229125976562,29.31852003838045,28.64186842423568,29.14935883301123,1496700
2016-04-26,29.496583938598633,29.58561542940904,29.051419691879268,29.20277390552369,1643400
2016-04-27,29.496583938598633,29.745874829934703,29.140451182689674,29.45206819319343,1605900
2016-04-28,28.837743759155273,29.416458726724752,28.72200008637454,29.184971381163283,1208500
2016-04-29,28.908973693847656,28.962391241672567,28.169999249815103,28.677486332158296,3226200
2016-05-02,29.104848861694336,29.14936802122852,28.597361689286924,29.00691554119021,1528900
2016-05-03,28.499422073364258,28.606263969775842,27.991936650747952,28.58845698704058,2804100
2016-05-04,26.58521270751953,27.902898636291557,26.49617950732314,27.71592874606243,4212000
2016-05-05,26.33592414855957,26.638636057016246,26.175664703121647,26.478376611578323,2471400
2016-05-06,26.87902069091797,26.87902069091797,25.935271159911874,26.11333755773073,1754500
2016-05-09,26.86121940612793,27.057091126720195,26.62973371915486,26.745477411725087,1558100
2016-05-10,27.60909080505371,27.76935022891231,26.968054807786412,26.985860089640745,1557700
2016-05-11,27.19063949584961,27.858386025337065,27.172832514169805,27.502253184409962,1797300
2016-05-12,27.181737899780273,27.67141804293855,26.86121899987021,27.45773934238763,2000900
2016-05-13,26.97696304321289,27.555678144968397,26.816705279243006,27.021480503899653,2866000
2016-05-16,27.297483444213867,27.475549900258898,27.0303854583139,27.06599773062236,2498400
2016-05-17,27.439922332763672,27.7515376273472,27.119403549972986,27.288566429575486,3495600
2016-05-18,28.98019790649414,29.13155554845836,27.41322092128252,27.591285638700242,2836700
2016-05-19,28.330257415771484,29.060326638210945,28.036449028736893,28.713099007579284,2365100
2016-05-20,28.873361587524414,29.14045953282564,28.508326936467988,28.517228729566348,1543700
2016-05-23,28.855558395385742,29.12265637577228,28.641877973275456,28.828849616247613,1614700
2016-05-24,29.15826988220215,29.478788812107137,29.0781401497259,29.149368088075914,1950000
2016-05-25,29.46987533569336,29.888330865006267,29.35413506291947,29.389745625746933,1901900
2016-05-26,29.291763305664062,30.04877353112416,29.15817566401434,29.523320653634915,1657000
2016-05-27,29.630191802978516,29.683628898698185,29.095831037865707,29.407542333521835,888300
2016-05-31,29.26504135131836,29.88846042900773,29.033484043744277,29.852835705171618,2088800
2016-06-01,29.006771087646484,29.14926660473054,28.668342960561443,28.971146359035192,2217900
2016-06-02,28.908798217773438,29.024576860787512,27.23447542291597,28.84645665554132,1253400
2016-06-03,28.08945655822754,28.56147232407503,27.68868685262065,28.56147232407503,1615300
2016-06-06,28.329912185668945,28.490220042463573,27.902425700003466,28.19632287123352,1433100
2016-06-07,28.196325302124023,28.418974744938446,28.142889911479084,28.418974744938446,1157400
2016-06-08,28.24085807800293,28.49913227965401,28.160705831252606,28.178516497930094,1003600
2016-06-09,27.555095672607422,28.08945467808967,27.492754100059244,27.99148837912513,1650100
2016-06-10,27.038545608520508,27.243382663450454,26.931673141476924,27.065262451271227,1907800
2016-06-13,26.495285034179688,27.091985639031122,26.486378852175275,26.780276063598787,1233200
2016-06-14,25.81842803955078,26.60215499475057,25.577966244295368,26.326068474858637,1387800
2016-06-15,25.773900985717773,26.156858314152736,25.773900985717773,25.934208862614316,1799400
2016-06-16,25.462186813354492,25.569057579522585,24.812050940011304,25.52452837673258,1941300
2016-06-17,25.479999542236328,25.782802881889708,25.373127075843275,25.45328100096801,2347600
2016-06-20,25.60468292236328,26.317160376383033,25.542341357471585,25.996546371414265,1576700
2016-06-21,25.58687400817871,25.79171109146819,25.266259960019674,25.622498735018866,1574900
2016-06-22,25.435476303100586,25.782810649509692,25.408759452463475,25.58687801854026,2236500
2016-06-23,26.04107666015625,26.228103061303102,25.64921319478024,25.880768801653325,2980300
2016-06-24,23.538496017456055,24.812050920962786,23.511777476594443,24.63393071257911,8757200
2016-06-27,21.053730010986328,23.155541219063675,20.937953052310377,23.11101201157609,6009900
2016-06-28,20.822175979614258,21.507936698666953,20.80436531447198,21.490124334844165,6730200
2016-06-29,21.90870475769043,22.08682328659565,20.528277240602964,21.151696338472192,6216500
2016-06-30,22.051198959350586,22.158069730652677,21.614806296059772,22.131352887167296,3797600
2016-07-01,21.881988525390625,22.264945866076022,21.71277446117789,21.837459313130697,2950500
2016-07-05,20.902324676513672,21.561366684565904,20.839983117447662,21.561366684565904,2746900
2016-07-06,20.98247718811035,21.044818742996508,20.261093669359166,20.742017147646603,3154200
2016-07-07,21.018110275268555,21.445596849324843,20.80436698824041,20.884520933211046,2794600
2016-07-08,21.490121841430664,21.677148242508974,21.169507823222627,21.36543870649867,2321900
2016-07-11,21.659332275390625,21.95322940072341,21.596990718301857,21.78401538956816,1856300
2016-07-12,22.389623641967773,22.683520788866627,22.0155725733074,22.0155725733074,2533700
2016-07-13,22.273849487304688,22.523217463858394,21.77511523287764,22.389626445077255,2952400
2016-07-14,22.532121658325195,22.959609855335803,22.478686270704,22.959609855335803,3708500
2016-07-15,22.43415641784668,22.66571202244164,22.282754741714605,22.389625513878247,2372000
2016-07-18,22.5410213470459,22.665706147157078,22.166970344072073,22.407432067129502,1771900
2016-07-19,22.621183395385742,22.710243513606567,22.362910921093864,22.46978170401448,2099200
2016-07-20,22.861648559570312,22.99523790716348,22.505409733094954,22.75477606228735,2421200
2016-07-21,22.817115783691406,23.093200618804218,22.772584875653564,22.94179892883646,1761700
2016-07-22,22.84383201599121,22.96851685646628,22.701336511460056,22.879456741464203,1884300
2016-07-25,22.808210372924805,23.00414127887176,22.71915025251964,22.763679463381965,2770300
2016-07-26,22.932893753051758,23.021953874353112,22.710244299138633,22.710244299138633,1382600
2016-07-27,22.73695945739746,23.146633576190798,22.647899349365783,22.977419540798635,2517400
2016-07-28,22.621183395385742,22.790397450137263,22.45196934063422,22.728055876986826,1704200
2016-07-29,22.826017379760742,22.861642101685476,22.14025846951197,22.264941598888065,2011200
2016-08-01,22.78148651123047,23.021948270609474,22.683520231776775,22.915075811325433,2210800
2016-08-02,22.362911224365234,22.995234844815368,22.19369716731894,22.79039775920593,2390200
2016-08-03,24.544872283935547,24.847675639650454,23.6988054830571,24.268787470906187,4767100
2016-08-04,24.268787384033203,24.633932306026985,24.03723177762831,24.402376699622092,2217300
2016-08-05,24.88330078125,25.034702461650873,24.482531127635816,24.580497420448246,2672900
2016-08-08,24.945648193359375,25.1593914924625,24.829869511336383,24.97236674275254,1660800
2016-08-09,24.669559478759766,25.079233647063614,24.660653297012228,24.981267346521182,1540100
2016-08-10,24.446908950805664,24.767522986146705,24.313317929176456,24.633933663197904,1599500
2016-08-11,24.50925636291504,24.669564268132085,24.268794505089474,24.491443995961856,1594600
2016-08-12,24.277692794799805,24.446906828474372,24.11738494170603,24.2242574099953,1138800
2016-08-15,24.8654842376709,24.91001343672632,24.464714651451896,24.464714651451896,1027000
2016-08-16,25.622501373291016,25.6314075559181,24.66956191504168,24.856586654168456,2672000
2016-08-17,25.497812271118164,25.622497108463048,25.319693744266043,25.542343176841467,3205700
2016-08-18,25.390947341918945,25.577972092984883,25.346416425940802,25.480007475194476,1953200
2016-08-19,25.159385681152344,25.364222749811187,25.061419388019704,25.310787362048085,1610800
2016-08-22,25.06142234802246,25.301884169377864,24.749714467021626,25.06142234802246,2069000
2016-08-23,25.346406936645508,25.51562095664988,25.114853054972308,25.114853054972308,1089600
2016-08-24,25.21282196044922,25.595779266767025,25.12376184524129,25.38203600947624,1389200
2016-08-25,25.239538192749023,25.471093791607668,25.02579495503649,25.186102807990952,1453200
2016-08-26,25.275161743164062,25.782803854327263,25.168290971420443,25.337505008474842,1815500
2016-08-29,25.60479736328125,25.68497953753419,25.310796624113426,25.355341521241105,1172200
2016-08-30,26.121530532836914,26.183894079380977,25.50680098966978,25.60480181954142,1388800
2016-08-31,26.050254821777344,26.299710680001834,25.6938905237988,26.139346321091733,2318200
2016-09-01,25.622617721557617,26.388802238385804,25.275162742660658,26.17498195984104,2026500
2016-09-02,25.845346450805664,26.05025571677342,25.542436362297213,25.684982086386004,1441600
2016-09-06,25.390987396240234,25.827533993174338,25.221713671133713,25.827533993174338,1606800
2016-09-07,25.60479736328125,25.631525321125196,25.266251726985747,25.328615262676056,1416800
2016-09-08,25.720619201660156,25.91661914620217,25.542436198055373,25.684981921227575,1314200
2016-09-09,26.005708694458008,26.29080011938637,25.56916223762659,25.68497999177414,2056700
2016-09-12,26.25516700744629,26.326439874986995,25.364255313547858,25.756256934661344,2250400
2016-09-13,25.97898292541504,26.094802388601735,25.497891530126132,25.809709240369372,1695100
2016-09-14,25.68498420715332,25.978984999771505,25.4889842451676,25.970075678870444,1743400
2016-09-15,26.237350463867188,26.326440275187966,25.62262090993429,25.62262090993429,1900300
2016-09-16,25.854263305664062,26.121536191401965,25.676080248985752,25.97008110300927,2353000
2016-09-19,25.91661834716797,26.290801283778347,25.756253988723664,26.032436106444965,1318800
2016-09-20,25.68498420715332,26.094804472206093,25.6226206601251,26.094804472206093,999500
2016-09-21,25.943349838256836,26.353168410709394,25.702803267845514,25.872076969165988,1829300
2016-09-22,25.87208366394043,26.228448101609096,25.854265017237076,26.00572011565622,1136500
2016-09-23,25.68498420715332,26.13934937743219,25.586983376520852,25.631529981026162,1580600
2016-09-26,25.239526748657227,25.560255483530888,25.141525924272695,25.390981795761,1387100
2016-09-27,25.31079864501953,25.39989014566718,24.70497847975037,25.01679788237762,1484600
2016-09-28,25.613710403442383,25.77407477524425,25.088072384438103,25.488983313942775,1437000
2016-09-29,25.221715927124023,25.88989986573906,25.09698880235203,25.61371764690981,1766700
2016-09-30,25.676074981689453,25.818620718077852,25.177164904330052,25.177164904330052,1599400
2016-10-03,25.72952651977539,25.952254422021394,25.506798617529387,25.55134521754601,1640200
2016-10-04,25.738435745239258,25.97898228660836,25.61370866420892,25.889890786181393,3091000
2016-10-05,27.0035343170166,27.181717344420925,25.99680480023625,25.99680480023625,3034000
2016-10-06,26.958986282348633,27.6182606884167,26.896622739775573,27.146076910067816,1883900
2016-10-07,27.386627197265625,27.538082263877023,26.887717089307806,27.048081477399794,2374300
2016-10-10,27.5291690826416,27.725170729175343,27.413351318190912,27.725170729175343,975700
2016-10-11,27.5291690826416,27.725170729175343,27.324259815155493,27.5113504421787,1672300
2016-10-12,27.5380802154541,27.805353042873417,27.26189806721692,27.582625120264257,1236500
2016-10-13,26.709531784057617,27.154987624482644,26.237349680745762,27.119352040873814,3391900
2016-10-14,26.9678955078125,27.46680554592225,26.88771332499212,27.128259873453263,1119300
2016-10-17,26.869897842407227,27.092625776577894,26.77189700760276,27.056990190735814,1340500
2016-10-18,26.914440155029297,27.261896854351296,26.86989525220092,27.261896854351296,866300
2016-10-19,27.39552879333496,27.448983007865344,26.869890869162813,27.00352725512819,1352800
2016-10-20,27.350994110107422,27.475721223675297,26.950083103239994,27.333175465517876,1125800
2016-10-21,27.28862762451172,27.377719144165816,26.94117256706807,27.119355606376267,929300
2016-10-24,27.333171844482422,27.466808262641226,27.21735236927334,27.440080299297765,1296900
2016-10-25,26.994625091552734,27.3955360549961,26.91444289886406,27.279718276267626,1181400
2016-10-26,27.29753303527832,27.431171145251813,26.718440789416757,26.84316787949425,805200
2016-10-27,27.66280746459961,27.91226335107143,27.24407957946971,27.457898182468757,1547600
2016-10-28,27.324260711669922,27.760807221659665,27.08371415536563,27.71626231831997,1043700
2016-10-31,27.21735191345215,27.671717087006034,27.199534970800816,27.448989160711733,1742700
2016-11-01,27.065898895263672,27.457900550880733,26.762990456013387,27.342082768162626,2732600
2016-11-02,27.07480239868164,27.68062254555366,25.800798566161767,27.350986212230286,3858500
2016-11-03,26.789718627929688,27.689539785910817,26.73626439358531,27.101538110284253,2847800
2016-11-04,26.638256072998047,27.083711865855136,26.54916457457083,26.8253483896231,3012900
2016-11-07,27.60935401916504,27.894445497889755,27.244080349639095,27.270808312999254,2270200
2016-11-08,27.93008041381836,28.036988859634356,27.083713671259368,27.431170368359126,1337800
2016-11-09,30.192996978759766,30.59390792359798,27.85880927561944,28.179536332210798,3699000
2016-11-10,31.876808166503906,33.5784487705063,30.7275350664081,30.870080751613013,3899200
2016-11-11,32.50938034057617,32.589562556432746,31.43137423882453,31.51155645468111,3139000
2016-11-14,33.54282760620117,34.58519268694435,32.75882434126709,32.954826007140234,3905300
2016-11-15,33.551734924316406,33.56064254606705,32.4291876630192,33.13300533230819,2829900
2016-11-16,32.892459869384766,33.39137166817431,32.82118869730545,33.15082509010927,1913200
2016-11-17,33.25773239135742,33.48936791709051,32.56281901704193,32.883547743870906,1200600
2016-11-18,33.28446578979492,33.6853767843009,32.96373699419014,33.23100985767451,1887400
2016-11-21,33.462650299072266,33.729923174277324,33.07955793180671,33.07955793180671,1374300
2016-11-22,33.76554870605469,34.44263998070086,33.45372762809886,33.542820821182445,1921700
2016-11-23,33.95265197753906,34.08628671917153,33.49828501973504,33.92592570892438,1665200
2016-11-25,33.9437255859375,34.130819577201486,33.480454613109416,33.9437255859375,525000
2016-11-28,33.42686462402344,33.988287214244906,33.346661396848944,33.569447761283634,1455900
2016-11-29,33.7120361328125,33.95264242798114,33.453603120134694,33.59618626515515,1864900
2016-11-30,34.638832092285156,34.9239984417369,33.908092896883694,34.38931238637764,4407100
2016-12-01,35.663639068603516,36.16268171294458,34.79922694877431,34.97745670742826,3269000
2016-12-02,34.906166076660156,35.74384498567288,34.70120302855815,35.44976535179816,2970500
2016-12-05,35.200252532958984,35.80623183586219,35.03093608634958,35.42303894139543,1330700
2016-12-06,35.69928741455078,35.69928741455078,35.25371469624388,35.36956115539963,982700
2016-12-07,35.85078811645508,36.18051104614065,35.55671182766815,35.788408194607825,1601500
2016-12-08,36.21615219116211,36.55478842940897,35.53888311411864,36.18941891427034,1710400
2016-12-09,36.53696060180664,36.688453684761136,36.18050108981396,36.38546751885215,1285400
2016-12-12,35.91316604614258,36.59934854784948,35.79731616937373,36.403295433233055,1623700
2016-12-13,35.56562423706055,36.278540106867936,35.4497743458884,36.082490367327786,1460000
2016-12-14,35.52997589111328,36.57261806279719,34.834883376291245,35.00419982492842,2223300
2016-12-15,35.91316604614258,36.394385473228034,35.645823053134194,35.80622952882934,1857400
2016-12-16,35.51215362548828,36.412212656787375,35.46759702183359,35.71712012131156,2615400
2016-12-19,35.619083404541016,35.74384321900631,35.128950705641664,35.458676957528496,935100
2016-12-20,35.78841018676758,35.99337328416791,35.636917053691626,35.88643675497012,1198600
2016-12-21,35.77949905395508,35.92208222136603,35.52997596139776,35.743852412239626,1121400
2016-12-22,35.71711730957031,35.77949722966636,35.529974149831475,35.74385058976843,1003800
2016-12-23,35.90425491333008,36.00228146743627,35.58344197241909,35.73493508371012,667900
2016-12-27,35.89533996582031,36.09139306535747,35.7794934974123,36.09139306535747,522200
2016-12-28,35.449771881103516,35.98446129587093,35.27154547563182,35.89534469368431,964100
2016-12-29,35.10222244262695,35.529971895915,34.941815972712625,35.476505338910535,716200
2016-12-30,34.95073699951172,35.27155000972191,34.879443708597805,35.27155000972191,925800
2017-01-03,35.38739013671875,35.922079523947716,34.915084067532845,35.039843904717756,2021200
2017-01-04,35.72602462768555,36.029014245508925,35.50323824397572,35.5477948408276,2316100
2017-01-05,35.03984069824219,35.583439995761076,34.60318130805345,35.29827370844794,1792400
2017-01-06,35.15568542480469,35.56561147795222,35.12003879423974,35.325001820813505,1051200
2017-01-09,35.057674407958984,35.65474043667552,34.82597800563126,35.43195399620792,1455200
2017-01-10,35.966636657714844,36.216156335794125,35.048757785251226,35.22698418419319,2126100
2017-01-11,35.957733154296875,36.1626996882737,35.60127685925578,35.90426657973908,2020100
2017-01-12,35.56562423706055,35.681474128232686,34.92399825450839,35.61909420209023,1286300
2017-01-13,36.127044677734375,36.572617493001594,35.88643494955598,35.88643494955598,1345900
2017-01-17,34.906166076660156,35.82404821314325,34.736849662867236,35.51214526211398,1737300
2017-01-18,35.18243408203125,35.20025740510723,34.62101130321736,35.12005415099096,2637800
2017-01-19,34.96855163574219,35.49432762754565,34.727941937854126,35.49432762754565,1313200
2017-01-20,35.38739013671875,35.440860095276825,35.030933944683376,35.11113718279519,1172200
2017-01-23,35.29827880859375,35.76167494229494,35.03093580054136,35.25372220716015,1207200
2017-01-24,35.78841018676758,36.002286644614124,35.52106716404762,35.6012704108087,1722200
2017-01-25,36.35873794555664,36.63499429126786,36.18050815475749,36.30527138793225,1604400
2017-01-26,36.893428802490234,37.05383528071894,36.367652768174075,36.51914588680638,1536200
2017-01-27,36.260719299316406,36.9558152950925,36.05575618500142,36.9558152950925,1447700
2017-01-30,35.957733154296875,36.00229316569715,35.42304701200944,35.8686199303995,1276500
2017-01-31,35.84187698364258,36.31418306202383,35.31610094566224,35.859700303508944,1436000
2017-02-01,36.41220474243164,36.706280982194556,36.25179828457906,36.65281442921051,1143100
2017-02-02,35.547786712646484,36.30526228372953,35.423026910208016,36.037915964847485,1475300
2017-02-03,36.6617317199707,36.9379880969525,36.13595564729624,36.23398221330433,1430700
2017-02-06,36.43001937866211,36.84885534151312,36.19831970611104,36.25178964580346,2250700
2017-02-07,36.52806091308594,37.000367009725785,36.43003434975673,36.706287319738166,2147000
2017-02-08,35.00419616699219,36.31418121521808,34.26454712713268,36.02901491076014,3422400
2017-02-09,35.547786712646484,35.65472320052951,34.7190212827913,35.565610027201934,2382900
2017-02-10,35.70820236206055,36.011191988818844,35.40521273530225,35.86860883501791,1549300
2017-02-13,36.53696060180664,36.697367042258364,35.913158155544366,35.913158155544366,1835300
2017-02-14,37.428104400634766,37.543954247054074,36.305262764373595,36.37655262408953,1802700
2017-02-15,38.21232604980469,38.23014937056433,37.30335708776803,37.677636625367974,1839800
2017-02-16,37.87368392944336,38.24796340948053,37.59742759933236,37.99844375612242,1690500
2017-02-17,37.3390007019043,37.5261404555313,36.99145107444629,37.35682062176829,1496600
2017-02-21,38.034080505371094,38.212310239775576,37.490481345189664,37.67762103656212,1587800
2017-02-22,38.051902770996094,38.21230918759839,37.57959347791185,37.91822962401107,1658600
2017-02-23,38.25688552856445,38.2836188119886,37.65981613629997,38.03409910149359,1497500
2017-02-24,37.15159225463867,37.739885081885454,37.07137035091221,37.739885081885454,1647900
2017-02-27,36.98223876953125,37.22290109580047,36.84853445472215,37.16050665562075,2071900
2017-02-28,36.750484466552734,36.84853384241788,36.26024098746893,36.6613505249891,2087700
2017-03-01,37.891422271728516,38.19448248962634,37.45466111667264,37.65967194050903,1827200
2017-03-02,37.31204605102539,38.06078288617195,37.267479070411014,38.051867449903476,1521800
2017-03-03,37.41901779174805,37.74881761943014,37.20509486577616,37.312056328762104,1517700
2017-03-06,36.85744857788086,37.29421308413515,36.84853654316807,37.205079136038606,1194000
2017-03-07,36.62569808959961,36.795053950233346,36.30481043766862,36.759402411318234,2162200
2017-03-08,36.518741607666016,37.4457463493389,36.509826171550756,37.41009480560569,2445700
2017-03-09,36.35830307006836,36.86637419507724,36.18003172439576,36.759412747770924,1353700
2017-03-10,36.14435958862305,36.670257938159615,35.921521362552326,36.44741971208889,1359900
2017-03-13,36.36720657348633,36.48308343101887,35.939357484415,36.26915718636205,1570700
2017-03-14,36.10871124267578,36.14436618140857,35.60064026658096,36.13545414684643,1172500
2017-03-15,35.975013732910156,36.35829586001416,35.67195352543821,36.0998026300617,2384700
2017-03-16,36.59005355834961,36.66136345694796,36.144376892839276,36.43852512419279,1920700
2017-03-17,35.60063934326172,36.77722508899149,35.5204174333146,36.62569670367027,2755300
2017-03-20,34.9856071472168,35.50259354736828,34.9856071472168,35.42237163700829,1341100
2017-03-21,33.74662780761719,35.226273769271,33.69314539927713,35.226273769271,1761800
2017-03-22,33.30986785888672,33.889248794234504,32.88201873442297,33.443572197887775,2608400
2017-03-23,33.38117599487305,33.898159051382464,33.104855295549584,33.2474716628876,2119900
2017-03-24,33.38117599487305,33.74663064869187,33.11377073114456,33.55944730410617,1588400
2017-03-27,32.96224594116211,33.10486233884277,32.10654755507812,32.61461868433069,1740900
2017-03-28,33.550533294677734,33.737716647220225,32.819623955970584,32.819623955970584,1711700
2017-03-29,33.167240142822266,33.568349622427014,33.10484571268835,33.434645329144956,1313700
2017-03-30,33.9338264465332,34.12100985981269,33.17617735454846,33.30096629673478,1356100
2017-03-31,33.83576202392578,34.09425523259705,33.737712641309635,33.809022519663976,1892700
2017-04-03,33.40791320800781,33.89815672456611,33.12268049291054,33.853589750377566,1923400
2017-04-04,33.452491760253906,33.657502632670116,33.158346908610945,33.40792477064053,1677500
2017-04-05,32.97115707397461,33.96055629107254,32.89093514823773,33.764460895015596,1818400
2017-04-06,33.229644775390625,33.40791608775386,32.40068606310767,32.81071110161586,1207100
2017-04-07,33.167240142822266,33.3455114004512,32.668084701750956,32.899834956499575,1535600
2017-04-10,33.1494140625,33.381167727176084,32.91766379806548,33.122674562822596,1196300
2017-04-11,32.97115707397461,33.140512961533496,32.71266382435103,32.81962525858598,2360300
2017-04-12,32.347198486328125,32.99788571399209,32.32045558639565,32.99788571399209,1726300
2017-04-13,31.95501708984375,32.561137656032244,31.910450101203505,32.133288444648,1253100
2017-04-17,32.46308898925781,32.51657141700502,31.910450836843463,31.99067277834259,1268400
2017-04-18,31.999589920043945,32.311562264569964,31.767836121044443,32.070896427259804,1286100
2017-04-19,32.2313232421875,32.66808769336346,32.097618936661334,32.36502754771366,1279000
2017-04-20,33.033546447753906,33.274212187957545,32.16893287001217,32.48090508866014,2113100
2017-04-21,32.6948356628418,33.22964622298721,32.623525774693015,32.864191546831236,1322300
2017-04-24,33.68424606323242,34.04970082405627,33.390097806834895,33.648591110897556,1017500
2017-04-25,33.88924789428711,34.34383651438219,33.746631523253114,34.11208618654288,1011100
2017-04-26,33.71989059448242,34.1655671602023,33.66640818250879,33.91598597123437,815300
2017-04-27,33.52379608154297,33.835768357131215,33.19399633302928,33.835768357131215,969900
2017-04-28,33.318790435791016,33.63967819797174,33.13160364102338,33.63967819797174,948000
2017-05-01,33.63965606689453,33.791184410322906,33.22963119594494,33.52377925117566,1588800
2017-05-02,33.898155212402344,34.040771563589004,33.36334474551288,33.6485774478862,3237300
2017-05-03,33.167240142822266,35.09256224468364,32.99788431820756,33.96054366901754,3608200
2017-05-04,32.51656723022461,34.03186848552077,32.42743326236604,33.4257479834023,2369400
2017-05-05,32.76613998413086,32.775055419681244,32.160022976157954,32.668093994773365,1316000
2017-05-08,32.614620208740234,33.05138485968844,32.55222574435382,32.908765055098584,1316900
2017-05-09,32.6502571105957,32.83744040027871,32.382851925299775,32.6502571105957,1350600
2017-05-10,33.0781135559082,33.095941025652095,32.427426211345924,32.427426211345924,1406300
2017-05-11,32.57004165649414,33.069197194368876,32.42742530278106,32.93549627539904,917800
2017-05-12,32.09762191772461,32.39177005710445,31.758910206019525,32.347203084537156,1189700
2017-05-15,32.71265411376953,33.10484818970534,32.13327333318461,32.213495235108034,1702700
2017-05-16,32.436344146728516,32.89093620728909,32.41851667374155,32.77505933299523,737100
2017-05-17,31.126056671142578,31.794571669064812,30.849739314823644,31.6430432349858,1647800
2017-05-18,31.045835494995117,31.438029702996893,30.88539163712102,30.97452560249871,1052100
2017-05-19,31.50042152404785,31.758914762362178,31.090399877217052,31.348889715288838,1263600
2017-05-22,31.134971618652344,31.776747094636672,30.974527749656264,31.723264671556958,1188000
2017-05-23,31.215192794799805,31.473686066373926,30.81408313205427,31.206277357714917,1030800
2017-05-24,30.87647819519043,31.411292222736304,30.796256261070702,31.26867582877268,1200800
2017-05-25,30.938861846923828,31.152788063258296,30.609062188639967,31.152788063258296,1627500
2017-05-26,30.947778701782227,31.2063463881487,30.733794231233432,30.983443913947635,1379400
2017-05-30,30.600059509277344,31.259852504597916,30.493067245600916,31.099362408471904,2659900
2017-05-31,30.475231170654297,30.760546108841414,29.895683289274142,30.760546108841414,2094400
2017-06-01,31.634323120117188,31.794813195909658,30.377153127224364,30.733798495923704,1911600
2017-06-02,31.50950050354004,31.955305545524915,31.019115637601182,31.233100153069294,2399700
2017-06-05,31.179609298706055,31.643247003660463,31.170691292159525,31.571916556179964,1215500
2017-06-06,30.715970993041992,30.885375700660727,30.368243571432398,30.822963260947358,1536500
2017-06-07,31.500593185424805,31.669997916122792,31.010204804835023,31.081535260638386,1437500
2017-06-08,32.196041107177734,32.57943372051294,31.49166831512259,31.49166831512259,2116600
2017-06-09,32.96283721923828,33.06091490637141,32.3297912571673,32.51703202406859,1502600
2017-06-12,33.28380584716797,33.73852549044887,32.95390766939959,33.06090332764894,2536300
2017-06-13,33.63152313232422,33.818760376190816,33.29271045207407,33.435367885670736,1457000
2017-06-14,33.310550689697266,33.50670598130067,32.40110806665734,33.221387647503775,2166600
2017-06-15,33.33729934692383,33.51562203781886,32.89149432029747,32.9806573663562,1431800
2017-06-16,32.94499206542969,33.36404647657779,32.72208955267471,33.36404647657779,1900700
2017-06-19,33.41754150390625,33.693941821001935,33.23921882840006,33.283802048193216,1161000
2017-06-20,32.971744537353516,33.2748921390993,32.971744537353516,33.257059527088025,921600
2017-06-21,31.634323120117188,32.97173815090625,31.589743299335346,32.97173815090625,1275900
2017-06-22,31.393585205078125,31.723483332114952,30.98344544852759,31.589740480481428,1063200
2017-06-23,31.420339584350586,31.714569131520218,31.099359422912872,31.420339584350586,2735700
2017-06-26,31.928552627563477,32.133622502095385,31.447082451937995,31.571907297198983,1601500
2017-06-27,32.23170471191406,32.713171554641164,32.07121463059755,32.08904723976855,1146300
2017-06-28,32.95389938354492,33.09655682411873,32.445682038924375,32.445682038924375,2386300
2017-06-29,33.292720794677734,33.81877088221542,32.882580970827355,33.6493661900744,1315500
2017-06-30,32.89149475097656,33.72961038879071,32.62401241174283,33.497789867225,2094000
2017-07-03,33.60478591918945,33.68503097014754,33.06982118028412,33.1678988427021,858100
2017-07-05,33.49778747558594,33.84551483188537,33.239219758924534,33.57803251174906,1369300
2017-07-06,33.435386657714844,33.96143687717849,33.319476364958874,33.542378942676976,1612900
2017-07-07,33.41754150390625,33.7296070363476,33.194639009829054,33.61369678708526,1220700
2017-07-10,33.194637298583984,33.52453202046935,33.158972085076925,33.390792571650834,1165000
2017-07-11,33.03415298461914,33.52453785135641,32.98065855627629,33.16789585792137,1141500
2017-07-12,33.132225036621094,33.24813528047151,32.784497706291816,32.92715515979157,1102000
2017-07-13,33.49778747558594,33.81876762023841,33.15897472276142,33.15897472276142,1806300
2017-07-14,33.37296676635742,33.54237146320792,33.00740675646333,33.0519865818216,906900
2017-07-17,33.381893157958984,33.47997084911164,33.132243326824124,33.381893157958984,886600
2017-07-18,32.8736686706543,33.31055918577855,32.70426394911228,33.22139612084342,999900
2017-07-19,33.39971923828125,33.676119640962874,32.83800722815548,33.04307717805868,1618900
2017-07-20,33.47105026245117,33.71178544285322,33.301642134821996,33.43538503545311,854000
2017-07-21,33.5067253112793,33.64046484989024,33.08766727427165,33.42648022762303,566800
2017-07-24,33.80984115600586,33.89008617209093,33.364036266915775,33.63152192134693,900300
2017-07-25,34.27349090576172,34.897618653933954,34.22891108115426,34.47856081993411,1257500
2017-07-26,34.11300277709961,34.40723575862279,34.04167573387213,34.398321153677905,1036900
2017-07-27,34.4072265625,34.80845170223914,34.041666635453645,34.2021566913493,2361500
2017-07-28,34.772789001464844,35.02243870590479,34.21999176968119,34.567719115500296,1229000
2017-07-31,34.986778259277344,35.10268511159905,34.73712514385785,34.977860254500435,1299900
2017-08-01,35.39692306518555,35.6465728147737,34.91545277564604,35.39692306518555,1815300
2017-08-02,36.19045639038086,36.77000435262697,35.32559345013683,35.66440626196792,3219800
2017-08-03,35.85164260864258,36.24395324369351,35.753564949879845,36.136957578921766,2582100
2017-08-04,36.466854095458984,36.75216905258344,35.9497186099068,36.226118962655995,1059700
2017-08-07,36.315284729003906,36.84133490755023,36.297452116026705,36.71651001793299,1000500
2017-08-08,36.315284729003906,37.13556791983927,36.21720705824089,36.32420273610408,1616100
2017-08-09,35.36125564575195,35.96755077240408,35.10268790619273,35.89622033339911,1313400
2017-08-10,34.47856903076172,35.26318705535012,34.46073981765091,35.12944754967862,987500
2017-08-11,34.380489349365234,34.674718936570244,34.08625636093735,34.33590611992619,1041600
2017-08-14,34.66580581665039,35.21860319290545,34.567728149639024,34.87979036174518,835600
2017-08-15,34.683631896972656,35.3880012432473,34.460729387098084,35.03135926818141,1205800
2017-08-16,34.26457977294922,35.00461445983519,33.970346778528196,34.81737713677978,1085100
2017-08-17,33.5245361328125,34.211076271540094,33.36404605356593,34.1486638408578,1373600
2017-08-18,33.28380584716797,33.56912080005452,33.16789558467577,33.23922262228614,1384600
2017-08-21,32.82017517089844,33.23922968378886,32.72209749727836,33.203567858018765,1004200
2017-08-22,33.15007400512695,33.21248645926123,32.82017911881383,32.98066925836587,1409400
2017-08-23,33.230308532714844,33.43537844570177,32.72209105243798,32.86474853109074,884700
2017-08-24,33.435386657714844,33.58695877797591,33.34622698711697,33.497799107378036,1162900
2017-08-25,33.88118362426758,33.97034327331608,33.43537857657984,33.488876406742506,1082200
2017-08-28,33.88118362426758,33.97926127895449,33.68502831489374,33.88118362426758,1115600
2017-08-29,33.613624572753906,33.76523993659039,32.99825297182539,33.26580569387616,1445100
2017-08-30,34.22901153564453,34.30035736546531,33.64039398061897,33.64931093355207,1214000
2017-08-31,34.09521484375,34.371687863649925,33.97927410609948,34.309259020788126,3429000
2017-09-01,34.75519561767578,34.85329909755972,34.139820480992235,34.237923960876174,1606900
2017-09-05,33.506614685058594,34.45197156206139,33.176633004322674,34.4252138999725,1985600
2017-09-06,33.337154388427734,34.09522098960485,33.31039673515176,33.711727513117395,1145200
2017-09-07,32.266937255859375,33.488763380869,31.945872661931684,33.310393784007275,1666200
2017-09-08,32.5701789855957,32.66828247745679,32.17776842026995,32.222359988719916,1133400
2017-09-11,32.846649169921875,33.328242828404534,32.82881186373833,33.07852734607143,1173300
2017-09-12,33.381752014160156,33.470935135658635,32.93582960243172,33.087441589402744,793000
2017-09-13,33.470924377441406,33.595782068254756,33.158780150408035,33.29255819177486,708000
2017-09-14,33.488765716552734,33.81874728238548,33.41741991410226,33.41741991410226,1143700
2017-09-15,33.818756103515625,33.916859584326545,33.337162455535605,33.53336601503924,1752600
2017-09-18,34.34493637084961,34.40736862701793,33.82766823698225,33.89901404070444,1305300
2017-09-19,34.39845275878906,34.871129401674956,34.30034928903135,34.36277815121938,1431500
2017-09-20,34.78195571899414,34.96924235635714,34.13090926379029,34.46089096801827,1202900
2017-09-21,34.79977798461914,35.10300529589512,34.7284287809696,34.79977798461914,1009100
2017-09-22,35.20112609863281,35.23679731592076,34.50548462867394,34.50548462867394,1512700
2017-09-25,35.06733322143555,35.38839785676361,34.113059667609086,35.1208451280294,924000
2017-09-26,35.343814849853516,35.56677607807242,34.87113473258896,35.120853621634616,775000
2017-09-27,36.22672653198242,36.76183533077967,35.70053808432956,35.941336533470746,1663800
2017-09-28,35.468658447265625,36.22672496002104,35.0316531173164,36.22672496002104,993400
2017-09-29,35.57569122314453,36.00377635132535,35.34381305450757,35.42407922867386,1035300
2017-10-02,35.655941009521484,35.86106482653233,35.36163410758996,35.70053255198182,1463600
2017-10-03,35.415157318115234,35.93242895158723,35.325974196125316,35.82540512265769,1060400
2017-10-04,35.593528747558594,35.745144145079486,35.28138440283646,35.62920335898918,1184100
2017-10-05,36.387264251708984,36.41402190701085,34.960314046590064,35.62919759313662,5738600
2017-10-06,36.29808807373047,36.824276700283285,35.950269107421,36.60131547550868,1296100
2017-10-09,36.075111389160156,36.38725560922956,35.96809099972448,36.351581012045386,538900
2017-10-10,36.057281494140625,36.25348841682352,35.691625303215474,36.137547653227486,612200
2017-10-11,36.16429901123047,36.199973612884506,35.72729704837889,35.96809550636777,985200
2017-10-12,35.60244369506836,36.44969695719739,35.57568943906069,36.2980849703299,1177900
2017-10-13,35.53108215332031,36.048350152542945,35.441899071352566,35.539999100670485,1198300
2017-10-16,35.39732360839844,35.94134955329743,35.39732360839844,35.65595945140261,1267700
2017-10-17,35.22787094116211,35.673793358138845,35.10301320874751,35.673793358138845,1750300
2017-10-18,35.638118743896484,35.81648839108889,35.379482925573406,35.566772926290355,1715500
2017-10-19,35.54001235961914,35.60244122071026,35.049498421567,35.210030750692106,1341900
2017-10-20,35.80757522583008,36.04837036256476,35.736225998561714,36.04837036256476,996300
2017-10-23,35.468658447265625,35.91458072585516,35.40622960043245,35.85215187902198,1246000
2017-10-24,36.467525482177734,36.61914083466111,35.727296226529134,35.76296742524535,1913100
2017-10-25,35.79865646362305,36.73509299940163,35.59353252928058,36.73509299940163,1546500
2017-10-26,35.861083984375,36.06620791096792,35.63812275084551,35.816492418092785,1003000
2017-10-27,36.28023910522461,36.2891560544172,35.531089494711054,35.745133698622304,817600
2017-10-30,35.96809005737305,36.35158005964665,35.736208583867985,35.97700700537705,1342600
2017-10-31,35.81649398803711,36.27133342744214,35.74514815928195,36.03945523133966,1197700
2017-11-01,36.833187103271484,37.840972612658035,36.34267317640611,36.5477970584728,3489000
2017-11-02,37.91231918334961,38.019343003884366,36.717247070986915,36.949128613361125,1715600
2017-11-03,37.323699951171875,38.06393269742549,37.30586605074049,37.65368494515167,1389000
2017-11-06,37.510990142822266,37.64476480953336,36.96696431935799,37.13641359137243,1089300
2017-11-07,37.5020751953125,37.8053025798574,37.24343937276459,37.55558711097975,1905300
2017-11-08,37.065067291259766,37.50206929301771,36.833185761981305,37.386128528378485,1197200
2017-11-09,36.859947204589844,37.36829846824903,36.61022834723385,36.75292337910102,938200
2017-11-10,36.3070068359375,37.09183133886603,36.289169528812025,36.98481089823165,1326700
2017-11-13,36.60131072998047,37.279111268483284,36.36942918109314,36.51212421036309,1506800
2017-11-14,36.82426834106445,36.85102259328625,36.19997637298802,36.41402059711502,1247300
2017-11-15,36.940208435058594,37.33262230797054,36.26240791239271,36.28024521589941,1307300
2017-11-16,37.03831481933594,37.49315758927251,36.87778247725456,37.13641829528767,1375100
2017-11-17,37.510990142822266,37.600173253963,36.752920089655575,36.752920089655575,1259200
2017-11-20,37.805294036865234,37.84096863924856,37.34153441223404,37.51098707249616,775900
2017-11-21,37.62693405151367,38.081776842950184,37.4842390075983,37.92124449328062,870100
2017-11-22,37.73396301269531,37.9034123372048,37.43073557791293,37.66261377998479,686100
2017-11-24,37.510990142822266,37.92123789745782,37.386129024260576,37.92123789745782,474200
2017-11-27,37.33261489868164,37.55557604508837,37.05614185237514,37.43071834743934,918500
2017-11-28,38.29581069946289,38.36715990942246,37.24343366738231,37.341537130017926,1244700
2017-11-29,39.187870025634766,39.68742069438629,38.43854572396275,38.81320617334349,2091900
2017-11-30,39.42871856689453,39.82122041582832,38.89348506062845,39.50900342268895,1716100
2017-12-01,39.5536003112793,39.57144176616663,38.16199745625318,39.48223449172995,2088300
2017-12-04,40.2226448059082,40.81139928239022,40.07991655109165,40.294007231861464,1357200
2017-12-05,39.90150451660156,40.46349849652833,39.75877626488,40.436738012739895,1067100
2017-12-06,39.75878143310547,39.91935116252836,39.36627954057751,39.73202094583845,1255000
2017-12-07,39.393043518066406,39.830150798647594,39.3841244891573,39.55361326171577,1678400
2017-12-08,41.1682243347168,41.346632112815705,39.27707058009419,39.696336345029145,4819800
2017-12-11,41.319862365722656,41.96214111223849,41.14145122470054,41.3020209113295,1996900
2017-12-12,41.30202865600586,41.53396420369844,41.221743797636904,41.373394486960535,1457900
2017-12-13,40.38322448730469,41.48936788447789,40.34754156406404,41.150390322424315,1351200
2017-12-14,40.588382720947266,41.07009181609201,40.32968671767586,40.632984658739986,1671600
2017-12-15,40.65082931518555,41.0790140769474,40.46349911996036,40.70435368649703,1960700
2017-12-18,40.8203239440918,41.105783896037785,40.63299372183297,41.105783896037785,1095200
2017-12-19,41.2841911315918,41.498285241943385,40.67759512232448,41.24851161562523,1389400
2017-12-20,41.77482223510742,41.91755050591549,41.37339791005022,41.81942418168924,1245100
2017-12-21,46.44916915893555,46.81491051440315,43.85329675722402,43.85329675722402,6678200
2017-12-22,45.61956787109375,46.70787309508539,44.85240211666755,46.43133557342393,3385600
2017-12-26,45.530357360839844,46.06558746375274,45.1646159965037,45.476832989384555,1692600
2017-12-27,45.05756378173828,45.40546706502541,44.896997485564654,45.369784153471386,1725400
2017-12-28,44.718589782714844,45.137852115655114,44.3082430739867,45.137852115655114,2289400
2017-12-29,44.12983703613281,45.13785388299198,43.60352593965965,44.870238821019726,1672300
2018-01-02,44.370689392089844,44.71858929553289,43.906821719862464,44.522336671884005,1899900
2018-01-03,44.317169189453125,44.88808225422703,44.15659946462168,44.308246758679,2168000
2018-01-04,44.905921936035156,45.32518769016231,44.24580160419092,44.727510759625076,2193900
2018-01-05,45.25381088256836,45.32517669698738,44.852386683734714,45.200286521754094,1331400
2018-01-08,45.066497802734375,45.48576361406009,44.7631997823327,45.27166949257806,1199700
2018-01-09,47.26986312866211,47.70696694485495,45.1378548107157,45.1378548107157,4389500
2018-01-10,47.78725051879883,48.73282736151482,47.12713359699964,47.18065456730708,3547300
2018-01-11,47.72480773925781,48.679303621810156,47.42150975956481,47.9745813450367,2232700
2018-01-12,48.31356430053711,48.43845110875114,47.65344393909255,48.03702679455582,3137100
2018-01-16,47.260929107666016,48.545483158252125,47.20740474613391,48.40275493040922,2511700
2018-01-17,47.68912887573242,47.96566639342242,47.0111704297611,47.5820835217181,1655400
2018-01-18,47.885379791259766,48.09055146356209,47.30554428912381,48.072710004721415,2198200
2018-01-19,48.554412841796875,48.759584487296664,47.68020189026782,47.68020189026782,1915000
2018-01-22,48.322486877441406,48.47413758634649,47.59992646173246,48.144079082838566,3058300
2018-01-23,48.38492202758789,48.75066336303172,47.96565632491701,48.090543112203726,1940600
2018-01-24,48.152992248535156,48.94691840774918,47.796173299863426,48.78634868982835,1406100
2018-01-25,48.05485916137695,48.45628339962337,47.715881718333,48.358157096617624,1268400
2018-01-26,48.456298828125,48.52766467227379,47.89430471564089,48.4384573670878,1433600
2018-01-29,47.8942985534668,48.73283009977423,47.59992299150484,48.40276821741861,2155800
2018-01-30,46.71677780151367,47.77832221190677,46.56513054454863,47.341215089466765,2294300
2018-01-31,46.306453704833984,47.430438565472635,46.181566876197564,46.80600442229053,2613800
2018-02-01,46.89520263671875,47.33230988681248,46.11911786515118,46.11911786515118,2170100
2018-02-02,45.797977447509766,47.180658201143885,45.40547555574774,46.672188526600436,2059900
2018-02-05,43.63029098510742,45.74445461943827,42.97909301851304,44.914845458578604,3492700
2018-02-06,43.98712158203125,44.40638405344576,42.18517464922225,42.4795502822192,4129800
2018-02-07,43.41619873046875,44.68291520137307,43.39836067289785,43.89790795473845,2854900
2018-02-08,41.703453063964844,43.73733161109435,41.703453063964844,43.701652098427786,2272100
2018-02-09,41.84618377685547,42.738236301114085,40.686516175901325,42.488462683252976,3234700
2018-02-12,42.880958557128906,43.612441252237005,42.006747614265805,42.22976071406486,2875000
2018-02-13,42.836360931396484,42.89880433339552,42.21192350849598,42.58658732340036,1979200
2018-02-14,45.66417694091797,45.949633535516675,42.381422700121796,42.845290517072456,4080600
2018-02-15,45.09326171875,46.46702364514142,44.370701235021286,46.16372560169021,3012500
2018-02-16,45.16463088989258,45.325200654297575,44.602636714475075,44.602636714475075,1861300
2018-02-20,44.9951171875,45.60171302913269,44.86131138305454,44.86131138305454,2105500
2018-02-21,45.066497802734375,45.85150504428765,45.057575371096036,45.07541683146209,1491300
2018-02-22,45.235984802246094,46.02991104146925,45.10217895910101,45.10217895910101,2402900
2018-02-23,45.530357360839844,45.574959302264254,44.88807851501637,45.28950279365604,1349500
2018-02-26,46.35997772216797,46.44918162679782,45.58388945966278,45.63741384418719,1347100
2018-02-27,46.21721267700195,46.85961518733113,46.11906747086108,46.17260214791025,1898200
2018-02-28,45.52128601074219,46.63656643024225,45.3963751483287,46.44920013662201,1828200
2018-03-01,44.90564727783203,45.92278235881885,44.47737665088094,45.71757119366935,2455200
2018-03-02,45.42313003540039,45.48558545182091,44.25431520719576,44.44168486002225,2455300
2018-03-05,46.368896484375,46.627638936430245,44.95918050153003,44.95918050153003,1466000
2018-03-06,46.422428131103516,46.77039505522216,46.127995888989865,46.43135227988711,1405400
2018-03-07,46.11906814575195,46.28859292377248,45.42313435175475,45.82463592658592,6445500
2018-03-08,45.76218032836914,46.17260264614589,45.18223323322334,46.12799211657281,5075200
2018-03-09,47.234344482421875,47.671535806147915,46.0387640053589,46.17259898703716,3713800
2018-03-12,48.153343200683594,48.37639926012191,47.26111896293035,47.448485236002846,3067700
2018-03-13,48.3139533996582,48.626230583261915,47.68047147874406,48.27826360622748,3761600
2018-03-14,48.18010330200195,48.52807017016824,47.80537079891979,48.510225279036,2469900
2018-03-15,48.26932144165039,48.706512739098876,47.876744071123106,48.278245588460535,2543000
2018-03-16,47.74290084838867,48.52805885734706,47.71613521971238,48.278237246863824,2542100
2018-03-19,47.29680633544922,47.94813303777607,46.58302761102338,47.65369739944486,2359000
2018-03-20,47.68046188354492,48.421009632157634,47.662616990420666,47.725075818138244,2266200
2018-03-21,47.67152786254883,48.49237229627274,47.51984801501717,47.59122756763546,1445500
2018-03-22,45.75325012207031,47.528777553927235,45.58372877071304,47.091586253443495,2913400
2018-03-23,43.44239044189453,45.75325100970668,43.44239044189453,45.75325100970668,4356200
2018-03-26,45.128692626953125,45.2357585565013,44.04017823192566,44.66473572749165,2159300
2018-03-27,44.513065338134766,45.610500709136225,44.20078822573952,45.182233496323356,1960600
2018-03-28,44.67366409301758,44.89672013638338,43.78143991955437,44.5844430370973,1795300
2018-03-29,45.05733108520508,45.29823207567269,44.67367433041212,44.88780967868308,1774900
2018-04-02,43.85281753540039,44.86102835597484,43.13011476177684,44.611206687664705,1958100
2018-04-03,44.25431823730469,44.39707397083541,43.727905831741694,44.09371761163698,1564900
2018-04-04,44.45060348510742,44.54874867868046,43.04089120564998,43.308557749489765,1766900
2018-04-05,45.25361633300781,46.14584060832064,44.66474844744396,44.88780451627217,2165900
2018-04-06,44.18294906616211,45.200084254019245,43.72791275355295,44.50415036834135,2644500
2018-04-09,44.33462142944336,45.405291202240804,44.29001089798625,44.709357381526885,2470100
2018-04-10,45.33392333984375,45.67296616389801,44.61122034497145,45.289309396645976,3371600
2018-04-11,44.896705627441406,45.63725308580978,44.7271843145498,44.78963971422376,2344100
2018-04-12,45.815711975097656,46.31535875964996,44.94133265480507,44.94133265480507,2124700
2018-04-13,45.664031982421875,46.30643445552708,45.44989669019847,46.14583383725078,1408100
2018-04-16,46.3956413269043,46.63654218068321,45.70862853728977,46.14581973197682,1341000
2018-04-17,46.43135070800781,46.98452878907011,46.261825922513836,46.815007407141536,2626700
2018-04-18,46.90421676635742,47.270028480811064,46.591939718737684,47.00236195377064,1546100
2018-04-19,47.27895736694336,47.94812545341309,46.89530072508219,46.89530072508219,2237800
2018-04-20,46.850677490234375,47.62691476691732,46.57409024771527,47.43954515321482,1915100
2018-04-23,47.332496643066406,47.52878707077911,47.05590929881538,47.06483004390893,1388500
2018-04-24,47.02913284301758,47.99273653236644,46.53841025465581,47.64476966795655,1835800
2018-04-25,47.06482696533203,47.448483647002895,46.61871486139523,47.18973780986389,1892400
2018-04-26,47.06482696533203,47.60016012863009,46.92207122821487,47.0380613282367,1643200
2018-04-27,47.2521858215332,47.466321095408574,46.6811629626185,47.01128491476018,1512000
2018-04-30,46.70793533325195,47.74291526522446,46.70793533325195,47.305727314862004,2205100
2018-05-01,45.95846939086914,46.672251510163896,45.75325822281978,46.56518215013045,4176500
2018-05-02,46.3956413269043,47.45738650891004,46.21719587185726,46.77037371929551,3200000
2018-05-03,45.53911590576172,46.28858423694116,44.21862473245787,46.0744489693622,2676000
2018-05-04,46.35997009277344,46.66332646658491,45.244689807226166,45.43205607834243,1816000
2018-05-07,46.79715347290039,47.136199574821894,46.20828571880764,46.44026248102883,951100
2018-05-08,46.4759635925293,47.198666495671866,46.37781837565697,46.65440913197302,1428800
2018-05-09,47.08266830444336,47.30572433957703,46.69901165172825,47.02021288689113,1734900
2018-05-10,46.975608825683594,47.3860311699591,46.85961871845253,46.85961871845253,1428000
2018-05-11,47.07374572753906,47.66261354379546,46.9399141441329,47.04698009157085,1232100
2018-05-14,46.9488410949707,47.394953239098115,46.88638566707811,47.16297642172071,975600
2018-05-15,47.457401275634766,47.88566845886781,46.92206814748471,47.011289200988045,1892300
2018-05-16,47.876747131347656,48.1622585833561,47.32356911852692,47.39494527974654,1262600
2018-05-17,49.2061653137207,49.295386371065796,47.805373611298705,47.8678290321533,3293100
2018-05-18,47.662601470947266,49.313217810046076,47.61799095444497,49.054472049342834,2732900
2018-05-21,48.1444206237793,48.51023243705588,47.8410642368988,47.93920945082565,1202600
2018-05-22,48.162254333496094,48.59052147371826,48.09979892160315,48.287165157281976,1235700
2018-05-23,47.68938446044922,47.90351636375365,47.162972043108404,47.805374560152174,1462600
2018-05-24,47.61799621582031,47.82320733725631,46.939907440795494,47.46631976224074,1200000
2018-05-25,47.40383529663086,47.73402260105394,47.22535631665687,47.35921640268821,1074500
2018-05-29,45.03899002075195,46.85946568638279,44.771269907268525,46.707760799331325,2235600
2018-05-30,46.50251007080078,46.88623859292081,45.529803440994606,45.81536837779985,2680200
2018-05-31,46.35081100463867,47.01118218000663,46.01170470234468,46.49359350144752,2265700
2018-06-01,46.805931091308594,47.29674569599241,46.45789897897285,47.100418492437626,2752600
2018-06-04,47.22535705566406,47.33244648784629,46.89517315027749,47.22535705566406,2190200
2018-06-05,47.046878814697266,47.71617240904503,46.52036771764222,47.10934594450013,1835700
2018-06-06,47.519840240478516,47.68047095869805,47.10041520910495,47.53768847630323,1660200
2018-06-07,47.86787414550781,48.23375448329521,47.56446093337658,47.61800564288316,2325600
2018-06-08,47.82324981689453,48.78703064897048,47.37705416769947,47.61800022676912,1376800
2018-06-11,47.564456939697266,48.064197307189644,47.43952269887486,47.88571836135645,1106600
2018-06-12,47.35029220581055,47.86787748365675,47.16288741157003,47.76971387815059,1799700
2018-06-13,46.457908630371094,47.58232056567777,46.44006038959431,47.35922266227373,2057900
2018-06-14,46.13663101196289,46.61852313223663,45.84214024817249,46.61852313223663,1833500
2018-06-15,45.79752731323242,45.88676509337809,44.922984131833104,45.62797416927442,2284600
2018-06-18,46.154476165771484,46.19016922828871,45.154995522835485,45.33347445223137,1590700
2018-06-19,45.61012649536133,46.04739638935657,45.48519223993412,45.70829009725504,1874900
2018-06-20,44.61065673828125,46.23480914723292,44.60173091609591,46.23480914723292,1830300
2018-06-21,43.96813201904297,44.71774105622293,43.9056648829616,44.39647955397386,2532400
2018-06-22,44.057369232177734,44.94083835173079,43.85211958715509,44.61957685371149,2867800
2018-06-25,43.84318923950195,44.09305773534266,43.40591596757777,43.7717962954315,1751400
2018-06-26,43.78963851928711,44.35184596194256,43.6736267032021,43.941346802506345,2705000
2018-06-27,42.54029846191406,43.98597505087636,42.50460539138167,43.68256182403031,1529400
2018-06-28,42.076255798339844,42.67415640128021,41.46050355472319,42.44213613553397,2826500
2018-06-29,41.94240188598633,43.05789129784767,41.933479468540995,42.53138015928098,1428400
2018-07-02,42.14763641357422,42.22795175859235,41.55865835150873,41.58542899844734,1123400
2018-07-03,41.89777374267578,42.42428476503096,41.737143030485875,42.343969408936005,622500
2018-07-05,41.78175735473633,42.290420086403365,41.6746713597018,42.183334091368835,1242200
2018-07-06,42.013797760009766,42.22796983560634,41.23741462441184,41.42481604160978,1035600
2018-07-09,43.62902069091797,43.896737464989876,42.29935923787265,42.37967461051457,1646100
2018-07-10,43.16497039794922,43.941353354980734,42.76339359331274,43.736100340453106,1886300
2018-07-11,42.504600524902344,42.99541508161058,42.192261513031426,42.74554659547609,1580800
2018-07-12,42.41536331176758,42.97757086230825,41.98701583656621,42.85263660756657,1300200
2018-07-13,42.29935836791992,42.56707513648581,41.87100745317041,42.37967373891003,1285200
2018-07-16,42.77232360839844,42.90618369113984,42.058411110252045,42.433213895202655,1491700
2018-07-17,43.022186279296875,43.20066523060542,42.62953530978036,42.86155556353947,987200
2018-07-18,43.82533645629883,43.959193106237954,43.04003117401945,43.07572764235092,1095800
2018-07-19,43.58440017700195,43.78072739265709,42.93295480275024,43.566551938833,2513300
2018-07-20,43.700408935546875,44.08413751856041,43.47731108050194,43.798572536439146,1891800
2018-07-23,44.37862014770508,44.63741444875357,43.65578194952912,43.709326654498625,1487400
2018-07-24,44.62849044799805,45.244242665532816,44.36969954060525,44.62849044799805,1180600
2018-07-25,44.76235580444336,44.83374875575059,44.1466069183333,44.55710617574001,1009400
2018-07-26,45.27994155883789,45.43164646424431,44.62849283502485,44.76235290796245,1756100
2018-07-27,45.449501037597656,45.940315699794326,45.172858436917856,45.38703390263827,1055300
2018-07-30,45.556583404541016,45.886767291943755,45.31563730155958,45.54766098778019,1370500
2018-07-31,45.0836181640625,45.72614112165781,44.95868390101972,45.60120345441167,1372200
2018-08-01,44.23583984375,45.63689401931079,43.81641481140405,45.3513290538591,2202000
2018-08-02,44.62849044799805,45.4762629214512,43.646861312969904,43.646861312969904,2021100
2018-08-03,44.54817581176758,45.038993791443666,43.64686202074983,43.64686202074983,1019400
2018-08-06,44.86052322387695,45.04792463068406,44.17338132804734,44.59280644212344,1428900
2018-08-07,45.199623107910156,45.79752367665634,44.931902980325404,44.931902980325404,1227700
2018-08-08,45.387020111083984,45.5298025767764,44.87835736429209,45.14607406194006,763100
2018-08-09,44.97652816772461,45.7439819163924,44.96760234732208,45.41379804976299,982000
2018-08-10,43.959197998046875,44.530331342298716,43.46838341858006,44.3697006211346,1197600
2018-08-13,43.709320068359375,44.16444148151541,43.53084114955705,43.887798987161695,1277200
2018-08-14,44.18229293823242,44.46786129368097,43.70040421063184,43.78964198132012,1164800
2018-08-15,43.51300811767578,43.97705210698563,43.2274431095164,43.780728291503195,923600
2018-08-16,44.25368881225586,44.815896336635255,43.7450259963612,43.950275605914925,1017800
2018-08-17,44.592803955078125,44.7623571130848,44.0573670172301,44.244771817788774,972400
2018-08-20,44.62849044799805,44.753428098018745,44.31615483345352,44.458937314988574,653700
2018-08-21,45.22639083862305,45.592271131266656,44.53032672193584,44.65526095783328,889000
2018-08-22,45.04792785644531,45.39596003806689,44.91407115808523,45.22640685846258,588200
2018-08-23,44.37862014770508,45.09253252628475,44.31615302734203,44.994368935942035,1247200
2018-08-24,44.4053955078125,44.815898147711934,44.316157727601336,44.74450520018052,892200
2018-08-27,45.297786712646484,45.66366705650798,44.512484718731095,44.789123878600094,1220100
2018-08-28,45.37809371948242,45.77967046298807,45.19069237391393,45.485183120552236,986800
2018-08-29,45.467350006103516,45.74398920701737,45.217478058054226,45.34241573418067,1107200
2018-08-30,44.86040496826172,45.6726406037427,44.806853140456155,45.262060701163755,916500
2018-08-31,44.6908073425293,44.86039376300763,44.43196222321668,44.6283279557809,794100
2018-09-04,44.681888580322266,44.86932676324216,44.36948820391749,44.5658539602364,789200
2018-09-05,44.25345993041992,44.90503323212452,44.18205295796755,44.44982229492025,1132900
2018-09-06,43.7714729309082,44.628336168167785,43.54833125006736,44.29808743388745,1612500
2018-09-07,43.4858512878418,43.967834724504435,43.13775081502419,43.816100017839034,1440700
2018-09-10,43.0306396484375,43.78039581016876,43.0306396484375,43.73576815628976,1177300
2018-09-11,43.13774490356445,43.235924368314556,42.49509586958512,42.86104803507417,1642900
2018-09-12,42.99493408203125,43.22700331876258,42.70931302518622,43.10204453200182,903500
2018-09-13,43.17344284057617,43.66435375949168,43.03063232953036,43.16451867326694,1080600
2018-09-14,44.0838623046875,44.39626264680672,43.26270269542356,43.271626862971544,1829000
2018-09-17,43.36981201171875,44.60155489527873,43.2091497484339,44.23560271887913,1266400
2018-09-18,44.235595703125,44.44088558368083,43.37872929988082,43.57509501383461,1258800
2018-09-19,44.780059814453125,45.360229403264476,44.19096605875635,44.315928229249245,2027400
2018-09-20,44.71760177612305,45.58339278671881,44.61049469801895,45.08355408077863,1737500
2018-09-21,45.07461166381836,45.163866958629896,44.63725254755084,44.76221472710673,2429800
2018-09-24,44.97642517089844,45.199566794810316,44.79791119079474,45.038904553204084,1122500
2018-09-25,45.0478515625,45.55661441215452,45.02999981629972,45.20851387343011,1609100
2018-09-26,44.16419219970703,45.2352727337522,44.11956455346997,45.13708986910798,1888800
2018-09-27,44.11064147949219,44.512297146326944,43.83394800168386,44.2534554098081,1251800
2018-09-28,44.33378219604492,44.5033720322549,43.77146767929905,43.77146767929905,1423900
2018-10-01,44.67295455932617,45.27990007773793,44.45874049686975,44.62832691338701,1053500
2018-10-02,44.72650909423828,44.91394724724257,44.02138072260759,44.610474492671834,1070300
2018-10-03,45.494110107421875,45.84221045565743,45.074602813460785,45.24418920225307,1334900
2018-10-04,46.270660400390625,46.30636388751683,45.54768010800867,45.601235338697975,1712800
2018-10-05,45.860076904296875,46.72586426731043,45.74404228270351,46.377763807402005,1137700
2018-10-08,46.342063903808594,46.41347087795937,45.55660761738169,45.672638843068796,1109500
2018-10-09,46.101070404052734,46.40454321157994,45.654787063858116,46.08321866186035,1278500
2018-10-10,44.137413024902344,46.190315243645756,44.09278538196962,46.14568760071303,1697600
2018-10-11,42.18269729614258,44.28023091262814,42.022038435755704,43.744688893476486,1956900
2018-10-12,42.370140075683594,43.21807567150023,41.15624888373478,42.986009840037816,1646700
2018-10-15,42.10237121582031,42.709316867436435,42.05774356008687,42.325512899359424,1235800
2018-10-16,42.63790512084961,42.66468102817941,41.807817944913616,42.396911740267754,1188700
2018-10-17,43.24486541748047,43.69114885129374,42.432629704135216,42.48618153707448,1451500
2018-10-18,42.0577392578125,43.35196157092191,41.86137691169775,43.14667165165058,1547800
2018-10-19,41.63823318481445,42.646830989680886,41.62930561210088,42.04881300298334,2281900
2018-10-22,40.40648651123047,42.15591606210175,40.263676005136304,41.78996392743102,3311300
2018-10-23,39.692440032958984,40.21012691965924,38.808797550917006,39.638884808181075,3002800
2018-10-24,37.38961410522461,39.83524807271656,37.291431235033386,39.65673407281174,3196200
2018-10-25,38.37144088745117,38.862351852536875,37.60383304155974,37.82697469885974,2206700
2018-10-26,37.34499740600586,37.987646632139196,36.6398687723176,37.75557734275889,1915400
2018-10-29,36.93440628051758,38.451770157629134,36.14002256378982,38.01441103236383,2102500
2018-10-30,36.91655349731445,37.50564729121325,36.3363838708798,37.06828817830342,2399900
2018-10-31,39.0587158203125,39.96913422855032,37.68416574187183,37.68416574187183,3141400
2018-11-01,39.81739044189453,40.19226672185351,39.34433130626891,39.47821423273818,1831100
2018-11-02,39.47821044921875,40.90631869545295,39.09440663468904,40.37970439678687,1992100
2018-11-05,39.844181060791016,40.299392031561524,39.531784045456035,39.531784045456035,1790100
2018-11-06,40.13872528076172,40.42434635018174,39.54070382581424,39.70136610297197,1193800
2018-11-07,41.27227783203125,41.325829644696476,39.95127637177076,40.46896659334191,1629800
2018-11-08,41.47757339477539,41.879225664150084,40.959883102442085,40.959883102442085,1693400
2018-11-09,40.72782516479492,41.65609207478846,40.45112822338141,41.17410857714897,1158200
2018-11-12,39.76383972167969,40.977730792780285,39.73706381433434,40.781365059257766,1165100
2018-11-13,40.629638671875,41.522205417553614,39.844178982313686,39.88880663862323,2271600
2018-11-14,40.22798156738281,41.53112815394262,39.70136706940703,40.95988600119705,2229600
2018-11-15,40.48682403564453,40.54037585585326,38.99623595052258,39.72814033559558,1773100
2018-11-16,39.701358795166016,40.16549379875842,39.54069654758129,40.07623850782073,1626600
2018-11-19,38.7641716003418,39.585331320406226,38.27326060205356,39.585331320406226,2631700
2018-11-20,38.389286041259766,38.67491047140714,37.67523347806934,38.16614440245831,1949800
2018-11-21,39.156898498535156,39.906654630617766,38.57673221130689,38.5945839531269,2527600
2018-11-23,38.87126159667969,39.56746562442702,38.44283018222683,38.71059939065109,566500
2018-11-26,39.81739044189453,40.227970197526986,39.39788311490828,39.58532125488777,1027100
2018-11-27,39.415733337402344,40.08515815862512,39.33540222266078,39.48714028600405,1078900
2018-11-28,40.290462493896484,40.32616598101584,38.99624002723136,39.51393037584618,1590300
2018-11-29,39.879791259765625,40.29046554563423,39.6387478255214,39.87086511264146,1561500
2018-11-30,40.1297492980957,40.31722895259363,39.558380785935384,39.65658198189265,2290600
2018-12-03,40.73684310913086,41.57604047232794,40.469014453270184,41.02252746279906,2056200
2018-12-04,39.19236373901367,40.55829236302753,38.37994816310081,40.55829236302753,1949100
2018-12-06,38.83525085449219,38.8620326963157,37.638946439071304,37.781788604839804,2276400
2018-12-07,38.27280807495117,39.620884197941976,38.03176128331124,38.808468747137404,1673700
2018-12-10,37.63893508911133,38.317434320504894,36.853301711478125,38.04960576615546,1632800
2018-12-11,37.031864166259766,38.487070984279114,36.91580384926265,38.36208452241714,1304100
2018-12-12,37.74607467651367,38.47814115260613,37.31754820799313,37.68358144603936,1555600
2018-12-13,37.71037292480469,37.97820158619599,37.3711214707084,37.71929907107971,1247900
2018-12-14,36.85331726074219,37.71037376414706,36.60334429196334,37.15685732524206,1356700
2018-12-17,36.085533142089844,37.20148857185203,35.90698299782846,36.52298916903193,1956100
2018-12-18,35.80877685546875,36.6479740770111,35.567730084194494,36.25515900843021,1768800
2018-12-19,35.0499267578125,36.51406314732852,34.83566522172528,35.683792032332676,1658100
2018-12-20,34.6571159362793,35.4606053095513,34.26430080136083,34.63926023847035,1681900
2018-12-21,33.54115295410156,35.0767085701106,33.46080403452841,34.58568890855259,2957400
2018-12-24,33.08586120605469,33.71972332949805,32.934089435220216,33.14835446297857,682100
2018-12-26,34.88924026489258,34.89816641192107,32.72874828196414,33.21084195653823,3154500
2018-12-27,35.29991149902344,35.35347519299101,33.996476059539134,34.29108659324036,1185800
2018-12-28,35.282047271728516,35.933764833954974,35.014218649743434,35.41595987990821,1247400
2018-12-31,35.835567474365234,35.84449702676247,35.26419872349241,35.50524555382184,1112400
2019-01-02,35.73735809326172,36.12124706040869,35.02314724936943,35.05885864297053,1252400
2019-01-03,35.29096984863281,35.817700894386675,34.969574172494816,35.37131876766731,871400
2019-01-04,36.61225891113281,36.87116135049667,35.84448454795496,36.13016882393398,2383100
2019-01-07,36.755104064941406,37.29076468057283,36.103386544038166,36.38014469906234,1877900
2019-01-08,37.23720169067383,37.91570453060058,36.89795367633631,37.82642604870187,2287400
2019-01-09,37.57646179199219,37.92463943777259,36.98723729783459,37.33541494361499,1925100
2019-01-10,37.630027770996094,38.24603409472225,37.23720918285779,37.2907762827748,1624200
2019-01-11,37.897850036621094,38.09425589177798,37.18363918690066,37.20149147822095,2165800
2019-01-14,38.12996292114258,38.72811678068389,37.451463542978765,37.46931923788118,1622000
2019-01-15,38.62099075317383,38.83525573154759,37.746081952264696,37.951417378491975,1003300
2019-01-16,39.56731414794922,39.79943477687987,38.83524768247672,38.844173827146854,1544200
2019-01-17,39.70124435424805,40.067277717875086,39.10309027868573,39.406630390397915,1092100
2019-01-18,40.48686218261719,40.620778198268376,39.7815809296481,39.96906062705916,1309700
2019-01-22,40.04942321777344,40.37081904047656,39.7905206488596,40.17440972535201,2146000
2019-01-23,40.29938507080078,40.46008293764223,39.55839237869944,40.46008293764223,2444300
2019-01-24,40.710060119628906,41.326069808495035,40.11190953518789,40.11190953518789,1516300
2019-01-25,41.727813720703125,41.781377410450496,40.951106163103695,41.12073359564038,1296800
2019-01-28,41.42427062988281,41.6653140273772,41.00467026086294,41.192149972525684,842700
2019-01-29,41.20999526977539,41.56710231145353,41.12072021216843,41.406404483260886,1891200
2019-01-30,41.1921501159668,41.57603909201837,40.540432492946366,41.21893195897588,1415100
2019-01-31,41.451053619384766,41.629607190223254,40.77255073132374,40.77255073132374,1342500
2019-02-01,41.92420959472656,42.11168927538617,41.23678069334923,41.629599154493675,883200
2019-02-04,41.80815505981445,41.9420676654625,41.59389012290169,41.8885005798279,1054600
2019-02-05,41.763511657714844,42.16525626223415,41.33498521476939,41.799223046033326,1584100
2019-02-06,43.52227020263672,44.92391022184076,42.968757155686255,43.44192125988372,2380600
2019-02-07,43.03125,43.54012549750339,42.656287135424364,43.41513901118696,2374400
2019-02-08,42.54023361206055,43.0223238971295,42.10277746925311,42.64736440811736,1609800
2019-02-11,42.87055206298828,42.95090100489614,42.504518751102786,42.61164953843782,1916700
2019-02-12,43.64725112915039,44.04899579173033,43.21872462427377,43.36156679256598,1425800
2019-02-13,43.78116989135742,44.58465586116702,43.76331419350039,44.04007240184518,1093600
2019-02-14,43.361572265625,43.78117267790629,43.299079021960935,43.611545240281245,1211100
2019-02-15,44.263240814208984,44.281093097283524,43.55795643591092,43.74543605881312,1022700
2019-02-19,44.34360122680664,44.4596615395925,43.81687355825087,43.95078616011867,1785500
2019-02-20,44.79892349243164,44.87927243475072,44.08471256383221,44.209699050633816,1089600
2019-02-21,44.66500473022461,45.093531261257894,44.441813615793144,44.92390724031539,624300
2019-02-22,44.59357833862305,44.87926264776257,44.37038725925619,44.6471420180707,1084200
2019-02-25,44.6114387512207,45.173877878651595,44.459667030276364,44.888193539301504,1085900
2019-02-26,44.388240814208984,44.81676725725791,44.191831584035356,44.21861342246796,1104400
2019-02-27,44.87043380737305,44.95972684048526,44.227513068770314,44.406102541305614,2211200
2019-02-28,45.15617752075195,45.55800299946256,44.825789196617016,44.825789196617016,1821700
2019-03-01,45.254398345947266,45.87945977408017,45.0758088798649,45.67408308029421,636200
2019-03-04,45.388336181640625,45.834808093372004,44.781134109181124,45.397264121098694,953900
2019-03-05,45.44191360473633,45.55799726314992,44.798992919750994,45.3079740662381,885800
2019-03-06,44.45075225830078,45.5669322841224,44.415037086270935,45.415133435639994,836300
2019-03-07,43.84355926513672,44.27217548267641,43.45959298306162,44.17395107475323,1137300
2019-03-08,43.45064926147461,43.49529577441484,42.879165720694225,43.093470345331575,2563800
2019-03-11,43.87926483154297,44.08464152975773,43.53994517930036,43.79889974038843,935900
2019-03-12,44.165016174316406,44.38825220844414,44.031076597626694,44.048935889114304,1086800
2019-03-13,44.209659576416016,44.67399090335355,44.14715376378128,44.37932113040571,1006700
2019-03-14,44.638267517089844,44.72756054548038,44.022134039738816,44.182864215890326,943000
2019-03-15,45.56692886352539,45.575860210595735,44.53111401357143,44.53111401357143,2042600
2019-03-18,45.816959381103516,46.29914656824953,45.611582663070536,45.611582663070536,1227400
2019-03-19,45.30796813964844,46.34378277090513,45.20974378047847,46.17412127549877,1209000
2019-03-20,44.87935256958008,45.54906039988783,44.60254217975805,45.25439072583371,2018600
2019-03-21,44.95972442626953,45.27225683800187,44.27216061434188,44.62040819361478,1419900
2019-03-22,43.14704895019531,44.63826703360246,42.718436287203915,44.504324086156736,2275500
2019-03-25,42.923824310302734,43.50423936075798,42.60236387659285,43.173847578160846,1370300
2019-03-26,44.03107452392578,44.13822686149338,43.245282767036805,43.647108290804546,1452100
2019-03-27,44.406105041503906,44.513257368533736,43.879267941333225,43.95963303818336,1822700
2019-03-28,44.57575607299805,44.77220481317298,44.13821548700363,44.50432233513204,1477700
2019-03-29,44.611480712890625,45.18296431879078,44.46860981141558,44.941872440179324,1782800
2019-04-01,45.727664947509766,45.852676572136815,44.897226690988596,45.093675476151844,1371000
2019-04-02,45.3169059753418,45.816955819272664,45.29011874655812,45.575860541286936,1349600
2019-04-03,45.55800247192383,45.98661517548168,45.35262576436346,45.754451238421126,1065000
2019-04-04,46.19198989868164,46.290214277710675,45.575859802468855,45.65622489382798,1157500
2019-04-05,46.727760314941406,46.888487098245655,46.334862781965995,46.37058135883848,1017200
2019-04-08,46.9152717590332,46.933131045194926,46.43308125159823,46.692035791477444,573600
2019-04-09,46.34379196166992,46.84383838925184,46.20984900781859,46.8170511610059,1318900
2019-04-10,47.12065124511719,47.2367349089226,46.343790985550235,46.60274213453206,1697300
2019-04-11,47.43318557739258,47.83501106925386,47.24566814996102,47.34389253756168,1295200
2019-04-12,48.57615661621094,48.87975772279892,48.058247443550364,48.1118253116463,1436500
2019-04-15,48.46006393432617,48.87974864065321,48.370767504091425,48.665440614400325,1296000
2019-04-16,49.3619384765625,49.38872911027414,48.57615028477567,48.826173490679594,1409500
2019-04-17,48.77260971069336,49.656625939566,48.71903524042402,49.620907355178645,1405400
2019-04-18,48.80832290649414,48.86190077716001,48.44221597272233,48.790463616272184,1054900
2019-04-22,48.51364517211914,49.00476365053671,48.40648944837255,48.85296141171775,972700
2019-04-23,49.05833435058594,49.210136577784134,48.28147414760249,48.46899154033806,2047800
2019-04-24,48.21004867553711,49.02262758968015,48.19218938655131,48.897612566779536,1558700
2019-04-25,48.37971115112305,48.65652504576671,47.942167047500654,48.14754377979316,1009500
2019-04-26,48.692230224609375,48.692230224609375,47.852864177164896,48.37076987264448,892900
2019-04-29,49.02262496948242,49.47802489219103,48.772598343355895,48.80831691941838,1209200
2019-04-30,49.01369857788086,49.20121601170168,48.60294513056535,49.05834509931754,1124400
2019-05-01,48.629730224609375,49.55839281744186,48.620802283238966,49.14763938818133,1173500
2019-05-02,48.70115661621094,49.12976923978546,48.20110685221883,48.51363923208027,1796900
2019-05-03,48.8886833190918,49.29943673585629,48.754740358432905,48.817246165057455,911900
2019-05-06,48.629730224609375,48.879756865024945,47.85286988556253,47.924303635459054,1164800
2019-05-07,47.906455993652344,48.558304827778876,47.7189351295053,48.08504210226983,2200700
2019-05-08,47.96001052856445,49.102980905234894,47.21886894819348,48.218965047258635,2759100
2019-05-09,47.83500671386719,48.04038341182756,46.87955696816376,47.24566384823414,2048800
2019-05-10,48.21004867553711,48.3082696554924,47.156374469552375,47.59391512761574,1117200
2019-05-13,46.638465881347656,47.38853899641856,46.45094845415771,47.272455319739066,2191700
2019-05-14,47.49568176269531,47.888579233486865,46.64738783725449,46.73668085899234,1795900
2019-05-15,47.111717224121094,47.3528124785035,46.50451852450052,46.88848125594967,1228400
2019-05-16,47.86180114746094,48.0582499343499,47.31710812198836,47.44211974771359,1530700
2019-05-17,47.35281753540039,47.81714880754104,46.73668742372136,47.22780592488385,1195300
2019-05-20,47.70106506347656,47.97787891941036,47.0938662999598,47.2635244273516,1897000
2019-05-21,48.27254867553711,48.42434750418492,47.87965117774621,47.977875552193936,2490600
2019-05-22,47.84394454956055,48.129686377329065,47.68321434565184,48.004671347157974,899500
2019-05-23,47.111717224121094,47.379603110975246,46.7902602912551,47.20994159512621,2058500
2019-05-24,47.46889877319336,47.61176966450886,47.23673485217219,47.45997083274709,1354600
2019-05-28,47.183170318603516,47.718935460798946,47.129592441859295,47.41533430520508,1320600
2019-05-29,46.88847732543945,47.174222474551485,46.40629026340538,46.85276216232193,1505000
2019-05-30,46.76344680786133,47.50472961221804,46.45085488225025,47.08496837387988,980500
2019-05-31,45.48628616333008,46.352607640638176,45.46842347847273,46.013223442266124,2469600
2019-06-03,46.1472053527832,46.388346576148955,45.35233432407389,45.450577423255496,1077500
2019-06-04,48.36212921142578,48.36212921142578,46.86169727154271,47.19214853004081,2650200
2019-06-05,48.55860900878906,48.91585598468853,47.8530515121751,48.29960852856959,1216800
2019-06-06,48.65685272216797,48.88013123323167,48.40678188000372,48.74616617076927,761700
2019-06-07,48.06739807128906,48.78188863246636,48.04060573991983,48.6925785899291,943900
2019-06-10,48.16564178466797,48.978375447314505,48.13884945295252,48.6121988170443,869700
2019-06-11,48.59433364868164,48.88906291036,48.21922739595603,48.692576735907764,1082000
2019-06-12,47.710147857666016,48.48715948437427,47.638700509864506,48.48715948437427,847000
2019-06-13,48.31747817993164,48.53182709286208,47.80840334455228,47.942371841003855,893100
2019-06-14,48.3889274597168,48.549688287712684,47.66550373373528,48.210303938947995,555100
2019-06-17,47.969146728515625,48.647915200089926,47.90662902810209,48.397840991476635,1088400
2019-06-18,48.47822952270508,48.71044108350161,47.69229161205764,47.93342940732828,1397600
2019-06-19,48.21923065185547,49.371345225135045,47.90663867985075,48.73723504635267,974500
2019-06-20,49.00516891479492,49.05875698642758,48.13885056863932,48.68364729891867,901600
2019-06-21,48.2728157043457,49.12127476809569,48.2728157043457,48.924788578796154,1510600
2019-06-24,48.210296630859375,48.7461671119344,48.07633156581044,48.362127792933215,1013200
2019-06-25,47.23679733276367,48.52288363014232,47.20107195628995,48.21922474403452,1637100
2019-06-26,47.790531158447266,48.15670778145833,47.174283692490015,47.611911074605544,981500
2019-06-27,48.451438903808594,48.746168185937464,47.90663876917754,47.90663876917754,1287800
2019-06-28,49.38920211791992,49.38920211791992,48.692574307903485,48.81760971924393,1645200
2019-07-01,50.01438903808594,50.90750312805176,49.62142006500653,50.166216798039386,1131300
2019-07-02,49.639278411865234,50.023314302541685,49.380274530769384,49.826831536675506,976200
2019-07-03,50.29125213623047,50.62170337259607,49.69286396593421,49.84469512229223,721600
2019-07-05,50.800331115722656,50.907503854098294,50.25553096795995,50.49667218452508,685500
2019-07-08,50.541316986083984,50.800320841153805,50.28231313101416,50.344830833002156,639700
2019-07-09,50.39842224121094,50.621700736553194,50.05010833359053,50.085833710515566,993300
2019-07-10,50.08583450317383,51.08612122418902,49.91614066357408,50.514528812180345,1377900
2019-07-11,50.64849853515625,50.69315355765497,49.67500405406069,50.41629037398695,1061500
2019-07-12,50.84497833251953,51.12184488835196,50.585974464833654,50.71100987490011,793600
2019-07-15,50.67529296875,51.15757196905579,50.28232060418116,51.15757196905579,961400
2019-07-16,50.76459884643555,51.059324688721475,50.36269687335522,50.82711655258588,1399500
2019-07-17,50.067970275878906,50.70208037553036,50.01438221128999,50.684217687334055,734900
2019-07-18,50.8896369934082,50.90749968283383,49.88041718609806,49.88041718609806,1274100
2019-07-19,50.29125213623047,51.24688387350154,50.29125213623047,50.9164292301763,820900
2019-07-22,50.31804656982422,50.559187776264245,50.05011303165523,50.31804656982422,952200
2019-07-23,50.74674606323242,50.889644191891115,50.45202016341891,50.478812497867374,921800
2019-07-24,51.032527923583984,51.13077099812617,50.13941401968658,50.523453270919205,1060100
2019-07-25,50.621700286865234,51.41657117810907,50.39842179350643,51.014669208671336,1194900
2019-07-26,51.166500091552734,51.23794743743969,50.35376651620197,50.871770846500546,977100
2019-07-29,50.79138946533203,51.24687948847163,50.71100907342265,50.96108329656258,948300
2019-07-30,50.80924606323242,50.95214414205927,50.112618354821386,50.32696376958219,607600
2019-07-31,50.16620635986328,50.89856289565555,49.80002979544673,50.836041787963744,1157500
2019-08-01,48.129913330078125,50.094764828419784,47.84411712016948,50.094764828419784,2002000
2019-08-02,48.004878997802734,48.06739670719659,47.281455408725726,47.861980889622544,1417400
2019-08-05,46.7991828918457,47.120701124473676,46.36155545863745,46.7991828918457,1968100
2019-08-06,47.281455993652344,47.33504406249273,46.24544384478938,47.17428326293126,1391200
2019-08-07,44.718223571777344,45.65599271336419,43.45893280291272,45.65599271336419,3161700
2019-08-08,45.1737174987793,45.647066930648144,44.61105460347087,45.42378838248959,1876500
2019-08-09,44.04838180541992,45.02187619281336,43.92334639167463,44.9414957972686,1361800
2019-08-12,42.97664260864258,43.95013695695803,42.68191677478233,43.521442666914446,1444100
2019-08-13,44.7985954284668,44.94149352365491,42.86053979954298,43.19992064626518,2338300
2019-08-14,43.208858489990234,43.90548635549096,42.78909379823482,43.691137485435505,2175500
2019-08-15,43.289241790771484,43.79831655843153,43.048100573412526,43.521449959176444,1884600
2019-08-16,43.959075927734375,44.58425305560526,43.36068772496675,43.36068772496675,2039500
2019-08-19,44.87004852294922,45.29874283090281,44.43242116716521,44.852185834247884,1488700
2019-08-20,44.369903564453125,44.825390203049295,44.07517431062774,44.34311123481792,1010100
2019-08-21,45.075469970703125,45.2183680912283,44.50387748860244,44.914709159242314,1409800
2019-08-22,45.23622512817383,45.66491943616765,44.8253901019235,45.38805287171019,1303100
2019-08-23,43.771522521972656,45.414852676588225,43.709004804701415,44.76287976293097,1806000
2019-08-26,44.00373840332031,44.3431227637621,43.7983225398046,44.3431227637621,1549400
2019-08-27,43.63756561279297,44.432436801413076,43.208871153996526,44.128777800562176,1166000
2019-08-28,43.49421310424805,43.63755126221608,43.06419863034396,43.162744254719094,1189100
2019-08-29,44.36320114135742,44.631959751473396,43.91526898534709,44.06756427801405,1020100
2019-08-30,44.18402862548828,44.873844571919435,44.16611092873603,44.676753325095895,894000
2019-09-03,43.9869499206543,44.12133097588661,43.53901762648286,43.86152942507865,1488700
2019-09-04,44.416954040527344,44.76634057392997,44.24673763480217,44.676752092640115,1059700
2019-09-05,45.644287109375,46.00263078158056,45.17843725980177,45.17843725980177,1032600
2019-09-06,45.71595764160156,46.05638705859711,45.474073851956156,45.61741201425143,775600
2019-09-09,46.50431442260742,47.077667012358425,46.110135371516364,46.217638127731924,1352300
2019-09-10,47.543514251708984,47.579349640975835,46.73723508045893,46.755152775092355,1614300
2019-09-11,47.77644348144531,47.94665646361004,47.16725550034387,47.50768146467332,1186400
2019-09-12,48.24230194091797,48.49314632469631,47.54352872475027,47.83916565002236,1543200
2019-09-13,49.05752182006836,49.54128930561122,48.663342804506044,48.7798061067554,1335000
2019-09-16,48.815643310546875,49.08440189558416,48.331875807009276,48.55584186411548,789700
2019-09-17,48.67231750488281,48.976908138981614,48.063129401781836,48.52897591125747,1123500
2019-09-18,49.129207611083984,49.272545789409655,48.06313012337757,48.3498064800289,1242900
2019-09-19,49.03065872192383,49.46067322839038,48.887320553101645,49.057533560624385,1287600
2019-09-20,49.09336471557617,49.51442204524745,48.88731632928738,49.10232527266985,1621900
2019-09-23,49.41587448120117,49.71151133956005,48.78876878986959,48.78876878986959,1194400
2019-09-24,49.06648254394531,49.8548439952224,48.9141838531818,49.55025003114608,989700
2019-09-25,48.878360748291016,49.24566499946656,48.23333731502613,48.77085456444598,1255500
2019-09-26,48.64544677734375,48.887330627851,48.29606013242846,48.815663237396386,1865800
2019-09-27,49.05752182006836,49.55920699960733,48.726053024767076,49.20085995458654,757300
2019-09-30,48.77085494995117,49.34421101596941,48.61855964781056,49.34421101596941,831800
2019-10-01,47.57038879394531,49.30836757079736,47.22100229435776,49.1112763484861,1378300
2019-10-02,46.154937744140625,47.28372546874017,45.8593008296909,47.0239273706061,1397400
2019-10-03,45.93992233276367,46.217641508876234,45.16052131264295,45.85033726560543,1471800
2019-10-04,47.19413757324219,47.25684780878663,46.04743221762768,46.083264196901986,782700
2019-10-07,46.54911422729492,47.238930237592385,46.53119652888377,46.9074613606149,589700
2019-10-08,45.39345169067383,46.16389569246322,45.37553740838031,45.9847255299137,754200
2019-10-09,45.94887924194336,46.40576851609872,45.63532469688096,45.85929076444654,572700
2019-10-10,46.45056915283203,47.03288239711022,46.31619153931124,46.414737173030765,923400
2019-10-11,47.18517303466797,48.036244839124464,47.12246280441392,47.44497451283544,954300
2019-10-14,47.21205139160156,47.42705691938383,46.76411922169538,46.76411922169538,405900
2019-10-15,47.480812072753906,48.14375321669361,47.13142551184096,47.20309288506473,745400
2019-10-16,47.51665496826172,47.910834126839354,47.265810578756,47.31060653872441,658300
2019-10-17,47.42705535888672,47.919783463532234,47.18517158500196,47.83915553890398,668000
2019-10-18,47.462886810302734,47.83915156647432,47.31954866924948,47.31954866924948,624300
2019-10-21,48.448341369628906,48.51105159514273,47.97353098258724,48.01832351260412,598300
2019-10-22,48.28709030151367,48.78877215522309,48.13479158345808,48.394593067672645,552600
2019-10-23,48.86940383911133,48.88732153775643,48.098959884630034,48.098959884630034,616700
2019-10-24,48.905235290527344,49.26358239961323,48.54688818144146,49.048573450671434,406800
2019-10-25,48.367713928222656,48.77085011982296,48.24229005850034,48.66334736322628,1060700
2019-10-28,49.29045867919922,49.72047317221611,48.76189855742716,48.869401326318524,956700
2019-10-29,49.08441162109375,50.007150865617184,48.34980308162726,49.22774978934449,1647500
2019-10-30,48.878360748291016,49.03961660660724,48.35875777872734,48.93211042276221,701300
2019-10-31,48.34084701538086,48.81565751850776,47.87499707091867,48.582730837550756,1280600
2019-11-01,49.23670959472656,49.46067570833152,48.726067129103384,48.86044816424703,887300
2019-11-04,49.81005859375,50.12361317994488,49.56817821640587,49.72943066215148,1219100
2019-11-05,50.31174087524414,50.7686301820373,49.79214133844901,50.13256732490225,1171700
2019-11-06,51.61970138549805,52.85599510934881,49.99818914643085,50.37445052208694,1630600
2019-11-07,51.7899169921875,52.07659329799586,51.25239635570846,51.9511728413861,1588700
2019-11-08,51.440528869628906,52.15722307708354,50.99259669869539,51.83471136721921,1023900
2019-11-11,51.368865966796875,51.377823107315976,50.90301605841787,50.96572629440624,595400
2019-11-12,51.718257904052734,51.8615960893755,51.33303589022555,51.36887129091922,760400
2019-11-13,51.44949722290039,51.646588501560544,51.153860304910154,51.36886928321685,561400
2019-11-14,51.61075210571289,51.76304742359013,51.395743131557815,51.40470368993395,533100
2019-11-15,51.888465881347656,52.11243198770869,51.610750096628976,51.763045408577725,682500
2019-11-18,51.736167907714844,51.915341467076,50.86717836615666,51.8526312339173,773200
2019-11-19,51.736167907714844,52.21097493518821,51.60178688383113,51.843670676350975,838000
2019-11-20,51.530120849609375,51.7092944136265,51.08218864829231,51.395739822233665,674600
2019-11-21,51.25239181518555,51.798869542672975,51.21655642577142,51.7451164585518,605400
2019-11-22,51.82575607299805,51.87055202860149,51.315113619673554,51.315113619673554,793400
2019-11-25,52.17514419555664,52.30952180517816,51.75408683368263,51.86158960487014,852400
2019-11-26,52.09451675415039,52.16618412980086,51.66449883044153,52.103473894562384,909400
2019-11-27,52.39989471435547,52.67833213772312,52.25618585016659,52.31007795909601,583700
2019-11-29,52.34599685668945,52.651378587839424,52.18432397394599,52.33701655266558,273000
2019-12-02,51.87894058227539,52.81304978016366,51.869960278538954,52.561560160074166,748500
2019-12-03,50.980770111083984,51.304115933827255,50.54964348952289,51.24124351565938,638800
2019-12-04,51.50172424316406,51.85201445884642,51.15143402748171,51.402923735912054,866200
2019-12-05,51.43883514404297,51.95977843213119,51.23225388960374,51.69930850123168,678600
2019-12-06,52.22924041748047,52.57953055247821,52.10349216593941,52.211276381546035,772900
2019-12-09,52.28313064575195,52.37295082808141,51.91487646392525,52.09451340229454,853500
2019-12-10,51.986732482910156,52.319058590994004,51.87894826437787,52.121457616641095,766100
2019-12-11,51.528656005859375,52.202291925746344,51.10651315927372,52.00469438578967,586800
2019-12-12,52.471744537353516,52.67832923036997,51.46578254355109,51.48374657886946,1043200
2019-12-13,52.022666931152344,52.74121481825874,51.86099742547268,52.597505926095515,647200
2019-12-16,52.25618362426758,52.81305502099285,51.887929461326586,52.319056035529,980100
2019-12-17,52.62443161010742,52.96574139281297,52.076540582321655,52.310069590700365,1213900
2019-12-18,55.46269226074219,56.917744928302604,55.22916664300121,55.974655299815105,3905700
2019-12-19,55.27408218383789,55.52557187035047,54.42978950547708,55.22917380071636,2874700
2019-12-20,54.914794921875,55.86686817362968,54.65432156625968,55.462685971173016,1854600
2019-12-23,54.17829132080078,54.97767206436277,54.043562766279095,54.90581934789682,901100
2019-12-24,54.24116134643555,54.429778573436835,54.016616049637065,54.05254411943426,229300
2019-12-26,54.456729888916016,54.80702002655047,54.26810922332939,54.348945672498076,740800
2019-12-27,54.34893798828125,54.6992315026784,53.93577549596345,54.48366652661008,761500
2019-12-30,54.37588882446289,54.65432279418596,54.12439576712332,54.59145038642338,802600
2019-12-31,54.771087646484375,54.851924089295004,54.30403302427731,54.411817232217665,927100
2020-01-02,54.96869659423828,55.17527788339503,54.39386110679518,54.96869659423828,1365100
2020-01-03,53.92680358886719,54.65432821551073,53.720222310543114,54.411822290822606,993200
2020-01-06,53.5316047668457,53.6932776769342,53.21724267850127,53.31604317092089,1379800
2020-01-07,53.36992645263672,53.971709651761984,52.9118555379624,53.666327899882624,1944900
2020-01-08,53.11844253540039,54.12440465100779,53.11844253540039,53.44178835770379,1704200
2020-01-09,55.911773681640625,56.40577260320857,54.38486512073963,54.8339556723994,3551100
2020-01-10,55.45370864868164,56.09141647668304,55.20221558347102,55.911779551900985,1849600
2020-01-13,56.00160598754883,56.29800747865014,55.51659066092205,55.52557096688424,1710000
2020-01-14,55.58842849731445,56.33392046521291,55.489628026745834,56.05548308690945,1428800
2020-01-15,55.03157424926758,55.66030190835747,54.968701825987594,55.26509990340892,1015800
2020-01-16,55.74113464355469,55.88484351948431,55.16629571354632,55.16629571354632,1082600
2020-01-17,56.324947357177734,56.39680350433799,55.768075921844506,55.84891237425495,914500
2020-01-21,56.30697250366211,56.72911872140893,55.86686567886519,56.10937498950981,1957400
2020-01-22,56.324947357177734,56.78302172960014,56.09142173148628,56.621348824779254,1112400
2020-01-23,55.786041259765625,56.25309594833161,55.26509445957249,56.07345900253089,1623000
2020-01-24,55.21119689941406,56.02854161644955,54.609413741657605,55.89381307218326,1101000
2020-01-27,54.18727493286133,54.59145374296036,53.44178287171261,53.89087348407995,1048700
2020-01-28,54.47468566894531,54.97766489750732,54.052539451011604,54.44773790578019,1093800
2020-01-29,54.321998596191406,55.265088171477736,54.313018291753544,54.68127244691447,963300
2020-01-30,55.03157424926758,55.175283134806115,53.90884751028209,54.03459235684205,904500
2020-01-31,53.64836502075195,54.8070196419424,53.51363989060928,54.53756595536752,1472800
2020-02-03,54.250152587890625,54.833968384621606,53.95375111046136,53.95375111046136,835400
2020-02-04,55.12138748168945,55.399824928559795,54.86091749893512,55.17527959516787,1041400
2020-02-05,56.31596374511719,56.58541742856675,55.5345470352266,55.77705295192858,1138600
2020-02-06,56.10039520263672,56.7560670472971,55.92974201335446,56.549485788811445,1106900
2020-02-07,55.99262237548828,56.10040317212029,55.59742383697774,55.64233221671693,1174200
2020-02-10,55.90280532836914,55.929749670816065,55.32796642128009,55.80400483767743,945600
2020-02-11,55.66028594970703,56.54948335331467,54.1064329996192,55.615374151992434,1922700
2020-02-12,55.23814392089844,56.783016684692264,55.23814392089844,55.911779822372814,1034700
2020-02-13,56.17225646972656,56.369854015807945,54.69923976078924,54.97767375681424,1735500
2020-02-14,56.20818328857422,56.33392811317317,55.5165833269905,56.172255216891806,890600
2020-02-18,55.80400466918945,56.36985641660484,55.435750476271146,55.96567757596234,1102400
2020-02-19,56.10939407348633,56.26208326936812,55.77706448311386,56.00160983679192,1112100
2020-02-20,57.14228820800781,57.31294483248662,55.723163663296006,55.884836556860435,1371300
2020-02-21,56.75606918334961,57.187195751148366,56.00159683312943,56.7650529141332,1499400
2020-02-24,53.8280029296875,55.66927381866532,53.091494574096366,54.959709804333265,3702200
2020-02-25,52.022666931152344,53.908849995371256,51.80710530605263,53.8010691828214,2372500
2020-02-26,51.447811126708984,52.61544927084866,51.29512198784423,52.39090400102009,1802900
2020-02-27,49.709781646728516,51.47483826213236,49.43962048074394,50.09701391091112,3011400
2020-02-28,47.40439987182617,48.91730654307898,46.774021519589894,48.05278942673042,3633200
2020-03-02,50.2411003112793,50.286126599922845,47.28732836932094,47.61152314401148,2796400
2020-03-03,48.63813781738281,50.75440774418898,48.349965446672414,49.844860907964716,2777500
2020-03-04,49.93491744995117,50.259112229256786,48.70117926006984,49.646745076187436,2248200
2020-03-05,48.01676559448242,49.079402473314644,47.43141354866812,48.04378068003874,2290100
2020-03-06,46.90911102294922,47.57551188282027,45.77443256296856,46.179672661706256,2853800
2020-03-09,42.5324821472168,44.630740928559646,40.38919707584085,42.586515756427964,4053500
2020-03-10,43.99134826660156,44.67576013359451,42.262314269475524,44.50465544920368,3001400
2020-03-11,41.24471664428711,42.802649877974716,40.48826317590777,42.70358996355932,3915000
2020-03-12,36.52587890625,38.95733251176394,34.64375144316419,38.173864204104675,4350200
2020-03-13,39.677764892578125,39.76781745322554,36.597918537389845,38.85827422366073,3605100
2020-03-16,35.22910690307617,37.12024205515789,34.22050354980408,34.22950743394932,3549400
2020-03-17,34.62575149536133,36.823067084984984,33.44604327403205,35.985564905045756,3624900
2020-03-18,31.861085891723633,32.73460679999047,27.052205213742248,32.25732200293306,4122300
2020-03-19,30.27613067626953,32.005167939870674,29.699786066830768,31.419816013561704,2629500
2020-03-20,28.754228591918945,31.03259259260409,27.979764016194206,30.78044261363727,3609200
2020-03-23,27.340377807617188,29.042396790829446,26.791048202393057,28.231911642520878,2091800
2020-03-24,31.2307071685791,31.329767053816237,28.529088925174577,29.006373715551433,3476000
2020-03-25,34.33756637573242,36.45383247401689,31.059603691535283,32.13124428128127,3553800
2020-03-26,36.895103454589844,37.54348954173008,34.50867246755056,35.220099478513724,2095500
2020-03-27,35.73340606689453,36.651956728824175,34.95894158123118,35.039990270086314,1394500
2020-03-30,37.345375061035156,37.6155362304652,34.337572921399854,35.51727749614437,1461000
2020-03-31,36.516876220703125,37.552498025000446,36.17467024711049,37.13825067739575,1741200
2020-04-01,34.04039001464844,35.08501562363857,33.797243954544875,34.78783939592443,1957700
2020-04-02,33.7612190246582,35.715387607876735,33.15785592239126,33.500061809717515,1865100
2020-04-03,33.292945861816406,33.83326817873588,32.32036156901874,33.617140626082296,1675900
2020-04-06,36.120643615722656,36.40881601058676,34.949942832176504,35.22910790735277,1858200
2020-04-07,36.90410232543945,38.822252111898194,36.74200496684942,38.732196115300944,2013300
2020-04-08,39.26352310180664,39.299545508363224,36.714997955429176,37.30034660318773,1930600
2020-04-09,41.1096305847168,42.172267496308784,40.001963948762004,40.50626731816883,1789000
2020-04-13,40.236106872558594,41.32575889015046,39.56970610225212,41.30774768713831,1583600
2020-04-14,40.560298919677734,41.60492457690314,39.69578184513646,41.20868500794094,1286400
2020-04-15,38.25491714477539,39.25451652889096,38.1918796552623,38.768224379545195,1930500
2020-04-16,37.24630355834961,38.82224723013955,36.97614247309968,38.02076785527477,1529100
2020-04-17,39.19148635864258,39.3986100679081,38.13785317162057,38.9123178277441,1446800
2020-04-20,38.56109619140625,38.93031720184991,37.579508124331376,38.1378415811592,1032900
2020-04-21,37.0391845703125,38.15585144486207,36.85006869526611,37.26431940868129,1236200
2020-04-22,37.32735824584961,38.10182266764389,37.084212199336164,38.011766667850864,1235300
2020-04-23,37.0842170715332,38.16486516403113,37.030183464558355,37.59752431429474,853300
2020-04-24,37.588523864746094,37.876696257700665,36.83207047441887,37.61553895305874,824000
2020-04-27,38.75020980834961,39.01136706236061,37.867681596612464,38.07480524918785,1139900
2020-04-28,39.51567459106445,40.587315369373705,39.101423806377184,40.010970633634756,1228900
2020-04-29,40.992557525634766,41.37078245814826,40.51527270071474,41.02857992928905,1119500
2020-04-30,40.677371978759766,41.29874649974948,39.92992589902503,40.182075887086974,1510600
2020-05-01,39.58772277832031,39.93893269739808,39.17347535762787,39.73180898705186,1064800
2020-05-04,39.758811950683594,39.992950659994236,38.48004434284671,38.9303139983005,977200
2020-05-05,39.425621032714844,40.79444158292652,39.03838874517469,40.209092927199784,1278400
2020-05-06,37.66056442260742,41.532883874214775,37.417418327247674,41.532883874214775,2747200
2020-05-07,39.40760803222656,40.317154874615184,38.10182847153277,38.245914657864496,1583700
2020-05-08,40.42521667480469,40.596321374448785,39.80384567081085,40.10102191262165,731100
2020-05-11,38.70518493652344,40.00196050070975,38.70518493652344,40.00196050070975,1362200
2020-05-12,37.2012939453125,38.957343503590224,37.19228662510865,38.81325729790369,1232300
2020-05-13,35.77842712402344,37.723591936984974,35.32815745958526,37.039183558564304,1935000
2020-05-14,36.390804290771484,36.453841786549276,34.14845922502211,35.148058708478366,1463100
2020-05-15,36.714996337890625,36.72400022149021,35.68838184325749,36.0035692985271,957500
2020-05-18,38.75921630859375,39.11042612230335,37.822654515178044,38.02977816338409,1426900
2020-05-19,37.69658279418945,38.660159753042244,37.69658279418945,38.543088659968085,1090000
2020-05-20,38.56109619140625,39.07440336604048,38.24590878076597,38.57010350901604,902800
2020-05-21,38.20087814331055,38.705181423475175,37.750608461648035,38.56109526275458,1075400
2020-05-22,37.90370559692383,38.47104641243863,37.5254772414855,38.31795291955383,768200
2020-05-26,40.20909881591797,40.587323839445425,39.01137937084171,39.4616492190142,1643300
2020-05-27,41.965145111083984,42.30735113013951,40.875492990336106,41.85708131806657,1585300
2020-05-28,41.18817901611328,42.407831980304444,41.01652520116454,42.407831980304444,958700
2020-05-29,40.700313568115234,41.206245463287594,39.96852322000235,40.619003146505015,2111000
2020-06-01,41.69410705566406,42.06452042436613,40.275694635533284,40.772590113590354,1012300
2020-06-02,42.07355499267578,42.65176091262654,41.847693089796316,41.91093414689224,1018500
2020-06-03,43.69071960449219,43.87140978530252,42.714994695943524,42.82341087225685,1185800
2020-06-04,45.018798828125,45.045901155249815,42.8053513582759,43.46486774055465,1440400
2020-06-05,47.07865524291992,47.90982538516878,46.86182630133638,47.44906862307502,2151400
2020-06-08,48.23507308959961,48.37059162578681,47.512315604820145,47.765279862898076,1388200
2020-06-09,46.44623565673828,47.09671895705286,45.949340222944066,47.015408544513534,1390400
2020-06-10,45.35306930541992,46.337827307649526,44.92844783904103,46.337827307649526,1525200
2020-06-11,42.23617172241211,44.12437718432803,42.10065321533948,43.139619245886166,2240900
2020-06-12,43.23900604248047,43.889489467794974,41.80252410916384,43.889489467794974,1073400
2020-06-15,42.71500015258789,43.26610372358999,41.39596752301566,41.57665772690833,1820200
2020-06-16,43.34741973876953,44.53997041347773,42.859557159194516,44.53997041347773,1072900
2020-06-17,42.16389465332031,43.392583847944515,42.100653601806904,43.32030983752012,1303000
2020-06-18,42.407840728759766,42.7692212463783,41.38694714229046,41.52246225161239,1443200
2020-06-19,42.028385162353516,43.401626006231965,41.233350264028246,43.401626006231965,2621500
2020-06-22,41.7031364440918,41.99223936825635,40.980379133680415,41.56761794059898,1547200
2020-06-23,42.23617172241211,42.742103576253946,42.10968962054635,42.498172331350496,1130000
2020-06-24,40.953285217285156,41.68507563648759,40.55576603018318,41.558593512002204,1615100
2020-06-25,42.16389465332031,42.30844956692676,40.48348513919126,40.637069565329874,1287900
2020-06-26,40.844871520996094,41.94707886725087,40.71838938874646,41.423077523497085,2394600
2020-06-29,41.21528625488281,41.54052800312849,40.781631739348484,41.31466606088896,1003600
2020-06-30,42.145835876464844,42.398800125379395,41.13397198804782,41.21528241753884,1197800
2020-07-01,41.332725524902344,42.714999177320124,41.242382148208215,42.20907075362677,1029200
2020-07-02,41.341766357421875,42.561422853345526,41.278525292416155,42.136801319981785,1418800
2020-07-06,42.57948684692383,42.8685898065672,41.99224452155997,42.380727269776834,974700
2020-07-07,42.12775802612305,42.26327308373374,41.84768805952166,42.25424012511119,1229900
2020-07-08,42.5252799987793,42.90472979844452,41.86576363732085,42.209074704374295,1238800
2020-07-09,40.94424819946289,42.23617864550638,40.727422688260546,42.20907631820092,1174200
2020-07-10,41.97417449951172,42.0735542865314,40.89003669461018,40.95328119702376,1012100
2020-07-13,42.34458923339844,42.98603966661831,42.34458923339844,42.55238177365475,1221900
2020-07-14,43.004112243652344,43.04025098139037,41.97418234277661,42.37170156513547,1175800
2020-07-15,44.38637161254883,44.53995601589126,43.41968317275141,43.79912942551153,1206900
2020-07-16,44.53092956542969,44.874237145318205,43.627482035742155,43.889482646482456,813200
2020-07-17,44.53997802734375,44.829081061761514,43.8985308851281,44.76583998838138,1221800
2020-07-20,43.826229095458984,44.558022684034114,43.72685278267994,44.32312789124475,978800
2020-07-21,44.47671890258789,44.91037327821103,44.024995163849795,44.03403156859658,1409500
2020-07-22,44.48576736450195,44.82907501759844,44.061145832159994,44.061145832159994,962300
2020-07-23,44.61224365234375,44.83810555335305,44.22376090689742,44.37734534532178,883700
2020-07-24,44.44058609008789,44.73872545159033,44.323140383780036,44.73872545159033,617800
2020-07-27,44.37734603881836,44.50382815393948,43.46486546088801,44.25990032985112,776100
2020-07-28,44.1605224609375,44.512866495920676,44.07017562736533,44.151486054390624,554500
2020-07-29,45.14527893066406,45.27176104676181,44.27796659128961,44.35024405556214,994200
2020-07-30,44.44058609008789,44.6122433393332,43.80817552880227,44.27796524679185,979900
2020-07-31,44.63032150268555,44.70259553263145,44.097287177112975,44.53997465727848,984300
2020-08-03,45.334999084472656,45.37113781420126,44.52189489747376,44.82906720740901,1056500
2020-08-04,44.69355392456055,45.208518781423095,44.63934582780377,45.17238005025191,987500
2020-08-05,45.759620666503906,45.86803340960376,44.910377747481284,45.253688788072964,1435300
2020-08-06,44.80196762084961,45.39824291229019,43.80817661724169,45.20851973919073,1660400
2020-08-07,45.904170989990234,46.075824782798385,44.223758005314615,44.52189390296865,994900
2020-08-10,46.55464553833008,46.852784848163,46.01257845220647,46.15712990493133,1176900
2020-08-11,46.96120834350586,47.82851725871398,46.879897917306394,47.42196857409592,1576600
2020-08-12,46.76244354248047,47.66589108998602,46.44623827940509,47.58458067285537,929400
2020-08-13,46.88893508911133,47.15996869874043,46.27459040254972,46.59079570605378,1017300
2020-08-14,47.12382125854492,47.611683733567986,46.455268595026794,46.60885646148014,630400
2020-08-17,46.27458572387695,47.168996889859926,46.18423889888238,47.15092752486101,476600
2020-08-18,45.95838165283203,46.69920846079794,45.89514059213099,46.54562401234665,836000
2020-08-19,45.8589973449707,46.599827526402365,45.786723331159685,46.23844711821029,596300
2020-08-20,45.8589973449707,46.12099796859101,45.10010124487053,45.4253429229676,668300
2020-08-21,45.244659423828125,46.06679663761643,45.20852069113037,45.696383243412455,659100
2020-08-24,47.08768844604492,47.123827177558894,45.443414072329375,45.488585763532285,1186100
2020-08-25,47.11479568481445,47.7291403541635,46.861828002719456,47.44003393942933,756500
2020-08-26,46.599822998046875,47.03347737790945,46.55464786662853,46.97926928803463,638800
2020-08-27,47.105751037597656,47.5574747774233,46.536578160431326,46.76244003034415,1060300
2020-08-28,47.42287063598633,47.721866684786995,46.91547910743966,47.40474913964659,1107700
2020-08-31,47.033267974853516,47.44099300922905,46.6708449540037,47.42287151255435,1439300
2020-09-01,46.263126373291016,46.76145546700419,45.74667578172907,46.25406389620547,2115200
2020-09-02,47.069515228271484,47.359452288663526,46.19970404709537,46.43527661254301,1117800
2020-09-03,46.04568099975586,47.948393719551525,45.83728891759333,47.31415845050164,945000
2020-09-04,46.009437561035156,46.951734889444765,45.38426132046955,46.77052333300862,1424300
2020-09-08,44.49631118774414,45.65605916770082,44.44194670506307,45.583576647114334,1500000
2020-09-09,44.451019287109375,45.11243842333455,43.82583969125638,44.73189387068632,1273700
2020-09-10,43.68994140625,45.06714441861026,43.626517878918925,44.69566227724699,1668400
2020-09-11,44.32416915893555,44.48725918906429,43.31845191490487,43.780538029388026,1161800
2020-09-14,44.49631118774414,44.87685219754682,44.3150997017955,44.75906766955358,813900
2020-09-15,43.30939865112305,44.478209630257346,43.273155646423575,44.46008812790761,999500
2020-09-16,43.54496765136719,44.25168884658264,43.20066607530109,43.427179633390416,1525400
2020-09-17,43.336570739746094,43.50871978034016,42.67514818262914,42.86542217692199,1464200
2020-09-18,43.21878433227539,43.75335642751354,42.9650868159493,43.42717637532452,2127200
2020-09-21,42.385215759277344,42.97415239111047,41.68755358765071,42.403337258630025,3055000
2020-09-22,42.43958282470703,43.01945701378186,42.02279868334985,42.62079437287362,1365000
2020-09-23,41.7509765625,43.236904803795795,41.651310053772704,42.54830171967387,930300
2020-09-24,41.63318634033203,42.348969904621114,40.92646179620772,41.41573183683484,932600
2020-09-25,42.22212219238281,42.43051768935909,41.19828348695096,41.33418953625279,952300
2020-09-28,43.47248458862305,43.82584521008657,42.66609682039648,42.928853395036526,1090800
2020-09-29,43.1281852722168,43.67181995090237,42.720463583606396,43.463427867119286,751600
2020-09-30,43.42717742919922,43.789600486276015,42.9016643420701,43.23690687957899,1576300
2020-10-01,43.41811752319336,44.813441882356685,43.08287842215267,44.1792032230713,1545200
2020-10-02,43.617454528808594,43.880211111831045,42.59361217669133,42.729521707585135,1699300
2020-10-05,44.65940856933594,44.831557608496055,44.04329148895358,44.20638150766198,1370800
2020-10-06,45.076202392578125,46.42622484933894,44.65941823514918,45.11244539487358,1415000
2020-10-07,44.67752456665039,46.08190759369228,44.278858589407854,45.574516102802576,2531900
2020-10-08,45.72856140136719,45.764800946382984,44.88593063001947,45.03089917905119,1093600
2020-10-09,44.59599304199219,46.21782758636492,44.54162854058151,45.90070996894302,1706200
2020-10-12,45.11244583129883,45.78292409863642,44.64129716586873,45.04902230482968,1290200
2020-10-13,44.278873443603516,45.16680625829323,44.161088871106735,45.07620220924603,1716800
2020-10-14,45.00371551513672,45.40238162000871,44.26981374266394,44.26981374266394,1007900
2020-10-15,45.71949005126953,45.72855252800709,44.26980484225542,44.43289486030977,829200
2020-10-16,46.03661346435547,46.317488044047494,45.50204136763285,45.85540193971143,794400
2020-10-19,45.846343994140625,46.70709622903829,45.77386145091195,46.20876707925207,959600
2020-10-20,46.19971466064453,46.779588914644236,46.02756211526618,46.34468322414446,654800
2020-10-21,46.02755355834961,46.67085122326578,45.946008540520616,46.23594561361868,1539000
2020-10-22,47.39569854736328,47.56784760871869,45.93695066768429,46.181585727287846,979200
2020-10-23,47.60409164428711,48.247389339293576,47.44100160100058,47.62221314424369,1418100
2020-10-26,45.83727264404297,46.92453815062553,45.583578626491686,46.8882951605977,931700
2020-10-27,44.38759231567383,45.97318700624458,44.30604730762016,45.8553990043177,1469200
2020-10-28,43.6083869934082,44.65940966400094,43.20972095731705,43.77147701611417,1842900
2020-10-29,43.490596771240234,43.961745317687324,42.69326819599731,43.345628253588984,1285400
2020-10-30,43.42717742919922,43.75335748930385,42.76575828790812,43.36375391265914,909000
2020-11-02,44.18827438354492,44.614121066056576,43.68088266515493,43.98894130554826,1244000
2020-11-03,45.32083511352539,45.710438727105775,44.605051408917454,44.84968647718812,1415700
2020-11-04,45.737613677978516,46.5530638062179,43.88926235818414,44.704712486423524,1959800
2020-11-05,46.06380081176758,47.40476076279958,45.48392661200486,45.71949920953739,1979100
2020-11-06,45.50204086303711,46.5258795717257,45.293648821720254,46.417154040673935,1436000
2020-11-09,48.41047286987305,49.79673459499071,47.613144260662374,48.97222546766314,2599900
2020-11-10,48.96316909790039,49.144380626575625,47.89402488067121,48.6188675390497,1459800
2020-11-11,49.22591781616211,49.76954885944372,48.51013429266123,49.15343183368623,1422600
2020-11-12,47.95745086669922,49.10814015826779,47.622211767997385,48.51014450227305,1256400
2020-11-13,50.14104461669922,50.38567969009873,48.24739100970845,48.24739100970845,1793300
2020-11-16,50.82058334350586,51.34609301455549,50.24976819461036,51.2645514496074,1239600
2020-11-17,50.829647064208984,51.101466131121605,50.05044323553823,50.313196367191814,1234100
2020-11-18,51.3823356628418,52.15248384875857,51.18300607823874,51.327974619914905,1475600
2020-11-19,52.134361267089844,52.523964862819774,50.557825384796324,51.128640517941534,2414500
2020-11-20,51.953155517578125,52.16154759910895,51.42764234616066,52.08000257100358,1166900
2020-11-23,53.20350646972656,53.257867512479486,52.351813265822415,52.46960128565818,1570900
2020-11-24,54.77096939086914,55.305541432062746,53.27597878825188,53.982703315319924,1998700
2020-11-25,54.04613494873047,54.363252539347656,53.39377481223509,54.29076654359372,1056500
2020-11-27,53.89171600341797,54.20963304010834,53.70096231636792,54.164216815586265,727200
2020-11-30,52.3475456237793,53.71005329305491,52.20221161099134,53.63738455414284,1388900
2020-12-01,54.055213928222656,54.34588538936949,52.71087357995032,53.61921193405615,1570700
2020-12-02,54.027957916259766,54.1187938189731,53.48295636012129,53.90079111749648,974400
2020-12-03,54.600223541259766,54.9998912027507,53.81905193763265,54.04613654496443,1171400
2020-12-04,53.96438980102539,55.26331412491516,53.9098882439611,54.9453970379644,1943700
2020-12-07,52.647300720214844,53.93714324328279,52.1477152183722,53.71005860926009,1584600
2020-12-08,53.04695510864258,53.12870568962476,52.274865518247445,52.274865518247445,897700
2020-12-09,53.11054229736328,54.00071342875894,52.9197886181076,53.24679096536227,1196800
2020-12-10,53.44662857055664,53.80996529601322,52.492873997527894,52.66545703635007,1154900
2020-12-11,52.411128997802734,53.401218041988706,51.89337636107611,52.719964207870916,890600
2020-12-14,52.22037887573242,53.464801578700744,52.20221169097657,53.137799183167765,1015200
2020-12-15,52.193119049072266,52.65637353281191,51.648117442945775,52.583704803976005,735200
2020-12-16,52.15678405761719,52.71087098070469,51.90245043982056,52.620038535787515,801000
2020-12-17,52.01145935058594,52.247629293583145,51.312041776801706,52.111377136851196,1217700
2020-12-18,50.92145538330078,52.538296735457436,50.76703604307485,52.23854338003806,1971800
2020-12-21,50.87603759765625,51.103122221483574,49.54078236577636,50.77612327380279,1348700
2020-12-22,50.36736297607422,51.275701340061,50.28561238471397,50.81244683400765,1408200
2020-12-23,51.757110595703125,51.81161213551123,50.63985501740146,50.67618937727353,812300
2020-12-24,52.13861846923828,52.965206162444076,51.629947786867206,52.80170499543321,614000
2020-12-28,52.74721145629883,53.292213119020424,52.147708241290644,52.483792484467756,1123000
2020-12-29,52.45654296875,53.03787899443081,52.39295955750591,53.03787899443081,844000
2020-12-30,52.937957763671875,53.80996521037267,52.46562140734439,52.692705994134386,816100
2020-12-31,53.41938018798828,53.81904781889289,52.82895886809579,52.93795850106325,796300
2021-01-04,52.74721145629883,53.755467650866244,52.27487506492328,53.45571431084412,1051400
2021-01-05,52.78354263305664,53.51929448674168,52.02962013133865,52.57462522614386,833300
2021-01-06,55.417728424072266,56.1262347855416,53.528386211905364,53.710054598565094,1883100
2021-01-07,55.517635345458984,56.707559753433415,55.49946816384461,56.153472841819635,1410800
2021-01-08,54.49121856689453,55.38138972470973,53.90987911839052,54.509382284471606,845600
2021-01-11,54.318634033203125,54.945389728436226,53.728216169548475,53.86446484652913,625800
2021-01-12,54.600223541259766,55.09072712470509,54.173303370664456,54.636557910041525,1185800
2021-01-13,53.99163055419922,55.05438823098229,53.946214329472866,54.56388468785165,1138600
2021-01-14,54.400390625,55.29056191325004,54.26414193299304,54.33680720905616,816900
2021-01-15,54.055213928222656,54.52755028816199,53.63737911694257,53.85538184654374,827000
2021-01-19,54.427635192871094,54.99080749495294,53.428464340205636,54.28230118766455,1082600
2021-01-20,53.86445999145508,54.96354849253118,53.82812562818754,54.48213030686087,863900
2021-01-21,53.05604553222656,54.17330134266978,53.04696367288917,53.81904992289949,949400
2021-01-22,52.483787536621094,52.94704202479414,52.093201777979395,52.556456266152445,1079600
2021-01-25,51.78437423706055,52.492880594234286,51.53004057630068,52.22037974841496,1355700
2021-01-26,51.411949157714844,52.229455057675395,51.29386766719285,52.14770446767934,1050500
2021-01-27,50.04036331176758,51.25753692381325,49.87686212022144,50.65803370982276,1401100
2021-01-28,51.54820251464844,51.69353651529535,50.14936059277447,50.45819577727865,1165100
2021-01-29,50.37644577026367,51.4573706610967,49.84052598696146,51.35745288479758,1683600
2021-02-01,51.103118896484375,51.1394532655414,50.38553416530699,50.80336901435431,984000
2021-02-02,51.484619140625,52.45654092030042,51.44828477417981,51.78436900120805,817400
2021-02-03,51.82070541381836,51.99329192872971,51.139451608733005,51.42103776224793,903500
2021-02-04,53.137794494628906,53.41938063594499,51.97512249313056,51.97512249313056,1283500
2021-02-05,52.66545867919922,53.45571209692729,51.88428712062474,53.45571209692729,1334100
2021-02-08,53.02878952026367,53.16503818263509,52.574620382287875,52.7562887304853,1412300
2021-02-09,53.22863006591797,53.48296717993331,52.465625653944116,52.974296416938714,1285000
2021-02-10,50.739776611328125,52.892537353522506,50.64894070477919,52.801704912009114,2538200
2021-02-11,50.2220344543457,51.52095873372827,49.59527869720924,50.74886896110323,1946500
2021-02-12,49.94043731689453,50.58535665244163,49.46810100401855,50.0221878992199,1684100
2021-02-16,50.2946891784668,50.83969422099192,49.93135594848557,50.32194168286614,1711900
2021-02-17,50.86695098876953,51.22120241446412,50.02219598978887,50.07669754183267,1269700
2021-02-18,51.402870178222656,51.52095514039512,50.48544991913082,50.621698600065805,1584200
2021-02-19,53.074214935302734,53.1832145770894,51.64812387221439,51.64812387221439,1582000
2021-02-22,53.828121185302734,54.155123497649164,52.965202651653925,53.0651169448395,1093000
2021-02-23,53.74638748168945,54.164225825893816,52.62004968001613,54.164225825893816,1987700
2021-02-24,55.85372543334961,56.21705868630887,53.89171477925523,54.155130261514074,2135500
2021-02-25,56.022220611572266,56.9056805995837,55.5759392073719,56.3501028122511,2274000
2021-02-26,54.9019660949707,56.259033501891906,54.9019660949707,56.12241474185925,1526800
2021-03-01,56.6324462890625,56.71441683879594,55.53950678406951,55.81274079172803,1340200
2021-03-02,56.6324462890625,56.92389636047944,56.30456409012871,56.60512393060432,949300
2021-03-03,57.19712829589844,57.94396951114132,56.85103004574529,56.85103004574529,965300
2021-03-04,56.596012115478516,57.92575345254018,55.830954837077776,57.26999255273868,1857300
2021-03-05,56.68709182739258,57.59787412653581,55.739877402437514,57.2153437542291,1198400
2021-03-08,58.23542404174805,58.49044547034136,56.978546860714246,57.25178087944511,1291700
2021-03-09,57.843780517578125,59.182635042450705,57.40660544430714,57.798242098887975,1597000
2021-03-10,58.745452880859375,59.17352163380142,57.82556437221789,58.162552819024164,1208900
2021-03-11,58.1807746887207,59.082450700512155,58.06237201610271,58.36293184481945,788000
2021-03-12,58.31739807128906,58.92762063368668,58.126134594211536,58.781899057745065,1574300
2021-03-15,58.7181396484375,58.75457177655177,57.78914122767736,58.36293508522076,813900
2021-03-16,58.00771713256836,58.96403774877384,57.74359293478322,58.90939304030165,1031700
2021-03-17,58.33560562133789,58.77277720802804,57.971291333284704,58.43579222427044,884100
2021-03-18,58.49955749511719,59.56517125155816,58.48133795555912,58.74546568940419,1508800
2021-03-19,58.162559509277344,58.8911881447416,57.1606968726934,57.880215739317,1824100
2021-03-22,57.470359802246094,58.1170178539522,57.324634778134566,57.81645803739545,1004000
2021-03-23,56.2772331237793,57.66162248843978,56.149724171332394,57.34284663296415,1262700
2021-03-24,56.268123626708984,57.28820219990653,56.213478917888025,56.69619237571792,1028500
2021-03-25,57.4976921081543,57.57055289123617,55.630588940719214,56.13151855036877,1102300
2021-03-26,57.50679397583008,58.162558344876125,56.969432278830396,57.98040118965681,4356700
2021-03-29,57.051395416259766,57.60697310406986,56.66886856689705,56.80548380980161,1164200
2021-03-30,57.97128677368164,58.244520731051644,57.16979748761913,57.315522496507015,881500
2021-03-31,57.96218490600586,58.72724564988576,57.78002775148011,57.825569645880606,1393300
2021-04-01,59.27371597290039,59.30103833112946,58.09880592802601,58.09880592802601,1070800
2021-04-05,59.483192443847656,60.05698976563256,59.38300583047943,59.801971822047186,898900
2021-04-06,60.093414306640625,60.16627160366875,59.22816702303118,59.39210810159909,1019700
2021-04-07,60.34843826293945,60.74917775724417,59.929479231015,60.439515104885174,855900
2021-04-08,60.18449020385742,60.52147517493503,59.65623485349323,60.16627066834592,878300
2021-04-09,60.58523178100586,60.72185050727612,60.23913703000931,60.58523178100586,721100
2021-04-12,60.913124084472656,61.09528473272874,60.54881668539693,60.74008015452715,665300
2021-04-13,60.81292724609375,61.07705493014234,60.41218778470716,60.67631546875574,541700
2021-04-14,61.486907958984375,61.82389292411405,61.004194507202214,61.049729447743594,702900
2021-04-15,61.93320846557617,62.160904084934906,61.42317250180263,61.63264858033011,1044200
2021-04-16,62.41588592529297,63.17183661152797,62.397673343726446,62.588936719391654,920800
2021-04-19,62.50697708129883,62.962368160876544,62.33393319618647,62.57984132172321,833300
2021-04-20,60.82203674316406,62.25196457890639,60.71274732178059,62.25196457890639,1035200
2021-04-21,61.06795883178711,61.24100275169907,60.52148386742314,60.68542496698877,1371400
2021-04-22,60.77650451660156,61.322972494091715,60.5123768219259,61.031522442849145,917200
2021-04-23,61.29566192626953,61.47781563756002,60.740084073499276,60.740084073499276,1074700
2021-04-26,61.49602508544922,62.17911189094632,61.35030351361003,61.52335439459249,568400
2021-04-27,61.8330192565918,61.842129026627234,61.34119590545666,61.47781466111395,651400
2021-04-28,62.069820404052734,62.4250249753098,61.924091888296964,62.142684661930616,671600
2021-04-29,62.85309600830078,63.00792735018166,62.28840841302433,62.60718086651977,520900
2021-04-30,61.769256591796875,62.862192595024275,61.76014682296665,62.50698804653948,771500
2021-05-03,62.57984924316406,63.162749342910494,62.02427149985617,62.26107683685231,843400
2021-05-04,62.534305572509766,62.971477111957135,62.078914498834216,62.42500921328975,992800
2021-05-05,63.78209686279297,63.80031640393268,62.33395603453971,62.67094110971566,841200
2021-05-06,63.49974060058594,64.37409074076797,62.90773073884429,64.00977644517948,717100
2021-05-07,63.754756927490234,63.800298819068125,62.64360148067353,62.916838932706746,639100
2021-05-10,62.41588592529297,64.3649587425078,62.242835131194276,64.3649587425078,1036500
2021-05-11,61.0406379699707,62.060716836037905,60.44863492453191,61.74194436186652,1319500
2021-05-12,59.40122985839844,61.78747532406907,59.05512809561445,61.523354540190596,1831800
2021-05-13,61.50514221191406,61.88766920105484,59.273727826540366,59.273727826540366,1273700
2021-05-14,62.55251693725586,62.78932223658626,61.35028480416366,61.778353516859156,909900
2021-05-17,62.43412780761719,62.68003596473438,61.86944029488361,62.37037332623738,829000
2021-05-18,61.03152847290039,62.41591461590371,61.03152847290039,62.25197351158718,1023300
2021-05-19,59.883941650390625,60.43040969015627,59.17353250382347,60.12074701548571,1257700
2021-05-20,59.929473876953125,60.41218734998602,59.501405114462216,59.88393198569013,889400
2021-05-21,60.539695739746094,60.84935836153819,59.92036354744497,59.92036354744497,941000
2021-05-24,60.41217803955078,60.85845932053795,60.138940631516874,60.60344144568814,753500
2021-05-25,58.919349670410156,60.80937040718599,58.910217183610804,60.608497493878524,1384000
2021-05-26,59.12934875488281,59.54935254418926,58.74586097678072,58.974124360058944,1517800
2021-05-27,59.51283264160156,59.941968938902754,59.06543833775492,59.67718256469466,1718000
2021-05-28,59.823272705078125,60.005887616605165,59.101966444197764,59.68632022899109,713300
2021-06-01,60.16108703613281,60.96457150790158,59.914565687013884,60.4258733539536,935500
2021-06-02,59.36674499511719,60.22501765145242,59.27544102373071,60.078932690443345,966300
2021-06-03,59.71371078491211,60.27979959610491,58.983265070154594,59.11109202533017,816100
2021-06-04,59.59499740600586,59.83239326062717,58.891949293453976,59.6041298912727,787900
2021-06-07,59.357627868652344,59.9419817274218,59.238926419621144,59.70458579540687,1012200
2021-06-08,59.78675079345703,60.005881699635154,58.61803637306662,59.129351108876776,987900
2021-06-09,58.727603912353516,59.512830520698365,58.727603912353516,59.512830520698365,1516100
2021-06-10,58.38064193725586,59.47630687892413,58.38064193725586,59.35761242681866,800700
2021-06-11,59.38499450683594,59.57673488663769,58.54498704312027,58.691071966092935,1243300
2021-06-14,57.951507568359375,59.47630526278911,57.71411170455349,59.34847832828874,1371700
2021-06-15,58.60891342163086,58.91934830515174,57.75976980314987,57.978904201955146,1233300
2021-06-16,58.435420989990234,58.82803425340853,57.81454436332979,58.46281147901209,872000
2021-06-17,55.915409088134766,58.371522241897814,55.82410163000655,57.9515183835782,1670900
2021-06-18,54.26276779174805,55.43147511427953,54.18972184257854,54.78320798900176,2568100
2021-06-21,55.60496520996094,55.75105364552803,54.363211766129105,54.67365012708706,1072100
2021-06-22,55.16669464111328,55.61409241980942,54.91104075787145,55.61409241980942,964100
2021-06-23,54.81060028076172,55.3401729805868,54.74668681464803,55.2853885169082,1189000
2021-06-24,55.787567138671875,55.93365555851792,54.72842522403236,55.09364801515881,1108100
2021-06-25,56.71889114379883,56.91063505530407,55.64148756991432,55.88801247068687,1505300
2021-06-28,55.833229064941406,56.819325142329845,55.67800814168119,56.54540975877878,5626100
2021-06-29,55.51365280151367,56.61844671448169,55.51365280151367,56.28975037608719,919600
2021-06-30,56.152793884277344,56.33540529270072,55.331044287883635,55.34017677396741,1552000
2021-07-01,57.120628356933594,57.37628222300656,56.11626741460479,56.45409971822715,2025800
2021-07-02,57.41280746459961,57.568024894262486,56.81932127148463,57.23019606033171,1007800
2021-07-06,56.20758056640625,57.52237648941896,56.189319076542084,57.421940036677555,1582200
2021-07-07,56.499759674072266,56.58193464020144,55.60496753345635,55.60496753345635,853800
2021-07-08,55.00234603881836,55.90626708070981,54.87451561920669,55.4497403168794,1324400
2021-07-09,56.91062927246094,56.91975827540345,55.79670283023849,56.015833731087675,1904800
2021-07-12,57.558895111083984,57.896723940434825,56.32627076125343,56.600189605453195,1232000
2021-07-13,56.92888259887695,57.68671865265933,56.77366518045266,57.549759238619295,1102900
2021-07-14,56.801063537597656,57.67759415639937,56.1436673150079,56.992803957393704,1518100
2021-07-15,57.18455123901367,57.51325111124161,55.915407219151675,56.30801708539808,850000
2021-07-16,56.60932540893555,57.65933848311702,56.472365970382064,57.65933848311702,920300
2021-07-19,55.15755844116211,55.997569421246965,54.892772106340175,55.44973526475098,1384400
2021-07-20,56.581932067871094,56.83758595841789,54.911042326881,55.36756912172773,1372300
2021-07-21,57.431068420410156,58.11585856779332,57.08410710382297,57.23932453204554,845600
2021-07-22,56.91975784301758,57.339761635640386,56.618448502860225,57.339761635640386,692000
2021-07-23,57.3123779296875,57.832818230648684,56.90150309129098,57.38542041038952,627000
2021-07-26,57.4858512878418,57.90585508941523,57.047585997110005,57.16628393512786,725300
2021-07-27,57.4858512878418,57.76889914526194,56.66410517385328,56.99280152963494,781000
2021-07-28,57.704986572265625,58.07020591204463,57.24845978527463,57.558898139749424,834400
2021-07-29,59.08369827270508,59.19326721369197,58.006294734162374,58.31673310091236,1487200
2021-07-30,58.8006477355957,59.87805116150486,58.608907333448165,59.010646142975894,1875200
2021-08-02,59.339351654052734,60.21588227620327,59.065439753031654,59.26631266007481,1893600
2021-08-03,60.27067184448242,60.334585319704814,58.554126568144284,59.58588162450829,1230900
2021-08-04,59.576744079589844,60.444142164828406,59.348480692311725,59.576744079589844,1571800
2021-08-05,59.640663146972656,60.736324722322884,59.38500924379403,60.09718996437632,1788700
2021-08-06,61.685890197753906,61.79545912191895,58.59063949205422,60.40762091272082,2053600
2021-08-09,61.5489501953125,61.70416764473078,60.8915504494862,61.70416764473078,1420300
2021-08-10,62.078521728515625,62.49852561228909,61.311559931898124,61.567213864103955,1072400
2021-08-11,61.35718536376953,62.28850372774841,59.96934726828919,61.86850000193141,2446100
2021-08-12,60.94633102416992,61.67677672923026,60.80937158371529,61.32981188460567,1615600
2021-08-13,61.229373931884766,61.70416571840204,60.75458911141384,60.88241606177318,1200900
2021-08-16,61.3206672668457,61.558056125921794,60.48065287781441,60.89153107122027,1069000
2021-08-17,61.119815826416016,61.74069261007956,60.69981196776814,60.928075388732,710000
2021-08-18,59.932838439941406,61.165459420989535,59.87805745244253,60.99198397189437,883000
2021-08-19,58.55412673950195,59.759357251541644,57.9241209891704,59.12022249744725,2564000
2021-08-20,58.6180305480957,58.80977790874895,57.97889589940227,58.44455512404761,1606100
2021-08-23,58.94672775268555,59.521955877133756,58.91020477922495,58.964992722438296,835400
2021-08-24,59.16587448120117,59.54935531107559,58.93761108731698,59.092828523307205,866400
2021-08-25,60.0766716003418,60.51605915555093,59.23451968533825,59.38098453168405,1493200
2021-08-26,59.4725227355957,60.4336721192419,59.41760190905261,60.4336721192419,876500
2021-08-27,60.03091049194336,60.259756591424235,59.31691177897561,59.49998586502882,958900
2021-08-30,59.42675018310547,60.250597492891806,59.344368944041,60.14074885697752,1459500
2021-08-31,59.48168182373047,59.92106242802805,59.18875909292249,59.335216966412084,1328900
2021-09-01,59.01483154296875,59.51828875695357,58.49306273061153,59.35351929074452,841600
2021-09-02,59.380985260009766,59.63729176043033,58.996518525550584,59.179599585728376,910700
2021-09-03,58.97821807861328,59.81121426383629,58.45644924194008,59.44506608526684,1169200
2021-09-07,58.34660720825195,58.95076081415733,58.04452865934196,58.776835531361414,1384500
2021-09-08,58.5479850769043,58.648677919079105,57.8706025799518,58.282522764246046,1169600
2021-09-09,58.78598403930664,59.408445676288046,58.474753220815934,58.557137951943304,968700
2021-09-10,58.18183517456055,59.30775759565809,58.062834221851695,59.30775759565809,846200
2021-09-13,58.584598541259766,58.95990947790233,58.227599202605234,58.61205895441344,913700
2021-09-14,57.614288330078125,59.033133339672894,57.367134142562016,58.84090346890951,1588300
2021-09-15,57.81568145751953,58.13606461678631,57.33052881865426,57.68752819381282,910600
2021-09-16,57.51359939575195,58.31913509569566,57.41290656028046,58.02621238809538,772600
2021-09-17,56.74468231201172,57.90721746440481,56.68975798916135,57.57768200304603,2699500
2021-09-20,55.34414291381836,55.75606661399328,54.66676037745476,55.55468091792675,1968200
2021-09-21,54.59352111816406,55.70113532418605,53.9802152905353,55.70113532418605,1387900
2021-09-22,54.611839294433594,55.52722379718435,54.419609386915475,55.32583808916646,1776500
2021-09-23,56.122215270996094,56.625675960766074,54.84982810227474,55.02375336209804,1857100
2021-09-24,55.820133209228516,56.79959411357885,55.69197996819784,56.02151886908467,1007400
2021-09-27,56.78129196166992,57.27560036482212,56.14967799669608,56.27783125116199,1499500
2021-09-28,55.5821418762207,57.20237268298248,55.53636986269677,56.91860226194024,1051100
2021-09-29,56.40597915649414,56.50667198742961,54.849825160023215,55.63705621070345,1937300
2021-09-30,56.19545364379883,57.09253003073836,55.920838993415664,56.74468643647989,1672100
2021-10-01,56.680599212646484,57.00098584124254,55.82929495061862,56.47006122398214,661500
2021-10-04,56.964378356933594,57.62345632986126,56.53414651439305,56.53414651439305,1071200
2021-10-05,58.053680419921875,58.30083464163108,56.799604695173315,57.24814461425622,1121000
2021-10-06,58.6395263671875,58.74021921665596,57.24814505863215,57.6692210728506,1136100
2021-10-07,59.44506072998047,59.88444129821244,59.03313359045625,59.03313359045625,1403600
2021-10-08,59.46336364746094,60.35128754121201,59.30774999164403,59.52744026949308,1056200
2021-10-11,60.003448486328125,60.854756233176325,59.646449139310675,59.792907007503935,1049700
2021-10-12,60.86389923095703,61.2300543421845,60.10413558115777,60.33298165269646,1424100
2021-10-13,61.184295654296875,61.53214622841332,59.44507071903219,61.00122155074145,2024900
2021-10-14,62.27359390258789,62.566516604366626,61.413130410688076,61.77928553386852,1479500
2021-10-15,62.850284576416016,63.29882089358995,62.648898928428046,62.94182160263943,994400
2021-10-18,63.33545684814453,63.61922381306076,62.51160938761235,62.93268542658888,1012400
2021-10-19,63.610050201416016,63.87551247458107,63.381204136669695,63.74735923702934,959700
2021-10-20,63.43613815307617,63.87551872947114,62.68552326655879,63.40867075620169,1095600
2021-10-21,63.02421569824219,63.77483064064511,62.7679091789576,63.42698707644873,901300
2021-10-22,63.49107360839844,63.829768409607006,63.161534608257654,63.271383269581236,777200
2021-10-25,62.905216217041016,63.76567977598799,62.87775580283269,63.43614083783079,1107700
2021-10-26,62.941837310791016,63.610064054433394,62.89606529434245,63.069990576251996,740900
2021-10-27,62.502437591552734,63.20728739889209,62.17289869167446,62.77705566939391,1158000
2021-10-28,63.692447662353516,63.747368491040476,62.63059841554789,62.63059841554789,1189400
2021-10-29,63.866363525390625,64.36067191631041,63.50936418480885,63.71074986079414,1682400
2021-11-01,64.2142105102539,64.97398116091568,63.93959242471919,64.19589891317665,1690800
2021-11-02,63.79314041137695,64.69936900253695,63.41782945901886,64.31490923463012,1403400
2021-11-03,62.69468688964844,63.99453827941605,61.64199324332938,62.8686121917915,2029100
2021-11-04,61.92576599121094,62.731301878260744,61.05614648140493,62.69468565832714,1170000
2021-11-05,62.39261245727539,63.08829966659156,61.944069012523244,62.11799430676712,1185200
2021-11-08,61.66029739379883,63.07914609134464,61.32160263156534,62.54822143178809,1295600
2021-11-09,60.360450744628906,61.678599557258835,60.18652547042146,61.3124513772015,1326800
2021-11-10,60.68999481201172,60.93714555277667,60.22314676408962,60.332995417668194,1027600
2021-11-11,60.83644485473633,61.07444674821806,60.387908465497674,60.68083118677189,734800
2021-11-12,61.257530212402344,61.26668601304627,58.91414808329156,60.47945476958006,2567300
2021-11-15,61.58706283569336,62.07221546226329,60.46114390682898,61.60537443508972,2440100
2021-11-16,62.6214485168457,63.0791407048636,61.3673694074984,61.6145201161435,1907200
2021-11-17,63.49107360839844,64.19591664635904,62.337687107905694,62.822839807049085,1985100
2021-11-18,60.9462890625,63.77482322939618,60.91882865060052,63.6100537741712,1554600
2021-11-19,59.747135162353516,60.342136403655836,59.252833744969145,59.93937202712678,1554100
2021-11-22,60.86389923095703,61.27582635002339,59.6281318414137,60.07666818615772,1523000
2021-11-23,60.51606369018555,61.522985140865366,60.23229675891246,61.33075525350339,1390600
2021-11-24,58.99651336669922,60.43366639024078,58.82259510452375,60.36958977073871,2719600
2021-11-26,57.0315055847168,57.646720589361095,55.82861796754325,56.75603612737183,1855500
2021-11-29,57.160057067871094,57.6742692840221,55.810252189714774,57.637539089414716,2856200
2021-11-30,57.059051513671875,57.86709829144571,56.03063057100421,56.49892829849175,11276300
2021-12-01,56.76522445678711,58.89552701366985,56.76522445678711,58.160940529017985,3244200
2021-12-02,58.271121978759766,58.73023892502062,57.022323324484745,57.45389437486093,1881800
2021-12-03,57.205970764160156,58.500680411613004,56.82949500859682,57.86710028721159,2546000
2021-12-06,57.903831481933594,58.500681420282085,57.27024784382361,57.857916984320006,2120900
2021-12-07,58.271121978759766,58.913889906866146,57.80282423479879,58.21603018699043,1311300
2021-12-08,58.151756286621094,58.88633922498554,58.09666098999076,58.151756286621094,986800
2021-12-09,58.07828903198242,58.48231065120265,57.57326113226112,57.73854349984759,1160800
2021-12-10,58.0599250793457,58.298667838467935,57.57326226674254,58.041559982275984,973700
2021-12-13,57.10496520996094,58.216030895551334,56.91213693085266,57.89464692758651,893900
2021-12-14,57.261070251464844,57.931380621291765,56.92132466736837,56.994781562650374,1747500
2021-12-15,58.271121978759766,58.62005183869763,56.838679348207855,57.29779629446871,1801200
2021-12-16,58.24357604980469,59.26281623037056,57.89464619006495,59.005711861501446,2066500
2021-12-17,57.655906677246094,58.28948679906328,57.50898939525439,57.977287136982866,5154200
2021-12-20,56.5356559753418,57.086594865820494,55.718428436591985,56.95804269156107,1736200
2021-12-21,58.07828903198242,58.252752196530786,56.939677555584986,56.94886185533092,1049900
2021-12-22,61.870601654052734,62.118528746176146,60.61262561340804,62.10016014387189,7702100
2021-12-23,62.045066833496094,63.03676116664287,61.934876239067904,62.02670523720922,3402100
2021-12-27,61.32884216308594,62.550094914325314,60.722804434897284,61.98078738229069,19256800
2021-12-28,61.31047058105469,61.87977808540722,60.952359942926435,61.09928072039867,1800600
2021-12-29,61.02582931518555,61.86142559753721,60.98909911541049,61.55840670356995,1245500
2021-12-30,61.090084075927734,61.613476980166006,60.87889425794689,61.044176596420385,881200
2021-12-31,60.888084411621094,61.27374795323244,60.832992622348755,60.93399890639359,866100
2022-01-03,62.2838020324707,62.31134792633042,61.37474550169145,61.439028594788276,1277800
2022-01-04,64.65283966064453,64.9283055736142,62.990831861788024,63.0092004593264,2725800
2022-01-05,65.03851318359375,66.29648922746267,64.83650059114407,65.47008426645094,2800900
2022-01-06,65.25888061523438,65.95674031536885,64.82730957706659,65.95674031536885,1630200
2022-01-07,66.60868072509766,66.66377251134274,65.07523195968737,65.33233630292168,1190200
2022-01-10,66.0485610961914,67.2514451976449,65.7730881390247,66.9943408405924,1618100
2022-01-11,66.91170501708984,66.9576125075151,65.67208368094346,66.23220690533847,966600
2022-01-12,67.09534454345703,67.7748356046094,66.76477980980063,67.70138222368311,1428600
2022-01-13,67.56363677978516,68.48187047234359,67.33407835664555,67.48099210456,908400
2022-01-14,68.39923858642578,68.4176071868291,66.51686336805426,66.90251990970286,791100
2022-01-18,67.21472930908203,68.84000749226968,66.73725068800978,67.88504324455538,1204800
2022-01-19,66.07612609863281,67.57284518461888,66.03021859620841,67.34328665578586,1065200
2022-01-20,65.61700439453125,67.15045357721328,65.41499178257173,66.28731833370877,1449000
2022-01-21,64.03762817382812,65.58944565691782,63.82643830670931,65.22215070756559,1652500
2022-01-24,63.303043365478516,63.56014772057592,60.897268175297484,62.45826290585644,1964100
2022-01-25,63.449951171875,63.927436648364115,61.03499891432854,62.61436209637044,1313200
2022-01-26,63.422420501708984,64.74467967017397,62.972487814605486,63.927451991211385,1629300
2022-01-27,62.917381286621094,65.1119666669758,62.458264354564236,64.11108811219628,1291300
2022-01-28,61.86142349243164,62.57764484974948,60.56671026530397,62.32971776109697,1413800
2022-01-31,62.403175354003906,62.55927343654461,60.529977346809304,61.246198671943084,3008200
2022-02-01,63.66115188598633,63.716243672940735,61.83386155556089,62.393984741490776,2175900
2022-02-02,64.54265594482422,64.80894459286478,63.15612091729169,63.918256668004176,1527400
2022-02-03,63.21122741699219,64.57940116904568,63.17450422060377,64.57940116904568,1176700
2022-02-04,64.5610122680664,65.03849773783648,63.14693146231274,63.14693146231274,1090100
2022-02-07,63.9917106628418,65.15786441343487,63.83560560505369,64.82729971133956,1285300
2022-02-08,65.12113952636719,65.30479049002297,64.24882021709806,64.24882021709806,1788400
2022-02-09,65.44252014160156,66.06691940866804,63.633605432040106,65.2680604825932,1846400
2022-02-10,66.48931884765625,67.42591432610489,65.19460570962322,65.24969750083532,1459700
2022-02-11,64.63447570800781,67.15043432288812,64.35900276967419,66.61786405064711,1228200
2022-02-14,63.54179382324219,64.90078330750934,63.036769296179365,64.58858008581734,2723100
2022-02-15,65.76390838623047,65.76390838623047,64.02844703543063,64.23045259015768,1291800
2022-02-16,66.470947265625,66.7464202204676,65.40579965174135,65.40579965174135,1284700
2022-02-17,63.45915603637695,65.79147137435204,63.24795912149293,65.79147137435204,1376200
2022-02-18,63.43159866333008,63.91826150307107,63.10103390321004,63.10103390321004,1246900
2022-02-22,62.73373794555664,63.61524162328345,62.146068827072106,62.72455364526418,1136100
2022-02-23,61.1268196105957,63.615232197960026,60.89726117627537,63.12856943809171,1663300
2022-02-24,60.00320816040039,60.196617500139254,58.529604658565475,59.11904816730315,1811600
2022-02-25,63.134605407714844,63.189863205214614,60.408436953089236,60.500542651159805,1466900
2022-02-28,62.02941131591797,62.11230505360589,60.859743224939905,60.859743224939905,1366100
2022-03-01,58.225677490234375,61.080778848810176,57.88490463074365,60.436081035372766,1906900
2022-03-02,60.33476638793945,60.675532198231494,58.9532651418594,58.9532651418594,1237600
2022-03-03,60.09531021118164,60.80447782998079,59.3493017122699,60.27030263504663,973700
2022-03-04,58.09674072265625,58.990112754743066,57.562558493434096,58.55724119060372,1588300
2022-03-07,56.0152702331543,57.72833234011681,55.91395957965919,57.66386256304526,1177400
2022-03-08,56.217891693115234,57.73754095965876,55.41661843874967,56.89022187964749,1527500
2022-03-09,58.041481018066406,58.78749306171891,57.92174990933061,58.25331081762061,1013100
2022-03-10,57.67307662963867,58.078319282996965,56.87180681293247,56.89022725293418,838900
2022-03-11,57.691490173339844,58.640119883323166,57.67306973554007,58.29935056737545,813300
2022-03-14,57.93095016479492,58.96246653593377,57.59938932359221,58.49275768645603,902500
2022-03-15,58.4743537902832,58.723020963247045,57.875701747699345,58.07832308765202,846700
2022-03-16,60.25187683105469,60.46371012852595,59.20193637347178,59.52428528120703,1141100
2022-03-17,60.021629333496094,60.3255613288844,58.713809690326414,59.3769314887447,1039900
2022-03-18,61.2926139831543,61.43075849969017,59.44140016810045,59.74533215783813,2071500
2022-03-21,60.27030563354492,62.1859823079507,59.772964267300814,61.651807086440876,1179700
2022-03-22,62.19519805908203,62.26887982744393,60.75843870942589,60.878166313003845,1184100
2022-03-23,60.62949752807617,62.08468079475954,60.509762900977925,61.6518092004074,690300
2022-03-24,61.37550354003906,61.50444311257312,60.620283032334015,60.93342701325936,915500
2022-03-25,62.08468246459961,62.121516322119,60.93343118341371,61.108416600011445,952700
2022-03-28,61.614959716796875,61.835997958515854,60.91499708689461,61.835997958515854,874800
2022-03-29,62.931983947753906,63.0977643664918,62.07545295538784,62.49911246401174,750600
2022-03-30,62.17677688598633,62.98725520260137,61.99257247765584,62.78463386677768,650500
2022-03-31,61.10840606689453,62.664899779306246,61.10840606689453,61.99256605524303,963800
2022-04-01,61.39392852783203,62.03862640135629,61.126837401177745,61.651807677241734,958800
2022-04-04,60.647911071777344,61.76232137659867,60.491342596887975,61.172881331514326,1049300
2022-04-05,61.9925651550293,62.41622470412676,60.850526064997936,61.11761715551829,1138500
2022-04-06,60.70317459106445,61.76232003785922,60.39003062139372,61.182091982309785,1545000
2022-04-07,60.51897048950195,60.85974336445888,59.21115085049887,60.51897048950196,1102700
2022-04-08,61.347862243652344,61.48601376537034,60.43607344299881,60.70316451120607,633400
2022-04-11,61.126834869384766,62.5912229900282,61.0715700348861,61.40313093515999,842800
2022-04-12,60.555809020996094,61.83599970660601,60.482127262780466,61.25577167068615,1074800
2022-04-13,62.057044982910156,62.08468091538036,59.947951845204855,60.05847449504566,803400
2022-04-14,62.222816467285156,62.747786681600154,61.93730844640407,62.05703602978152,881500
2022-04-18,62.572792053222656,63.00566352203341,61.65179132015398,61.96492819659191,606300
2022-04-19,63.28196334838867,63.43853179606489,62.35175058433153,62.563583857471066,1088000
2022-04-20,64.13851165771484,64.18456452023923,63.50301869361576,63.65038223234957,753200
2022-04-21,63.02407455444336,65.25289443375132,62.674096838191815,64.64503766061156,1101300
2022-04-22,61.20050811767578,62.75700191578289,61.17287921443732,62.62806234955051,1126600
2022-04-25,61.09919738769531,61.16367419742017,59.5703395211822,60.56502219675229,1222400
2022-04-26,59.44139862060547,60.684748423814646,59.44139862060547,60.21503599978302,1096100
2022-04-27,59.294036865234375,60.224249764496896,58.916430140855354,59.33087774533857,917900
2022-04-28,60.01241683959961,60.28871286975632,58.88879120092529,60.09530354064304,659300
2022-04-29,58.152000427246094,60.205835673028865,57.99543194943962,59.754540140509405,1458200
2022-05-02,58.33619689941406,59.05457998744184,57.46124534545255,58.419087120596515,1528900
2022-05-03,58.55723571777344,59.7084867800448,58.0506824397025,58.317773529350916,1582000
2022-05-04,62.057044982910156,62.18598456105109,59.17431437635925,60.17820209569653,2338600
2022-05-05,58.97169494628906,61.07157617468104,58.60329664154562,60.43609024083414,2328200
2022-05-06,58.815120697021484,59.054582909325305,57.78360062608901,58.74143893528499,1383900
2022-05-09,58.234886169433594,59.11904969877449,57.627025719265255,57.930957701019224,1286400
2022-05-10,57.921749114990234,59.30325053835941,57.21257796272662,58.879590945061075,1018300
2022-05-11,57.194149017333984,58.805900438262675,57.02836859011418,57.719119199083615,1004600
2022-05-12,56.45735549926758,57.21257597000444,55.49951370255851,56.503404842441356,1400900
2022-05-13,57.67307662963867,58.078319282996965,56.75207570959118,57.00995835627547,946900
2022-05-16,57.38756561279297,58.124365607900586,56.908644737638134,57.424402977543714,676200
2022-05-17,60.12293243408203,60.37160659054097,57.79280148263635,58.41908232160298,2318900
2022-05-18,59.77295684814453,60.46370748885496,59.18351686353928,59.505865757201704,1550200
2022-05-19,58.575653076171875,60.1505636978034,58.25330418168804,58.94405482415865,1440700
2022-05-20,57.98621368408203,59.358503007044774,57.028371940175745,58.82432433166516,1525700
2022-05-23,59.800594329833984,60.445292209661595,58.84275246074733,59.10063161267837,1283700
2022-05-24,59.89297103881836,60.00382810924139,58.387100238131374,60.00382810924139,977100
2022-05-25,60.85377883911133,60.992350192129074,59.84678236737721,59.89297751730998,875100
2022-05-26,62.34115982055664,62.76612832997912,61.86999617055807,61.897710435548184,993100
2022-05-27,63.874755859375,63.874755859375,62.49822634506438,62.49822634506438,892100
2022-05-31,63.38512420654297,63.81009285316613,62.636810616662096,63.616085887211504,1141700
2022-06-01,62.535186767578125,63.91171640760548,61.417333081554176,63.64380001284735,1002600
2022-06-02,62.655277252197266,62.79385565435719,61.9531518500732,62.433556037775574,921300
2022-06-03,61.15863800048828,62.849278856759135,61.08473563421934,62.82156458835957,707600
2022-06-06,61.546661376953125,62.35040338640371,61.01082867172606,61.50046622883734,557300
2022-06-07,62.525936126708984,62.62755981325934,61.05701641554754,61.18636141983978,638000
2022-06-08,61.69447326660156,62.42431290802879,61.59284957928954,61.999344328537624,586200
2022-06-09,60.244041442871094,61.676006623022566,60.244041442871094,61.676006623022566,553000
2022-06-10,57.71269226074219,59.63429468161194,57.684974469156266,58.90445157309487,1132000
2022-06-13,55.38459777832031,57.04752075542077,55.19059086123411,56.696458102459054,1722200
2022-06-14,55.94814682006836,56.095962123093585,55.209066780747406,55.735662542231765,1087800
2022-06-15,56.003578186035156,56.90894740333884,55.19059574041245,56.53017044993429,1190800
2022-06-16,53.53690719604492,54.92267699305629,53.139652905632744,54.92267699305629,1995500
2022-06-17,53.5461540222168,53.98960001643983,52.62230731986994,53.4907254755611,3197900
2022-06-21,54.61781692504883,55.00583437879028,53.78635699422378,54.848778604310596,1105600
2022-06-22,54.20207214355469,54.663995390829,53.472236091249236,53.592333598120376,1312800
2022-06-23,53.14889144897461,54.211316402251136,52.32666857475649,54.17436169405831,1458500
2022-06-24,56.114444732666016,56.206827984137156,53.49995713053017,53.49995713053017,2029600
2022-06-27,55.82804489135742,56.44702036155616,55.40307634248712,56.44702036155616,921900
2022-06-28,55.89271926879883,56.83504322317621,55.754140869198146,56.52093523838374,1089500
2022-06-29,55.3753662109375,56.16063796772526,55.16288190710888,55.99434529095586,1140400
2022-06-30,54.99658966064453,55.837289966803084,53.98035976060946,54.303704676749184,1373900
2022-07-01,56.086734771728516,56.16064420258477,54.52543504894438,54.52543504894438,1000000
2022-07-05,54.839534759521484,55.23678907959943,54.03578920400811,54.92268109451908,1349900
2022-07-06,54.25750732421875,54.839531636051845,53.167368115983066,54.23902997036112,1330900
2022-07-07,55.01506805419922,55.5878519982491,54.534667366733224,54.534667366733224,1315600
2022-07-08,54.61781692504883,55.532426725571476,54.47924203200909,55.190604427038814,1644300
2022-07-11,54.49771499633789,55.22755116558633,54.19284391267334,54.39609130178304,778300
2022-07-12,54.950382232666016,55.56012070220053,53.90643483700135,53.90643483700135,735300
2022-07-13,53.65700912475586,54.285221534262,53.3151833650514,54.285221534262,1208300
2022-07-14,52.437530517578125,53.11194162468025,51.9201786864138,52.492962581286456,1685800
2022-07-15,53.62928771972656,53.841771988255594,52.585340205479895,53.29670242143951,863600
2022-07-18,53.25051498413086,54.506946865581554,53.16736865302912,54.20207581014355,1037900
2022-07-19,54.34989929199219,54.6547668493159,53.934167600918734,54.17436617565271,880100
2022-07-20,54.765625,55.024304442939965,53.9156878245839,54.349896851787165,678100
2022-07-21,54.97810363769531,55.02429878202869,54.19283552275398,54.75638245135187,578800
2022-07-22,54.49771499633789,55.34765221589617,54.22979862418333,54.84877418309704,636100
2022-07-25,54.74715042114258,55.061258420200296,54.312944896118125,54.5346661165146,998900
2022-07-26,54.29446792602539,55.06125881128613,54.17436687501035,54.562384299753056,715100
2022-07-27,54.784095764160156,54.978102679879406,54.17435722604633,54.433033113672,1559700
2022-07-28,54.867252349853516,55.107454454023674,54.06350674570481,54.839538077909,912600
2022-07-29,55.57861328125,55.689473890397316,54.88572830673765,54.98735200020403,1472800
2022-08-01,54.85800552368164,55.41231200760674,54.49770595671086,55.11668141295406,1302000
2022-08-02,54.1004638671875,55.07050219459569,54.04503179663443,54.62705620275753,1247700
2022-08-03,56.46550369262695,56.47474413225597,54.80258050311188,55.209071741910414,1834200
2022-08-04,55.670997619628906,57.195346002937185,55.56937744837761,56.80733210126325,1168800
2022-08-05,55.82804489135742,56.27149079333445,55.26449795628409,55.26449795628409,847300
2022-08-08,55.89271926879883,56.79808851339001,55.855764559012634,56.18834989869819,520300
2022-08-09,56.36387634277344,56.78884843324111,55.47698450250117,55.47698450250117,689800
2022-08-10,57.24153518676758,57.4632599241116,57.001336618490434,57.08448295447005,879900
2022-08-11,58.76588439941406,58.85826765226631,57.666504659818216,57.75889143686566,1134300
2022-08-12,59.994598388671875,60.086981635805074,59.015319757763066,59.14465418923256,887500
2022-08-15,59.384857177734375,60.01307313558355,59.26475965946544,59.41257144745874,972600
2022-08-16,59.532676696777344,59.68972892594304,59.033798690847966,59.12618194045189,770600
2022-08-17,58.69197463989258,59.04303734226146,58.19310014348911,58.47025342464552,835500
2022-08-18,60.27174758911133,60.419566421909686,58.81207185717701,59.06151085123182,945100
2022-08-19,60.086978912353516,60.2255573009672,59.28322989710582,59.791348305892804,865300
2022-08-22,57.91593933105469,59.338667397397735,57.878988147200204,59.16313429626047,1145300
2022-08-23,58.026817321777344,58.78437139684718,58.026817321777344,58.165392223785275,466900
2022-08-24,57.93442153930664,58.183860553247875,57.500216018026926,57.95289889487954,550000
2022-08-25,59.157798767089844,59.20413817990021,57.95295282119681,57.95295282119681,499400
2022-08-26,57.934417724609375,59.76022315902025,57.934417724609375,59.269015472249194,719600
2022-08-29,57.60076904296875,58.101239638706936,57.27638609030957,57.480283744239884,572400
2022-08-30,57.10029602050781,57.990025469619276,56.97981071943942,57.73978839915595,749400
2022-08-31,57.02614212036133,57.96221438600758,56.98907271679251,57.48027678491239,818300
2022-09-01,56.80371856689453,56.812985035062745,56.080810308306695,56.609090916127634,1105500
2022-09-02,56.7944450378418,57.99002087914608,56.562744457843465,57.56369266046201,856500
2022-09-06,55.97886657714844,57.192975462849205,55.69155655933734,57.16517252209899,1086700
2022-09-07,57.21150588989258,57.23930882770498,55.48765303611889,55.79349949393626,764000
2022-09-08,57.61003112792969,58.16611109665037,56.70176529343512,57.14662997550571,1020600
2022-09-09,58.81488037109375,58.898292729811104,58.01782972901029,58.01782972901029,645200
2022-09-12,59.574859619140625,59.936312004502824,59.1299948728894,59.185604291972325,903300
2022-09-13,57.776859283447266,58.824146940534774,57.58223163629405,58.175384581220285,980500
2022-09-14,58.091976165771484,58.32367677155855,57.276389043469216,58.036366747613144,1766300
2022-09-15,58.870487213134766,59.35242487180899,57.84173601245233,58.091973077656476,1723800
2022-09-16,58.24953079223633,58.38855256968575,57.582235452702825,58.26806726492763,2383700
2022-09-19,59.1021842956543,59.1021842956543,57.61929846425395,57.65637140551977,771000
2022-09-20,58.26806640625,58.8241499723822,57.61930401349774,58.8241499723822,810400
2022-09-21,58.064170837402344,59.19486734304011,57.925149065457035,58.60171438228511,1474300
2022-09-22,57.49882507324219,58.52757636247408,57.02615384201472,58.52757636247408,831300
2022-09-23,56.04374313354492,56.85006024419044,55.385710732323005,56.80372083056173,1949100
2022-09-26,54.92230987548828,56.0900829050174,54.84816752030347,55.52473286291671,1117800
2022-09-27,54.82963180541992,55.70082481983824,54.33842764718596,55.41351832825416,898300
2022-09-28,56.90566635131836,57.10956046651718,54.58866044996941,54.67207280383679,1783600
2022-09-29,56.46080017089844,56.65543136068377,55.32083365002117,56.293978992536175,1476300
2022-09-30,56.07154846191406,57.758328645203406,55.97886963071079,57.14663916703772,1227300
2022-10-03,58.02710723876953,58.36075671679619,55.719367372732535,56.89640701556165,1177400
2022-10-04,61.020652770996094,61.05772570709392,58.990960783951685,58.990960783951685,1683300
2022-10-05,59.76948547363281,60.48312728944911,59.59339782387682,60.112404911058675,986100
2022-10-06,59.66753387451172,59.741679760938034,58.97243563435251,59.18559975462249,838100
2022-10-07,59.22267150878906,59.380226211075986,58.43488739094328,59.20413503755465,744800
2022-10-10,59.324623107910156,60.19581254838703,59.03731309354266,59.55632370597314,598700
2022-10-11,58.58317565917969,59.6026568293684,58.40708448555666,59.046576833896445,1124700
2022-10-12,57.81393814086914,58.620255286899415,57.61004046939014,58.21246347941221,1071900
2022-10-13,60.26069641113281,60.436791151675635,56.59982930543901,56.92420877148471,1344400
2022-10-14,58.74074172973633,61.03921143856147,58.64805936115213,60.64068609232658,1294700
2022-10-17,59.37096405029297,60.20508768867261,59.306091695608835,59.75095645758769,808600
2022-10-18,60.594337463378906,60.705556295260145,59.871432733503475,60.61287747082964,927100
2022-10-19,59.49144744873047,60.659213364576054,59.25047684839077,60.1031333468961,778000
2022-10-20,58.17538833618164,59.77875609876012,58.101242445544855,59.5655884309147,997200
2022-10-21,58.610984802246094,58.95390069721719,57.6193029905698,58.03636477389711,1531200
2022-10-24,60.67775344848633,60.705556388764194,58.97243691385642,58.98170338212553,1358100
2022-10-25,62.586978912353516,62.67965775885459,60.51094305276986,60.668497798915965,2359000
2022-10-26,61.215301513671875,63.18011808157499,61.15968856128172,62.57769510576008,1067500
2022-10-27,61.44700622558594,62.67038519590538,61.26164149011836,61.91040745784242,1152400
2022-10-28,63.49522018432617,63.60643192201834,61.54893699437786,61.90111928196903,1635400
2022-10-31,63.3562126159668,63.689862045569896,62.800132590275346,62.97622023799726,1273300
2022-11-01,63.49522018432617,63.74545366507313,63.06889202431384,63.74545366507313,1598600
2022-11-02,61.96601486206055,64.57032758848334,61.734314240252345,63.11524796636551,3440000
2022-11-03,60.566524505615234,61.8918519814952,60.52945156778658,61.33577205594512,1595800
2022-11-04,62.058692932128906,62.23478766523531,60.724095104252456,61.493342856205786,1057300
2022-11-07,63.03184127807617,63.07817716144697,62.06796581009333,62.51282705935183,1038400
2022-11-08,63.13378143310547,63.42108791167187,62.33673081101052,63.226460258035814,928600
2022-11-09,61.548946380615234,62.7167122301052,61.51187343875102,62.49428164986054,872800
2022-11-10,63.44889831542969,63.9771754577081,62.76306644514272,63.050372957504436,1303300
2022-11-11,63.28205490112305,64.06983537954788,62.92060259842295,64.06983537954788,882700
2022-11-14,60.14020919799805,63.226462991079345,60.01045742329866,63.068908274793145,2443800
2022-11-15,58.759273529052734,61.55821366368863,58.63878822721352,60.90945481256344,2545800
2022-11-16,58.58317565917969,59.26901095336746,58.388548014311546,58.82414624989582,1040600
2022-11-17,57.94368362426758,58.72219774342167,57.517355389734966,57.776858917629525,1640000
2022-11-18,58.98169708251953,59.35241941215823,58.32366830610751,59.15779178005948,1221300
2022-11-21,59.14853286743164,59.21340875696187,58.34221571507681,58.972441672345425,857300
2022-11-22,60.64068603515625,60.68702898714009,59.519255892376194,59.84363534343791,1121000
2022-11-23,59.80656051635742,60.71483002172562,59.68607874430451,60.37191057227142,634500
2022-11-25,60.55030059814453,60.736241605477716,59.72288262105334,59.97390120772209,290300
2022-11-28,59.072113037109375,60.485229376761545,59.072113037109375,59.78796648504815,1541500
2022-11-29,59.60203170776367,59.76937508312408,58.69094196772502,58.821097138235906,806500
2022-11-30,61.34053421020508,61.359124763489355,58.89546151727964,59.85303460220569,1466400
2022-12-01,61.03374481201172,61.82397464833024,60.475935933017745,61.34054217798206,750900
2022-12-02,60.001792907714844,61.117410623192676,59.8437483650583,60.61538052335031,856000
2022-12-05,59.09999465942383,59.55553770285515,58.81179142529034,59.47186957143723,1745200
2022-12-06,58.89546585083008,59.276636057518715,58.13312543745281,58.82109299283487,1623600
2022-12-07,57.194149017333984,59.1929671019449,57.11977260945111,58.38414317176141,1518300
2022-12-08,57.79843521118164,58.20749831800805,57.17554882064062,57.49164142752378,1201900
2022-12-09,57.18484878540039,58.253986570392705,57.10117710182306,57.50094141819673,1250900
2022-12-12,58.2075080871582,58.2075080871582,56.80368344733334,57.138370210376685,942100
2022-12-13,57.928592681884766,59.98318926333479,57.65898355746324,59.555535612056296,1364500
2022-12-14,57.389373779296875,58.60726069037244,57.324296204689816,57.75194985109675,1985000
2022-12-15,55.669464111328125,56.87805228068993,55.530010129821655,56.71070892146699,1775400
2022-12-16,55.45564270019531,55.63228135378747,54.69330223201087,54.88853498805416,2013400
2022-12-19,55.0186882019043,55.78102864297463,54.804861351015035,55.36267021885986,1082100
2022-12-20,55.84610366821289,56.087823433947044,55.11165264023454,55.195324321225264,889000
2022-12-21,57.91001510620117,57.93790449031927,56.44111273729152,56.51548915689029,1260800
2022-12-22,56.57125473022461,57.44515972436264,55.92047894283934,57.398676246186845,1286100
2022-12-23,57.51023864746094,57.51023864746094,56.478289094109925,56.738599415149054,722300
2022-12-27,56.599151611328125,57.48235194426386,56.403915315000894,57.34289795352474,677700
2022-12-28,56.106414794921875,56.998913920472845,56.06923013897315,56.63633426665973,797000
2022-12-29,58.01226806640625,58.01226806640625,56.19008520074682,56.46899316603103,1140500
2022-12-30,57.166259765625,58.04016128143183,56.90594588391432,57.63110167654695,805600
2023-01-03,57.287113189697266,57.82633148119043,57.063991069843794,57.70547159750021,1198100
2023-01-04,58.932655334472656,58.95124943599131,57.315007513434914,57.6589895253743,1312500
2023-01-05,58.56077575683594,58.84897542392979,58.02155752756323,58.81178722609131,1828400
2023-01-06,61.32195281982422,61.638049052841325,59.5648507123319,59.89023867799239,2889300
2023-01-09,60.97795867919922,61.82397436458155,60.79202475136283,61.3591324520659,2180500
2023-01-10,60.99654769897461,61.1731898704781,60.45732945443403,60.95935950008315,1079400
2023-01-11,62.54912567138672,62.59561269910817,61.02444478872768,61.16389877896744,1922100
2023-01-12,63.17201614379883,63.748422696783855,62.70717420869236,62.94889400096673,1670700
2023-01-13,63.73911666870117,63.75771431604167,62.34459102098158,62.800141172808765,1180600
2023-01-17,63.9901123046875,64.18534497418925,62.92097493967364,63.75769144676804,1359800
2023-01-18,62.08428955078125,64.58514150521928,62.028510786657804,64.16677949551772,2073700
2023-01-19,61.34053421020508,62.02849816850432,61.04303570718996,61.275456634324385,1498200
2023-01-20,63.18130874633789,63.19990639394865,61.173195472760725,61.517173931392016,1332200
2023-01-23,63.71123123168945,63.739120611501164,62.6420934170511,63.013968364698094,1177900
2023-01-24,63.525299072265625,64.11099734338573,62.28881785142053,63.11623590917706,754100
2023-01-25,63.88786315917969,63.88786315917969,62.76294676572316,62.967478308701345,789400
2023-01-26,65.49623107910156,65.57990632246141,63.990147627880404,64.07381577831464,1930200
2023-01-27,64.83615112304688,65.51482346919369,64.54795139301503,65.2452142956792,1280400
2023-01-30,63.95294952392578,64.65021237469742,63.91576132073369,64.38990204527727,1285600
2023-01-31,64.86405181884766,64.8733506451909,63.181325989961145,63.952965439145785,1532900
2023-02-01,65.22661590576172,65.55200380267581,64.10169231612069,64.27833449998442,1365900
2023-02-02,64.50145721435547,65.74723715071389,64.1853681381137,65.53340676337297,1488100
2023-02-03,64.5107650756836,65.22662564874783,63.82280097759966,63.82280097759966,2006400
2023-02-06,63.2184944152832,64.39918964597618,63.17200739104352,64.06451002456186,1600700
2023-02-07,63.88786315917969,64.09239470215788,62.5398175772432,62.75364794297227,1428300
2023-02-08,69.54035949707031,70.75824315279502,66.84427473204526,67.4020836609995,5555500
2023-02-09,68.30386352539062,69.89362182338627,68.0063650209632,69.7262784713381,2333300
2023-02-10,68.87097930908203,69.24285425686125,68.10863885795075,68.10863885795075,1583200
2023-02-13,70.91626739501953,71.20446705559694,69.3079186591816,69.3079186591816,2224600
2023-02-14,71.39041900634766,71.65072933239205,70.57229982550466,70.65596796190847,1603100
2023-02-15,71.34394073486328,71.67862750739918,70.90698816555668,71.14870796637156,1766000
2023-02-16,71.63214111328125,72.61760369199025,70.89769004489307,71.1208121755032,1809700
2023-02-17,71.57635498046875,71.95752874948691,71.20448003562593,71.47408919331386,799800
2023-02-21,69.2056655883789,71.11151315695538,68.9639458100058,70.63737951732017,1029200
2023-02-22,68.18301391601562,69.2242624389137,67.81114602983978,68.88957566701522,1286800
2023-02-23,68.80760192871094,69.54406135584709,68.22030208230527,68.49064848813907,1124600
2023-02-24,68.60250091552734,68.95675131121091,67.81011031896654,68.40673432901133,1302500
2023-02-27,69.01268768310547,69.45083502863986,68.7982796920906,69.292358320095,1286900
2023-02-28,69.44149780273438,69.98219047331848,68.77029408922562,69.06860606052746,1212400
2023-03-01,71.091552734375,71.20341529616937,69.16184530790717,69.17116244651035,2472400
2023-03-02,69.9728775024414,70.55086015164007,69.3576120740992,70.44831472819645,2246700
2023-03-03,70.81187438964844,70.83984002704992,69.5906608076587,70.1220292552431,1325600
2023-03-06,69.8796615600586,70.8025633278059,69.12456076029444,70.69070075736386,2084300
2023-03-07,68.90083312988281,70.5601944177595,68.70505939383392,70.32713789727524,1003100
2023-03-08,69.10590362548828,69.72117613535063,68.53724525570128,68.94742692894285,1521000
2023-03-09,67.44656372070312,69.54407265742913,67.09232032738066,68.95677271558156,2497100
2023-03-10,64.24901580810547,66.7567060863044,64.09053909112788,66.72874044358132,3583800
2023-03-13,61.36844253540039,62.39388976721687,60.26841551267937,62.030322176957576,4237400
2023-03-14,63.35407638549805,63.84815501410513,62.03964145961125,63.31678649303264,3650600
2023-03-15,60.5760498046875,61.946416077378366,59.47601926232929,61.265895066849716,4275900
2023-03-16,61.666748046875,61.778610609048364,59.21499280138154,59.89551731849452,2678000
2023-03-17,58.823455810546875,61.33114588295187,58.5344680430306,61.0607995049478,7810800
2023-03-20,60.94893264770508,61.24724467992389,59.159060454392204,59.401441203169945,2193900
2023-03-21,63.27019500732422,63.57782424918948,62.29135464848324,62.90662735685677,2643600
2023-03-22,61.8438720703125,63.58713732528356,61.82523067893624,62.95322333368683,2382300
2023-03-23,62.58033752441406,63.23290008257669,61.909140685400146,61.98371337040996,2283300
2023-03-24,63.055755615234375,63.13033538982449,61.37774624855057,61.39639474835749,2065300
2023-03-27,63.40999984741211,64.6405376977241,63.046432331114396,64.32358431933896,2683400
2023-03-28,64.12781524658203,64.26765054255884,62.95320871762286,63.223555059893066,1624200
2023-03-29,65.36768341064453,65.40497330054625,64.39816761015798,64.81766642499346,2174600
2023-03-30,65.45158386230469,66.44906535599006,65.04140216356018,65.90837259170313,1315300
2023-03-31,66.61687469482422,66.626198947056,65.48888199367848,65.90838088394108,1516100
2023-04-03,66.45838928222656,67.59570608695422,66.10414597924566,66.47703067193308,1686700
2023-04-04,66.69145965576172,67.12028283148435,65.9736415370252,66.92451619337105,3266300
2023-04-05,66.18804168701172,66.71941018789354,65.43294095215846,65.88972967094331,1596900
2023-04-06,66.2066879272461,67.11094829254715,66.13211525200477,66.27194346328226,1503000
2023-04-10,66.85923767089844,67.07364562891708,65.9176875910742,66.01090875161789,992700
2023-04-11,67.98724365234375,68.43471526958261,66.84060252288923,66.94314795366647,1874400
2023-04-12,68.76099395751953,69.15252718312438,67.75418813826124,68.46268191244154,1508200
2023-04-13,69.06861877441406,69.36693791294778,68.46267758314671,69.03133599441708,1558400
2023-04-14,69.67456817626953,70.10339127619162,69.36693900636705,69.65592678597719,1246000
2023-04-17,70.60679626464844,70.62544476781598,69.05930478078496,69.2177814961088,1719300
2023-04-18,71.67886352539062,71.76276757193747,70.56019506178394,70.85850712623376,1845700
2023-04-19,72.29414367675781,72.50855171695676,71.38988313702141,71.65090533151823,1739900
2023-04-20,71.98648834228516,72.50853259359512,71.40850569810661,71.4551198401105,1468600
2023-04-21,71.81869506835938,72.21022829871106,70.81188923689484,71.71614963484056,1639600
2023-04-24,71.8093490600586,72.24749630465125,71.07288985715236,71.07288985715236,1280400
2023-04-25,70.06611633300781,71.54835240208166,69.6466103251472,71.10088074949446,1815300
2023-04-26,69.94490814208984,70.79323712504018,69.57201635960969,69.57201635960969,1597100
2023-04-27,70.70001220703125,70.88646166329676,69.37625307298396,69.9449114680346,1813500
2023-04-28,71.29664611816406,71.660213681574,70.55086248883507,70.55086248883507,1905800
2023-05-01,71.5017318725586,72.04242466342859,70.94239769097446,71.20341983489239,1791300
2023-05-02,69.74913787841797,71.25934631727984,68.86352616500861,71.14747665473935,2154000
2023-05-03,64.4541015625,68.28555078292331,63.39136454933495,63.39136454933495,3894000
2023-05-04,63.02781677246094,64.46344603820626,61.750664260852766,63.8854632078968,3463100
2023-05-05,65.6659927368164,65.92701484315322,64.09985298647656,64.10917012433218,1907800
2023-05-08,65.84312438964844,66.54229393817687,65.48888104549606,66.29992028222439,876000
2023-05-09,65.7685546875,66.29059903142752,64.85496997330608,65.47024261778131,1139400
2023-05-10,65.2185287475586,66.16940323064432,64.49139362068115,66.15075472813373,948800
2023-05-11,65.08802795410156,65.24650468885983,64.5380179526508,64.86429567489455,788900
2023-05-12,63.950714111328125,65.5261786212667,63.82020301595915,65.5261786212667,935900
2023-05-15,65.14395141601562,65.37700791993824,63.90409622051053,64.08121432711408,1097800
2023-05-16,64.37020874023438,65.09734388898785,64.33291884641112,64.7990318507218,712600
2023-05-17,65.70328521728516,66.06685275292884,64.82699058659566,64.99479153476344,1079400
2023-05-18,66.26262664794922,66.37448921751795,64.98547445091918,65.35836627822839,958300
2023-05-19,65.71260833740234,66.6821242248147,65.28378523356378,66.48635761951796,880600
2023-05-22,66.03889465332031,66.27195118235488,65.28379377519099,65.79652098399536,596200
2023-05-23,64.82699584960938,66.14143079003746,64.65919488781857,65.68464204884243,1271900
2023-05-24,63.4379768371582,64.23036744839595,62.356591353722685,64.23036744839595,1081200
2023-05-25,64.78434753417969,65.16768315432803,63.3351350207243,63.3351350207243,1182200
2023-05-26,64.92459106445312,65.38272628635978,64.29815311890823,64.86848777881208,542000
2023-05-30,64.6534423828125,65.2705214071426,64.12985218242578,64.99937813788333,516800
2023-05-31,63.39124298095703,64.44776108176816,62.96114864380242,64.15792141103367,745900
2023-06-01,64.43839263916016,64.7562874407399,63.20422750743528,63.58757018973967,859800
2023-06-02,66.58885192871094,66.99089104918103,65.25183877303465,65.25183877303465,593400
2023-06-05,65.74736785888672,66.42990198082683,65.27988088402738,66.3083508020609,616600
2023-06-06,66.86933135986328,67.31812197836439,65.74736551353783,65.74736551353783,738800
2023-06-07,67.43030548095703,67.94453673346266,66.6636273360521,66.75712327893646,802800
2023-06-08,67.21527099609375,67.44901446377617,66.59819195072012,67.17787118527042,567700
2023-06-09,67.09371948242188,67.32746292405058,66.4953368425151,67.26201504572589,860900
2023-06-12,66.34576416015625,67.52383357461784,66.15877218535321,66.92545069530422,595000
2023-06-13,67.16851806640625,67.48641288521762,66.28029576081322,66.28029576081322,904100
2023-06-14,66.69168090820312,67.51445526006772,66.20549055183658,67.27136008188444,761600
2023-06-15,67.5986099243164,67.729505688231,66.3644447693473,66.4298926513046,750800
2023-06-16,67.23397064208984,68.19699253281357,67.11241948050994,67.86040138784239,920900
2023-06-20,66.813232421875,67.02827955231857,65.88761028058441,66.7197364607935,651500
2023-06-21,66.654296875,67.07503231890215,66.11201024659933,66.55144916501762,432300
2023-06-22,65.49492645263672,66.5514444223734,65.47622297945344,66.5514444223734,653600
2023-06-23,65.06483459472656,65.56972139022503,64.63474742818015,64.81239476361995,800500
2023-06-26,64.9058837890625,65.80345784060233,64.68149205949865,64.84978763999266,470900
2023-06-27,66.0839614868164,66.4486007699818,64.9432920847973,65.04613979371939,397700
2023-06-28,65.69127655029297,65.88762023822304,65.21443780344244,65.87826850071617,541400
2023-06-29,66.7010269165039,66.79453000235797,65.94370042741676,66.0371963799869,443000
2023-06-30,67.0469741821289,67.55186091904044,66.7851826444602,67.31811745565275,477400
2023-07-03,67.19657897949219,67.59861805509699,66.92543568354617,67.06568319983342,170900
2023-07-05,66.33639526367188,66.86933010063339,65.95305967448856,66.5888422109764,593500
2023-07-06,65.62582397460938,65.70996820631387,64.75629791390368,65.5510243464597,724300
2023-07-07,66.7851791381836,67.34616199420509,65.69126149894906,65.71930957175753,1141300
2023-07-10,66.68234252929688,67.39292473608276,66.47664711681001,66.60754290052252,535100
2023-07-11,67.99129486083984,68.12219062022021,67.32746432875834,67.54250430490441,700700
2023-07-12,68.53357696533203,69.0197601641805,68.10348277410634,68.2437302596553,838900
2023-07-13,69.2441635131836,69.49661045630901,68.47748521422407,68.7579802325224,975800
2023-07-14,68.58967590332031,69.69294523026201,68.15958882783913,69.69294523026201,425900
2023-07-17,69.32830810546875,69.7022990489364,68.6738221710794,68.6738221710794,655800
2023-07-18,70.06694793701172,70.44093179886183,69.51530961419846,69.51530961419846,537200
2023-07-19,69.16001892089844,70.33808800490546,68.98237160136594,70.01084144086464,834000
2023-07-20,69.6648941040039,69.82383792493947,68.99171188206103,69.18805550791379,734600
2023-07-21,69.51531219482422,69.90799954431556,68.9262811705872,69.75840742067918,910600
2023-07-24,70.64663696289062,70.89908395112914,69.749062730535,69.749062730535,649600
2023-07-25,70.9271240234375,71.14216403610259,70.23524530160292,70.55313301885917,704700
2023-07-26,71.57225036621094,71.87144170993413,70.95516420730942,70.95516420730942,572900
2023-07-27,70.78687286376953,71.99299004651704,70.60922554074389,71.99299004651704,634700
2023-07-28,69.79581451416016,71.91820247676863,69.13198379222912,71.91820247676863,1071700
2023-07-31,69.43115997314453,70.55312573780803,69.03846553555638,69.88929516149895,923600
2023-08-01,69.56204986572266,69.58074620246464,68.52422841109002,69.0291151025289,1167500
2023-08-02,68.20633697509766,70.28197998645838,67.03761970593365,69.44985386147634,1172400
2023-08-03,68.61772155761719,68.9356163355118,67.6079482159992,67.93519472852458,924000
2023-08-04,67.76689910888672,69.1880560402581,67.62665162268897,68.4961774771749,731700
2023-08-07,68.89822387695312,69.10391926106252,67.93520197251756,68.11284214974312,567900
2023-08-08,68.1502456665039,68.25309336415376,66.65428888243964,67.51446314161602,579600
2023-08-09,67.50511932373047,68.19700521331114,67.2246314062902,67.86041400575445,437200
2023-08-10,67.40225982666016,68.29048924310044,67.28071579702029,67.8323540647672,655100
2023-08-11,68.05675506591797,68.09415488012618,67.09373303323314,67.10307763682131,406400
2023-08-14,67.8416976928711,68.2998399979096,67.42096232968825,68.02869673572889,474300
2023-08-15,66.9441146850586,67.52380094004141,66.78517086996565,67.06566582989225,396000
2023-08-16,66.32704162597656,67.10306443494535,66.29899355415988,66.78517677664455,497900
2023-08-17,65.57907104492188,66.71038864708076,65.17703196867657,66.61689268050196,466000
2023-08-18,65.69127655029297,65.91566831745794,64.89655006106585,65.10223835321712,604000
2023-08-21,65.61647033691406,65.98110959697394,64.99938412248353,65.79411766530193,546700
2023-08-22,64.60669708251953,65.92501374669804,64.5692972693565,65.82216604382093,375200
2023-08-23,65.49492645263672,65.51362279253503,64.59734520524816,64.83108868704446,331600
2023-08-24,66.19615173339844,66.5701355684663,65.47621787099554,65.56036922718489,457700
2023-08-25,66.42181396484375,67.10822602015105,65.75421165012794,66.59106576109664,440800
2023-08-28,66.90135192871094,67.41850493674457,66.49702865212528,66.55344351784926,351100
2023-08-29,67.12704467773438,67.49375579521642,66.55346940704383,66.87317050940675,516800
2023-08-30,66.61927795410156,67.43732955669334,66.35599895753813,67.14584312104306,953800
2023-08-31,65.51914978027344,66.96719154554737,65.30288077443392,66.93898410431072,1063900
2023-09-01,65.8576431274414,66.1867418467806,65.44391492380697,65.87644569405477,820400
2023-09-05,63.826629638671875,65.47213061667982,63.28126905234574,65.32168854336001,1493800
2023-09-06,63.71379470825195,64.35318960907284,63.441110850303325,63.441110850303325,626300
2023-09-07,63.2154426574707,63.82662293174145,63.05558855573383,63.394092152401974,1079900
2023-09-08,63.73259735107422,64.06169608560332,63.04619244388702,63.300066560862504,502500
2023-09-11,64.1933364868164,64.54124496755894,64.03348955261625,64.08050673270546,508600
2023-09-12,65.237060546875,65.75422087851112,64.02409036579539,64.20274705741788,807100
2023-09-13,64.6070785522461,65.66959961596555,64.47543902838053,65.66959961596555,682400
2023-09-14,65.35929870605469,65.77301977444175,64.5788594032885,65.20884946386687,946300
2023-09-15,65.33108520507812,65.58495931044683,64.92676187148052,64.92676187148052,1995000
2023-09-18,65.19004821777344,65.46273209440876,64.55065327313558,64.95497665244797,649900
2023-09-19,64.6258773803711,65.70720083319291,64.56005762955746,65.27467001730122,804100
2023-09-20,64.90796661376953,65.5379567564643,64.52245293458901,64.85155172750302,684500
2023-09-21,64.09931182861328,64.84213882567114,63.98648207005218,64.6822918851664,621400
2023-09-22,64.29676818847656,64.64467666729557,64.14632612588892,64.23094844100426,527500
2023-09-25,64.40020751953125,64.68229628274197,63.854846910507234,63.854846910507234,320900
2023-09-26,62.519630432128906,64.4660226726609,62.49142299258442,63.88304979190212,641200
2023-09-27,62.068302154541016,62.79231946635983,61.72979850454862,62.65127508322711,910700
2023-09-28,63.2624626159668,63.2624626159668,62.21874422431792,62.265761409958635,676800
2023-09-29,62.48202133178711,63.84544076161273,62.40680388040871,63.56335200404464,592800
2023-10-02,62.246952056884766,62.519635952918726,61.42890754259824,62.21874461484942,620700
2023-10-03,60.582645416259766,61.80502045198318,60.15011458754002,61.71098608476214,732100
2023-10-04,61.02458572387695,61.212640124887294,60.17832657169932,60.72369437797108,650400
2023-10-05,61.34427261352539,61.78620829647418,60.648462800911744,60.648462800911744,523200
2023-10-06,61.917850494384766,62.50083057424097,60.79891469231042,61.080996273803386,523400
2023-10-09,61.842620849609375,62.07769240201202,61.41009005404624,61.44770236328841,488100
2023-10-10,62.54783248901367,63.43170377902329,62.35037325538019,62.35037325538019,574600
2023-10-11,62.895748138427734,63.26245921047575,61.88964211468821,62.613659387399295,990600
2023-10-12,62.143516540527344,62.97097305469045,61.616958521561706,62.97097305469045,391900
2023-10-13,62.04948425292969,62.75469890206135,61.59815089482148,62.36918529091952,372300
2023-10-16,64.04290008544922,64.30617910007064,62.67008295648389,62.73590271013924,870300
2023-10-17,65.12422180175781,65.4815279619132,63.647972809542736,63.694982813508005,782300
2023-10-18,63.79841995239258,64.61647156380633,63.54454582405849,64.61647156380633,448900
2023-10-19,63.17784118652344,64.4566311768839,62.96157217285001,63.44112021268904,761800
2023-10-20,61.99307632446289,63.1496316351375,61.24084441155735,63.05559726566292,750300
2023-10-23,62.03068542480469,62.37858674810751,61.579344865674095,61.78620898969999,601800
2023-10-24,62.340980529785156,62.9239534068599,61.983667167640306,62.55724234746943,463800
2023-10-25,61.663978576660156,62.218744061932945,61.475917008403464,62.0212847956249,415400
2023-10-26,62.5572395324707,63.394093673813565,61.75799769986188,61.75799769986188,774100
2023-10-27,61.870826721191406,62.547826670464694,61.325459074947815,62.46320436698558,774200
2023-10-30,62.12471008300781,62.98977168111015,62.03068289605139,62.519628572513504,851000
2023-10-31,62.78290557861328,62.79231044915564,61.83322169444937,62.18112299255948,687000
2023-11-01,63.676185607910156,63.9676720480046,59.25683954258909,61.11860587576029,1771800
2023-11-02,64.2591552734375,64.56005374340432,63.553940625535084,63.95826397728504,759600
2023-11-03,65.93287658691406,66.29018279101564,65.3216890696807,65.41571626299006,731800
2023-11-06,64.98318481445312,65.79183158206214,64.1275208637307,65.5473551427393,823700
2023-11-07,64.14633178710938,64.9455736980427,64.01469228054695,64.85154650390027,558400
2023-11-08,63.86423873901367,64.36258929091161,63.751408983151244,63.96767079776395,600700
2023-11-09,64.10871887207031,64.60706945277433,63.967674495274935,64.2027460653289,689100
2023-11-10,65.32168579101562,65.34989323021114,63.939463879918804,64.49422931426942,525500
2023-11-13,64.5130386352539,65.64137923859818,64.5036337643119,64.98318174894979,497500
2023-11-14,67.09882354736328,67.2586704790319,65.17123397526481,65.38750295690983,723700
2023-11-15,67.00480651855469,67.79464359979777,66.92958188972712,67.2586806735784,628900
2023-11-16,65.97048950195312,67.44673868922914,65.90466257483843,67.13644249203871,605400
2023-11-17,66.52526092529297,66.69451275947603,66.08332518193633,66.57227811349438,470900
2023-11-20,66.60047912597656,66.98599277150333,65.90466211162527,66.07391392946545,558000
2023-11-21,66.36540222167969,66.8543478929143,65.99869117480011,66.2619701649891,344600
2023-11-22,66.60047912597656,66.7979383844876,66.15854342529305,66.55346194231511,337600
2023-11-24,67.2529525756836,67.70684921030185,66.57210040919927,66.8841588545974,267400
2023-11-27,67.29078674316406,67.47045087637707,66.86525047968964,67.13948303671329,693000
2023-11-28,66.73286437988281,67.43262599668721,66.72340609444335,67.40425835492671,712900
2023-11-29,66.74231719970703,67.4326204745421,66.69503299093977,66.93143960566141,518700
2023-11-30,67.62174224853516,67.95271002783,66.73285117166631,66.80850301109271,719100
2023-12-01,67.56501007080078,68.25532058542075,67.14893931958427,67.30969409197606,840600
2023-12-04,68.24586486816406,68.32151672197988,67.50827732985465,67.62175511057836,648800
2023-12-05,67.74468231201172,68.07565014619693,67.49881740037797,67.73522402687566,462600
2023-12-06,67.34752655029297,68.98345650248822,67.29079126384129,68.30261142139321,613000
2023-12-07,68.00000762939453,68.00945870026764,67.33806472582339,67.33806472582339,383000
2023-12-08,68.7659683227539,69.0307426195681,68.0000130763188,68.33098094733653,467200
2023-12-11,69.01182556152344,69.61702594801676,68.90780606873012,69.12529612489239,508600
2023-12-12,69.83452606201172,69.96691321471417,68.87944113360795,68.96455128295024,554000
2023-12-13,70.0709228515625,70.52482675014262,69.37116125520262,69.57920024144528,865200
2023-12-14,71.20568084716797,71.8959841763619,70.60993151383965,70.60993151383965,646800
2023-12-15,70.04254150390625,70.97870954424042,69.93852203114064,70.78012888202143,1560600
2023-12-18,70.06147003173828,70.45863867943727,69.78724467163514,70.3357026063997,538600
2023-12-19,70.7990493774414,70.8841522883051,69.91961655906634,69.91961655906634,380500
2023-12-20,69.59811401367188,70.92199265276852,69.56028808517675,70.51537293964365,475700
2023-12-21,69.97635650634766,70.37351787934942,69.26713667689144,69.8817953053316,399500
2023-12-22,69.68321990966797,70.56265285354867,69.56028384591146,70.1938590913946,467600
2023-12-26,70.2127685546875,70.59102060260747,69.73995529842698,69.77778122467475,332300
2023-12-27,69.21041107177734,70.18440528602315,69.08747500017392,70.08984407179157,718000
2023-12-28,69.21041107177734,69.6170307860755,69.0780239289415,69.10639157175515,439900
2023-12-29,68.99290466308594,69.1914853510816,68.64302028067992,68.93616938496068,609300
2024-01-02,69.380615234375,69.52245343023048,68.42553049979024,68.82269187730013,526400
2024-01-03,68.33097839355469,69.09693361136323,68.08511346374819,68.5011914657964,783900
2024-01-04,68.66194152832031,69.3617031262562,68.05674113855558,68.17966998772232,726400
2024-01-05,70.05201721191406,70.23168135219814,68.55792551741979,68.55792551741979,752800
2024-01-08,69.70211791992188,70.13710517846498,69.15365290128018,69.55082145434697,542300
2024-01-09,67.68794250488281,69.46571762004753,67.42316825523672,69.07801453008207,766800
2024-01-10,67.30023956298828,67.87707233334716,67.15839413814368,67.59338869821595,657200
2024-01-11,66.95036315917969,67.47991172273974,66.48700095150656,67.25296336900801,857800
2024-01-12,66.77069091796875,67.7825110325115,66.67612970638268,67.54610439626731,387200
2024-01-16,66.13712310791016,66.46809095695934,65.91962582735896,66.18440010659832,694100
2024-01-17,66.29786682128906,66.34515102664119,65.41843398945996,65.45625991083028,542800
2024-01-18,66.97872924804688,67.139484027605,66.2600510609146,66.4018964841662,416200
2024-01-19,67.95272064208984,68.06619841895474,66.63830038860812,67.07328771142042,571900
2024-01-22,68.31206512451172,68.62412364113472,68.06620739737716,68.16076861662573,537400
2024-01-23,67.858154296875,68.5862834699216,67.8392377282178,68.36879343226332,428000
2024-01-24,68.0378189086914,68.55791633220686,67.9716253470219,68.22694852385936,439800
2024-01-25,68.21748352050781,68.56736786318947,67.84868982545036,68.3120447114996,815100
2024-01-26,68.25532531738281,68.52955788524051,67.8770732508702,68.31206060226438,452300
2024-01-29,68.23640441894531,68.32150733187315,67.89597833812022,68.1418360073941,537300
2024-01-30,69.11582946777344,69.27659143733585,68.10400951780169,68.10400951780169,557200
2024-01-31,68.43500518798828,69.43736715660164,68.23642445163426,69.14422519549223,891500
2024-02-01,67.35698699951172,68.42554247783389,66.118211227251,68.29315532882259,792000
2024-02-02,67.79196166992188,68.35933608998656,67.21512896539825,67.3191484507751,673600
2024-02-05,67.58393859863281,67.80142869045396,66.90308624855834,67.25297071027963,455100
2024-02-06,67.86759948730469,68.03781251768864,67.28131577174831,67.52718064109322,589800
2024-02-07,65.0401840209961,65.87233988801144,59.678483950452936,60.56737509401677,1786900
2024-02-08,65.44680786132812,65.62647920131357,64.40662017550414,65.18203360107012,836300
2024-02-09,66.02364349365234,66.11820470296398,64.784875058187,65.21040410736823,913300
2024-02-12,65.09693145751953,66.39244249231278,64.95509323965322,66.0236486967436,950400
2024-02-13,63.55556106567383,64.95509156724061,62.988186565141746,64.34043285226494,1215200
2024-02-14,64.3215103149414,64.96453661312023,63.70685887153193,64.09456197868933,745100
2024-02-15,64.79432678222656,65.3995343999503,64.5768367200727,64.5768367200727,1055200
2024-02-16,65.55083465576172,66.05201559203398,64.6430339989096,64.6714016421615,1233800
2024-02-20,66.32624053955078,66.74231849821423,64.91725910847337,64.91725910847337,951200
2024-02-21,65.23876953125,66.62884162601188,64.2836919707403,66.32624143776529,1566100
2024-02-22,64.87943267822266,66.07092405039512,64.80378082913545,65.42789776226874,974700
2024-02-23,64.91748809814453,65.4977035906333,64.61311335264766,65.0601653475357,831600
2024-02-26,63.89973449707031,65.35502647881773,63.78559124594383,64.76529723329712,831800
2024-02-27,63.814117431640625,64.25166287895622,63.5287702240595,64.01386991087254,912800
2024-02-28,64.67015838623047,65.25037367269327,63.671432508857926,63.78556846234977,879800
2024-02-29,65.02210998535156,65.19332121320465,64.40384681494508,65.09820547703416,1050200
2024-03-01,64.87942504882812,65.45012665495103,64.33725743448166,65.02210226457501,796100
2024-03-04,63.55730056762695,64.92699030729426,63.31950761320499,64.59408162247654,1103500
2024-03-05,64.04240417480469,64.1565401555701,63.25292977580481,63.25292977580481,1009200
2024-03-06,64.75576782226562,64.83186329608758,63.804596170082625,64.28018199617412,1235800
2024-03-07,64.69871520996094,65.47867594718474,64.65116096484303,64.84139245904734,942000
2024-03-08,65.24087524414062,65.34550473065309,64.47994210034551,64.65115332765087,813900
2024-03-11,65.46916198730469,65.86865243370252,65.22185526754461,65.24087551204977,1004200
2024-03-12,66.22059631347656,66.46789580502605,65.06016532883261,65.65940106786364,1155200
2024-03-13,67.27639770507812,67.56174494651349,66.05889146827501,66.32522571989423,1718900
2024-03-14,66.38229370117188,67.65686067772224,65.64038071400181,67.29541793590937,1558100
2024-03-15,66.76274871826172,67.03858940180608,65.82108344299711,65.82108344299711,2964300
2024-03-18,67.59026336669922,68.05634275696065,66.50592813405754,66.7817688170088,1237500
2024-03-19,68.5699691772461,68.58899667642407,67.59026341865575,67.66635890163832,988700
2024-03-20,67.91368103027344,68.89338701155953,67.45711528546133,68.37023951821922,1122500
2024-03-21,68.92190551757812,69.41651890135016,67.96121999887315,68.04682923166106,1063500
2024-03-22,67.64735412597656,69.25482984453893,67.61881287068402,68.96948260341054,762500
2024-03-25,68.07537078857422,68.68412020789172,67.64734634766411,67.64734634766411,717400
2024-03-26,68.2275619506836,68.48437516452975,67.79953025178597,68.199020698598,603500
2024-03-27,69.8255386352539,69.9396746286232,68.38926691147114,68.62705990681224,1415500
2024-03-28,70.31063079833984,70.79573053853342,69.99674230428128,70.04430380587789,756100
2024-04-01,69.63529205322266,70.23452772161639,69.45456707489171,70.23452772161639,449400
2024-04-02,68.68412780761719,70.38672652270661,68.63657356273514,70.38672652270661,892100
2024-04-03,68.6175308227539,69.08360295755786,68.10389719676265,68.67459880668693,924000
2024-04-04,67.32394409179688,69.32140357615535,67.20980811129185,69.32140357615535,1282500
2024-04-05,67.64735412597656,68.36073311409704,67.58077237735998,68.10391261452853,992500
2024-04-08,67.58077239990234,68.06586488704232,67.05762490569296,67.54272464969927,1119200
2024-04-09,67.79000854492188,68.21804019358359,67.390518144996,67.86610402782146,1012800
2024-04-10,66.58203125,67.60929861664772,66.45838151872158,67.00054919719696,707000
2024-04-11,65.45012664794922,66.69616659134978,65.193313465124,66.51544163429875,683800
2024-04-12,64.96503448486328,65.73548129270341,64.64163231103129,65.00307496944149,716500
2024-04-15,64.2231216430664,66.13497913885922,64.04240392194617,65.7450024446746,529400
2024-04-16,63.880706787109375,64.2801972340799,63.081718636302796,64.1470337517564,960000
2024-04-17,64.16606140136719,64.8318861466897,64.02338415187906,64.25167065380661,756400
2024-04-18,64.7748031616211,65.17429360701387,64.38482646688972,64.60359193404341,460500
2024-04-19,65.56428527832031,65.83061227327353,64.86042004067733,64.86042004067733,681500
2024-04-22,65.621337890625,66.11595127117778,65.21233374230295,65.77352885598421,888000
2024-04-23,65.56428527832031,66.04938502305158,65.40258778236533,65.72598277427528,667000
2024-04-24,66.1920394897461,66.33471670553857,64.94600680267875,65.25038147649919,1054400
2024-04-25,64.62261962890625,65.93523420635604,64.54652413711815,65.93523420635604,1633300
2024-04-26,65.0125961303711,65.37404608685078,64.35629247204177,64.47042845251706,799800
2024-04-29,65.68792724609375,66.02084320723198,65.17429356370202,65.19332106501217,680600
2024-04-30,64.83187866210938,65.54525757032695,64.7748034147834,65.31697109475415,1081500
2024-05-01,67.10517120361328,68.4368058746802,66.45837411043877,67.2954026546615,1630300
2024-05-02,66.67713928222656,67.86610398860316,66.25862864024997,67.58075681319157,933100
2024-05-03,67.29541778564453,67.42858128269226,66.30619805267118,67.17176804034774,573300
2024-05-06,69.27384185791016,69.4165190750038,67.82805670142938,67.82805670142938,888600
2024-05-07,70.15843963623047,70.71011380933288,69.50212871930773,69.58773796175508,1059500
2024-05-08,69.93966674804688,70.04429623475694,69.25482183753203,70.02527599029398,622900
2024-05-09,69.87307739257812,70.31061553619983,69.82552315817026,69.88259114220557,623300
2024-05-10,69.86357116699219,70.51988208153931,69.72090119153889,70.27257536264445,395400
2024-05-13,70.0062484741211,70.60549139912726,69.98722822966216,70.01576222478332,501900
2024-05-14,70.02527618408203,70.5579301129052,69.85406495597951,70.25355540259689,545300
2024-05-15,70.57695007324219,70.58646382389445,69.87308491915063,70.51988208305964,541600
2024-05-16,70.18696594238281,71.04302198874699,70.16793844309431,70.57694259542028,648200
2024-05-17,71.14766693115234,71.3378984242037,70.00625620224531,70.45330819346893,732100
2024-05-20,70.51036834716797,71.21424075827237,70.00624841547528,71.14765901742362,633200
2024-05-21,70.7576675415039,70.77669504078895,69.9681932290632,70.49134060643107,547600
2024-05-22,71.24278259277344,71.25229634447456,70.68158735226804,70.68158735226804,684100
2024-05-23,69.435546875,71.337890625,69.41652663052082,71.337890625,829500
2024-05-24,70.860595703125,70.97536782526188,69.1773150262053,69.66508012737908,688000
2024-05-28,70.79365539550781,70.85104511170665,70.21025043946887,70.78409652351537,694400
2024-05-29,70.50672912597656,70.52585416494517,69.61726522854937,69.93288309789247,836700
2024-05-30,71.25273132324219,71.3770623215046,70.62149557010615,70.72670152896215,477700
2024-05-31,72.51519012451172,72.5821387027136,71.281417214636,71.52052032204956,884800
2024-06-03,72.88819885253906,73.10817694751772,72.41955875070458,72.55345592265729,764800
2024-06-04,72.13262939453125,73.40465977775418,72.03698960337616,72.41955606484487,1039000
2024-06-05,72.02742767333984,72.28566315118648,71.38663300836284,72.13263363885532,764600
2024-06-06,71.63529968261719,72.37173411728958,71.29099058938507,71.93178523079266,796300
2024-06-07,71.023193359375,71.87439988943632,70.64062690503494,71.53009081021509,660300
2024-06-10,70.43022155761719,70.90842784592087,69.57901494818456,70.23894196103527,740900
2024-06-11,69.42597961425781,70.57367898809751,68.92864832672107,70.06678153247883,614900
2024-06-12,69.2920913696289,70.57368807422395,68.92865720105529,70.28676136961111,693900
2024-06-13,68.09657287597656,69.167757593995,67.66619013309221,69.01473537533461,686500
2024-06-14,67.63749694824219,67.79051916243459,66.91062136449436,67.42708501898503,513700
2024-06-17,68.53652954101562,68.54608841316193,67.17841812079821,67.40796239559069,690600
2024-06-18,69.10079956054688,69.5503145798551,68.3356666812757,68.3356666812757,842700
2024-06-20,69.72245788574219,69.87548005884717,68.69909702019193,68.93820009435645,756300
2024-06-21,69.67465209960938,70.0380935348967,69.3016517926503,69.95201261191075,1751000
2024-06-24,71.00405883789062,71.52052244082576,69.53118277696778,69.85636680704457,761500
2024-06-25,70.35369873046875,71.22403757783847,70.00938965863546,70.9275520480896,586500
2024-06-26,68.76606750488281,70.37284096722217,68.58434677561229,70.03809801607837,679100
2024-06-27,68.21133422851562,68.59390065995692,67.78095155367403,68.45043733606046,570500
2024-06-28,68.04874420166016,68.6608475582506,67.73312635617982,68.34522971277026,1130400
2024-07-01,68.010498046875,68.81388109858568,67.70444631810206,68.44088078217018,638200
2024-07-02,68.1252670288086,68.35480399055368,67.6279284320377,67.98180369139975,768300
2024-07-03,68.63216400146484,69.234701258013,68.01049440841449,68.39306087312612,371200
2024-07-05,66.89149475097656,68.39306213272425,66.66195048981301,68.20177524842128,1348400
2024-07-08,66.78629302978516,67.50360247356156,66.78629302978516,67.14016101873149,610600
2024-07-09,67.39838409423828,67.89571533973296,66.43240551137339,66.7384571924888,531600
2024-07-10,67.73311614990234,67.80963088215852,67.1401379201867,67.1401379201867,684400
2024-07-11,69.27296447753906,69.41642782601352,67.99136780717605,68.16352236597558,816300
2024-07-12,68.72779083251953,69.8659238437705,68.67996729713114,69.76071790339368,714700
2024-07-15,69.03385162353516,69.48336664702808,68.88082212751715,68.88082212751715,691100
2024-07-16,69.74159240722656,69.92331310329998,68.67041515925126,69.03384925455035,854500
2024-07-17,69.9041748046875,70.26761616582749,69.64594668210914,69.64594668210914,667100
2024-07-18,69.04341888427734,70.78408929637489,68.95733796719247,69.61726490973348,766200
2024-07-19,68.50782012939453,69.07210726071187,68.25915814988988,69.07210726071187,496200
2024-07-22,68.94776916503906,69.19643844208011,68.06787147316804,68.69910718484583,679000
2024-07-23,69.53118896484375,69.65552726543025,68.57477642174081,68.77562947701922,588600
2024-07-24,68.31654357910156,69.66508137839854,68.26872003647374,69.0242867695351,543000
2024-07-25,69.1581802368164,70.21979861415718,68.2495913502282,68.2495913502282,918800
2024-07-26,70.31544494628906,70.5067318275453,69.55988548008432,70.22937132236007,754100
2024-07-29,70.42064666748047,70.64062474347045,69.9233153998502,70.39195546123133,669200
2024-07-30,71.07100677490234,71.70224249394875,70.5354181382675,70.73626387700557,1049100
2024-07-31,69.55987548828125,72.68734075488518,68.10612458694902,68.10612458694902,1536900
2024-08-01,67.3218765258789,69.40685610598962,66.83410409881606,68.70867175757225,929200
2024-08-02,65.15081787109375,66.54717915425906,64.13701572546033,66.15504655238671,1027600
2024-08-05,61.76511764526367,63.06583915833742,61.306036459594395,62.99889057884897,826700
2024-08-06,61.946834564208984,62.56850415008219,61.50688568876674,61.870327109628654,695700
2024-08-07,62.243324279785156,63.03714836813207,61.478191397572814,62.74065554542961,996100
2024-08-08,62.55894470214844,63.76401919022435,62.224194491945774,62.740658114056124,1123200
2024-08-09,62.85542678833008,63.247552094768686,62.157242495805754,62.616323678086495,789900
2024-08-12,61.98508834838867,63.018015542280686,61.88944856306858,62.979758168783064,572600
2024-08-13,62.87455368041992,62.989325803586176,62.07117070880034,62.338965032673535,673700
2024-08-14,63.31450653076172,63.66838179352319,62.78848401767407,62.98932977323646,510800
2024-08-15,64.0892105102539,64.56741681130701,63.4962320700824,64.17528414195591,562200
2024-08-16,64.73957061767578,64.99779880662382,63.85966548837917,63.85966548837917,596500
2024-08-19,65.02647399902344,65.19862851486535,64.66303993084485,64.67260609751584,366500
2024-08-20,63.8787956237793,65.00736273408154,63.77358965865249,64.84477435046692,553900
2024-08-21,64.17527770996094,64.44307204421501,63.601431665581,64.30917487708797,418300
2024-08-22,64.51002502441406,64.70131191680996,63.85966418396569,64.17528208378229,594200
2024-08-23,65.85855865478516,65.97333077001107,64.55783720294832,64.89258008463113,611100
2024-08-26,65.75336456298828,66.80541693662632,65.70554101547565,66.27939439823173,581400
2024-08-27,66.2058334350586,66.53315998913963,65.61858469774361,65.7437348639051,664800
2024-08-28,66.39837646484375,66.94712307426708,66.0421696905106,66.12881775774791,669700
2024-08-29,66.9278564453125,67.13965464479473,66.16731904887793,66.69680720266051,804400
2024-08-30,68.18902587890625,68.31417603912575,66.6294267492314,67.14929312578968,514800
2024-09-03,67.63065338134766,68.21790946449494,67.18780585625574,67.76543274355284,643100
2024-09-04,68.42005920410156,68.65110842484843,67.80392305216172,67.80392305216172,822800
2024-09-05,68.42970275878906,68.9688201686521,67.72691841099717,68.9688201686521,914000
2024-09-06,67.13004302978516,68.9495717010218,66.84122592374717,68.43932716769812,870500
2024-09-09,67.76542663574219,67.96759566082812,66.90861190541068,67.44772930563984,638100
2024-09-10,68.10238647460938,68.23716584735418,66.24434815614184,67.76543804274738,778700
2024-09-11,72.1457748413086,72.46346481457121,67.7365438550352,67.89057424435595,1889000
2024-09-12,72.5308609008789,72.74265913173197,71.48150628701026,72.35757945191631,897500
2024-09-13,72.29981231689453,72.8581881408722,71.97249311692951,72.53086159598303,887600
2024-09-16,73.62835693359375,73.77275813212235,72.59825342952256,73.16625106353136,821600
2024-09-17,74.00382232666016,74.63920970009825,73.61873528628209,73.95568369226625,727900
2024-09-18,73.91716766357422,74.571813370374,73.46469098234034,74.17710451424733,779300
2024-09-19,74.97615051269531,75.20720712047599,74.00381483174864,74.96652866273051,823500
2024-09-20,73.76314544677734,74.61033107807165,73.4550772767681,74.50443195604429,2825400
2024-09-23,74.15784454345703,74.94726958380639,73.92679528272453,74.04232358555257,622900
2024-09-24,74.80286407470703,74.99541125389476,73.9749295665095,74.15784755050686,1039400
2024-09-25,75.6789321899414,76.0351389390988,74.41777946591064,74.94726764744779,831800
2024-09-26,75.71743774414062,76.71866092338469,75.63078968746643,75.80407845589181,603100
2024-09-27,75.56340789794922,76.37209134989722,75.4093775015786,75.9677532963851,561900
2024-09-30,76.26619720458984,76.54538512017069,75.06280481584012,75.34199273142097,786500
2024-10-01,75.58265686035156,76.22767329548789,74.83174132751549,76.11214500392741,806000
2024-10-02,76.47799682617188,76.8438254748088,75.84260210783343,76.39134875325101,769900
2024-10-03,75.41899108886719,75.82333644300329,74.9183831743542,75.7559467748011,694500
2024-10-04,76.98822784423828,77.17114582631477,75.42862876135293,76.32395293663315,600700
2024-10-07,76.26619720458984,77.0459931221239,75.72707976480574,76.99786183352846,475500
2024-10-08,75.52490234375,75.81371945105701,74.87025659945502,74.89914418612503,725800
2024-10-09,76.27582550048828,76.98823172964539,75.68856943411207,75.71744967591349,632100
2024-10-10,76.17955017089844,76.90158561398327,76.14104073254299,76.69941657131044,557500
2024-10-11,76.86306762695312,77.36368292497137,76.24693137164105,76.24693137164105,656000
2024-10-14,78.00870513916016,78.13386264530297,76.9593505272112,77.01711101009306,586900
2024-10-15,78.7307357788086,79.19284164860284,77.98944936207197,78.26863725393797,560400
2024-10-16,79.57792663574219,80.08816377713313,78.95216119359496,78.95216119359496,569800
2024-10-17,80.77169799804688,80.80057823997309,79.78010385231778,80.27108265491182,467400
2024-10-18,80.42511749267578,80.74281483220787,80.17480983017256,80.675425155179,602300
2024-10-21,79.00028991699219,80.46361896612773,78.94252944094741,80.29033019307018,823300
2024-10-22,79.27948760986328,79.6549454404934,78.32640291248866,78.65372211050503,694000
2024-10-23,78.53820037841797,79.62606442259624,78.47081070037018,79.00029892933878,617200
2024-10-24,78.17237091064453,79.24098399789321,77.97983105588382,78.77888540849763,1052900
2024-10-25,76.77643585205078,78.27826723119472,76.61277624687216,78.27826723119472,822500
2024-10-28,77.65249633789062,77.97981549465072,77.00747252881794,77.00747252881794,686000
2024-10-29,77.4021987915039,77.92206517729979,77.26741943351136,77.45033007940174,718500
2024-10-30,77.88356018066406,79.00993374164811,77.3444353730308,77.3444353730308,596400
2024-10-31,77.3059310913086,78.13386565414378,77.27704350383117,77.92206741552208,706500
2024-11-01,76.98822784423828,78.05684080650576,76.98822784423828,77.72951427778591,696400
2024-11-04,76.05439758300781,76.8630737279471,75.97737870874955,76.80531324471548,1323900
2024-11-05,72.16503143310547,76.05439638267357,71.7318131258573,76.05439638267357,2032300
2024-11-06,79.83785247802734,80.01114124877063,75.59228126727848,75.82333785821827,1889300
2024-11-07,78.22050476074219,79.94376353163129,78.12423483925227,79.59718593832821,759600
2024-11-08,78.2493896484375,78.95217407239488,77.50810312953762,78.51894838258292,783600
2024-11-11,80.13630676269531,80.81983278257401,79.17359281724511,79.32763057408091,814300
2024-11-12,80.21332550048828,81.15678839714224,79.86674789313984,79.9533959674392,572700
2024-11-13,79.0484390258789,80.47325148669118,78.87515022984236,80.29997003557882,1137800
2024-11-14,78.3167724609375,80.00152174646134,78.03758455508839,79.4912845666048,707100
2024-11-15,78.39379119873047,79.30836644275384,77.71989442365262,78.70185934518376,719900
2024-11-18,78.28788757324219,78.44192531005397,77.70063155526348,78.24937813903924,576600
2024-11-19,76.94972229003906,77.34443116952073,76.71867301071018,77.33480931886997,763600
2024-11-20,76.94972229003906,77.21928100674344,76.32395678630435,77.21928100674344,458900
2024-11-21,77.6717529296875,77.85467090972124,76.58388893431423,77.49846414463548,561300
2024-11-22,78.63447570800781,78.7596258773003,77.29630390547258,77.51772400075347,669300
2024-11-25,79.81861114501953,80.22294921096979,78.78850024450378,78.99067662240292,794100
2024-11-26,79.7798843383789,79.80892218351076,78.80224242224344,79.4217410684109,503200
2024-11-27,80.2735595703125,80.56395282676898,79.7895757328899,80.14772643118525,480500
2024-11-29,80.34130859375,80.7768910477858,80.00252142005476,80.42842213055455,441300
2024-12-02,80.29290771484375,80.91240637453221,79.934764437059,80.7091340691663,858800
2024-12-03,79.92508697509766,80.68010054547655,79.62501937276937,80.53490392386362,661800
2024-12-04,79.2571792602539,79.8573217917151,78.947429943856,79.77020825819986,449700
2024-12-05,79.39269256591797,79.68308577528002,78.86031486209565,79.54757091357935,451800
2024-12-06,78.51185607910156,79.52822505779574,78.00850876936475,79.35399058673408,518200
2024-12-09,77.15669250488281,79.04423365791162,76.90501887414437,78.74415869568283,822900
2024-12-10,69.89693450927734,74.23343229644134,69.89693450927734,73.80752421970924,2794300
2024-12-11,69.02577209472656,70.04214110090763,67.94165303214115,69.76142959077184,1789100
2024-12-12,67.92227935791016,69.80013871687676,67.84484018362149,69.80013871687676,1179400
2024-12-13,67.59318542480469,68.15460845624116,67.36086786248156,67.51574623736364,1003300
2024-12-16,66.88655853271484,68.14491934507683,66.72200581594636,67.65125380976478,983000
2024-12-17,65.88956451416016,66.78977481797668,65.45398198021998,66.16059430283475,1187700
2024-12-18,63.81810760498047,66.4897003928559,63.76003190905072,66.07347400700938,860500
2024-12-19,64.60215759277344,65.17326233498093,63.8374622784657,64.33112783783034,948100
2024-12-20,65.05709838867188,65.79275579718045,64.23432744514582,64.24400918848322,2271300
2024-12-23,65.5604476928711,65.67659907650993,64.46663959689477,64.67959364690809,669100
2024-12-24,66.02507019042969,66.16058506584712,65.48301068875996,65.80244177438969,299200
2024-12-26,66.56713104248047,66.81880469550693,65.60884515115832,65.60884515115832,453700
2024-12-27,66.39289093017578,66.97367737010953,66.00570981689509,66.17026252854002,436600
2024-12-30,66.22833251953125,66.53808181450545,65.33780421960614,65.7637122695728,443400
2024-12-31,66.6252212524414,66.98336458949153,66.36386582728873,66.61553950724854,526300
2025-01-02,66.43160247802734,67.24469896451852,66.23801194481803,66.86719225525651,684300
2025-01-03,67.0220718383789,67.40926033967932,66.27674006600589,66.97367789134536,536000
2025-01-06,66.38322448730469,68.36755377699954,66.34450489435847,67.12855634274949,694500
2025-01-07,66.3445053100586,67.40926827522586,66.04443769410429,66.59617897328233,492300
2025-01-08,66.17027282714844,66.25738637569286,65.35717611569625,65.78308426860013,557300
2025-01-10,64.2730484008789,64.91190315961768,63.643868000676996,64.30208624650251,731400
2025-01-13,65.31845092773438,65.53139757686684,63.90521186208905,63.96329493458521,608500
2025-01-14,66.09282684326172,66.31546264166467,64.88286733782707,65.05710180200992,529200
2025-01-15,67.01239776611328,67.7867673870142,66.68328495385039,67.44798021630714,575000
2025-01-16,67.57381439208984,67.61253398148806,66.77040691334842,66.89624004013767,366600
2025-01-17,67.43829345703125,68.17395081942698,67.31246034155807,67.6899670729835,602200
2025-01-21,67.75772857666016,68.33850763031597,67.43829751239724,67.82548600983657,750100
2025-01-22,67.3608627319336,67.96100531138066,66.98335595317059,67.44798365742103,710100
2025-01-23,67.73837280273438,68.00940253675114,67.47701742707079,67.68028972758337,887600
2025-01-24,67.748046875,68.19331106257675,67.48669888544642,67.84484215316776,929000
2025-01-27,68.96769714355469,69.04513633029306,67.79645713791415,68.10620649986033,913500
2025-01-28,69.49039459228516,71.07786085867892,68.50306350891424,68.67729797156754,934900
2025-01-29,69.5194320678711,70.34220304295526,69.22903883666179,69.50975032416235,631900
2025-01-30,68.52242279052734,70.05181327049822,67.43829649111643,70.05181327049822,1428000
2025-01-31,68.71601867675781,69.22904032928288,68.05780040549755,68.3578753868854,846900
2025-02-03,66.71231842041016,67.68996766457195,66.40256911537946,66.90591635168306,668000
2025-02-04,66.23802947998047,67.46734519980733,65.90891662439218,67.07048228616523,1444200
2025-02-05,69.9066162109375,70.45835740773778,63.09212391229521,67.75772711234501,3606900
2025-02-06,68.57083129882812,69.61623823259536,68.135248768929,69.0548151698306,1134900
2025-02-07,70.02277374267578,70.47771970344628,68.52242837003608,68.9386547399956,1335200
2025-02-10,69.78077697753906,70.28412423800899,68.68697630710476,70.11957152728111,799900
2025-02-11,71.61991119384766,71.93934223204636,69.2774316837353,69.44198438159314,1003400
2025-02-12,71.05850982666016,71.49409232187176,70.43900372690403,71.02946459330647,973800
2025-02-13,71.84256744384766,72.0458397847428,70.23573743723671,71.0778720366662,686100
2025-02-14,72.55885314941406,73.38162416347821,72.19102810612846,72.40398216777007,1060500
2025-02-18,73.24610137939453,73.58488853861806,71.91030884373909,72.55884531782502,816400
2025-02-19,72.21037292480469,73.05250729559943,71.57151822472365,72.88795459550342,673400
2025-02-20,71.20368957519531,72.19102059738343,70.48739566645527,72.1716571110626,785100
2025-02-21,69.64525604248047,71.61991055415474,69.11287836857677,71.49407744250601,1043600
2025-02-24,69.1806411743164,70.42932018547312,69.14192158656664,69.88725334198256,882300
2025-02-25,68.71308135986328,69.72614723164487,67.57338504103414,69.61899553345064,817300
2025-02-26,67.95328521728516,69.37547173055964,67.8656122661337,68.91764308914787,635000
2025-02-27,68.67411804199219,69.17091161511502,68.09940203982703,68.6156743622603,666100
2025-02-28,70.38853454589844,71.07040221704074,69.66769451434774,70.16448806435154,1083000
2025-03-03,69.79432678222656,71.06065341714017,69.30727636145987,70.61256792185077,921900
2025-03-04,67.73898315429688,69.34625126034487,67.45649297780838,68.65464045520436,1138700
2025-03-05,68.18705749511719,68.53773438535032,66.94995272198325,67.92405354334207,761200
2025-03-06,67.79741668701172,68.52799231387995,66.91098879094739,67.8850896267717,998300
2025-03-07,68.59617614746094,68.72281400706498,66.55056596589556,67.31036339632276,871400
2025-03-10,66.45316314697266,67.72923292014275,65.72258748780506,67.46622895283438,1204800
2025-03-11,65.70309448242188,66.66745960322964,64.99200507651622,66.32651838559909,1257700
2025-03-12,64.3880615234375,66.3362631273648,63.87178928748466,66.07325918082633,1410700
2025-03-13,63.413963317871094,65.12838288042548,63.10225134575208,64.83614965515156,1146300
2025-03-14,65.09915924072266,65.37190627979554,63.73541661355883,63.910755057505604,942500
2025-03-17,65.69336700439453,65.95637097712313,64.6900442675483,64.71926610542926,942500
2025-03-18,65.95636749267578,66.47263975276492,65.41087339624947,65.6641416975044,947300
2025-03-19,66.755126953125,67.37855087355283,65.86869908543515,66.21937596965073,805900
2025-03-20,66.59928131103516,67.25192713140845,66.27782622990797,66.32652681590295,704900
2025-03-21,66.13170623779297,66.57004864840718,65.46931736126056,65.97585396603225,3570700
2025-03-24,67.24217987060547,67.7974170527486,66.34600888044456,66.81357312235477,665000
2025-03-25,67.99224853515625,68.274731267566,67.407782026142,67.69027219035212,781900
2025-03-26,68.2649917602539,69.30727940925739,68.04094528685691,68.22602683306313,945500
2025-03-27,67.60260772705078,68.35266219200571,67.1350359989097,68.14810188338164,715600
2025-03-28,65.52776336669922,67.03762271353652,64.57314865971045,66.44342057821088,892800
2025-03-31,66.00508117675781,66.4629098034942,64.57315161885475,64.86537743912456,888800
2025-04-01,66.18041229248047,66.74538512165016,65.58621019590935,66.00507384706933,890200
2025-04-02,67.22270202636719,67.31036753597756,65.44983876907109,65.56672611521826,1161600
2025-04-03,60.83259963989258,64.58289019212818,60.7546697872176,64.08609667107493,1670400
2025-04-04,55.14384841918945,58.33889794313522,53.79958823727822,57.842108156287466,2142100
2025-04-07,53.5268440246582,56.21536081471918,51.07210936456777,52.913159430660606,2182500
2025-04-08,52.86445236206055,56.12768864830265,52.07542935394629,55.66986378612257,1783800
2025-04-09,58.972068786621094,59.64419706315899,51.325374568739164,51.57864288110417,1811500
2025-04-10,54.5399055480957,56.76085418793918,52.971602662069515,56.497846525447244,1278700
2025-04-11,54.98799133300781,55.44581618577475,52.659890997353564,54.569127688461684,849400
2025-04-14,56.03028106689453,56.54655332580942,55.08540205787688,56.36147550292857,1005700
2025-04-15,56.20561981201172,57.10179081075977,55.9815770623247,56.225102274927956,871000
2025-04-16,55.007476806640625,56.39069824555029,54.46197898678758,56.03028196745268,621400
2025-04-17,55.28996658325195,56.00106352483181,54.91981090910641,55.026962604848585,450300
2025-04-21,53.5658073425293,55.319188128237485,53.0690138284404,55.036697990100656,443600
2025-04-22,55.79650115966797,55.94261778835197,54.23794112790638,54.50094882999745,755900
2025-04-23,56.001060485839844,59.04025415080851,55.75753526905934,57.559620386875075,950000
2025-04-24,57.540138244628906,58.222009598598305,56.07898693579445,56.098469399153565,1661400
2025-04-25,57.51091384887695,57.881069488532155,56.92645112180598,57.3940190739229,1213100
2025-04-28,58.18304443359375,58.71879916812557,56.96541834788511,57.58884230922395,943700
2025-04-29,58.44605255126953,58.572686705582605,57.47195167541504,57.86159351211682,806800
2025-04-30,57.666770935058594,57.72521460775284,56.244584589034304,57.27712910956434,1025600
2025-05-01,57.47195053100586,58.202526173349156,56.868009040454034,57.316094542608624,949900
2025-05-02,59.49808120727539,59.887719314498064,58.38760312614623,58.70905818760726,779900
2025-05-05,59.06947326660156,59.92668303063212,58.786983136333575,58.84543052339239,581900
2025-05-06,58.67983627319336,59.49808112793967,58.34864183875081,58.57268458618256,1171700
2025-05-07,64.00816345214844,65.81024846763506,63.102249399894156,63.31655276758003,3720200
2025-05-08,65.16735076904297,65.62517937461618,63.764643114827166,64.33936650218502,845900
2025-05-09,65.24527740478516,65.93688810800806,64.92382234458589,65.30372107689426,672400
2025-05-12,67.9727554321289,69.19038148223669,67.02787642815733,68.31368923979916,937800
2025-05-13,67.89482116699219,68.72281277267189,67.77793383013322,68.12861070430839,675900
2025-05-14,67.07659149169922,67.79742410820863,66.862288095272,67.60260689243864,793200
2025-05-15,67.23243713378906,67.37855374707695,66.33626613892956,66.75512980006167,805600
2025-05-16,67.73898315429688,67.88509978790137,66.78436092230814,67.12530221131885,724600
2025-05-19,67.53441619873047,67.8461281849264,66.87202729908911,67.0181439183247,756600
2025-05-20,67.3298568725586,67.80716423257738,66.80384149482765,67.16425407141732,848100
2025-05-21,65.23554229736328,67.28115282126714,65.18683427677965,67.04737067242684,1090700
2025-05-22,64.99201202392578,65.73233077501077,64.84589540529323,65.06019878838099,929700
2025-05-23,64.03738403320312,64.46599076018033,63.34577336218034,63.50163305628087,688300
2025-05-27,65.93036651611328,66.01863624884886,64.53761141300954,64.9103183118194,676500
2025-05-28,64.66511535644531,66.21480442357134,64.62588186933829,65.94998025635456,525100
2025-05-29,65.21436309814453,65.30264030661782,64.48856236224147,65.16532685612323,369100
2025-05-30,65.24378967285156,65.33206688583435,64.37086520024876,64.86127254364459,677600
2025-06-02,64.86126708984375,65.41052835671805,64.40029051155112,64.871077331133,698400
2025-06-03,65.66554260253906,65.96960025461917,64.12566378930843,64.58664790563613,978200
2025-06-04,64.36106872558594,66.04806386585277,64.34144823944186,65.94998388420119,962100
2025-06-05,64.46894836425781,64.95935567501188,63.81179688075088,64.37086091568963,507500
2025-06-06,65.43014526367188,65.99901956407547,64.95935841597526,65.59688196043851,934300
2025-06-09,66.69540405273438,67.14657794689307,65.25360515019308,65.60669906440822,1367300
2025-06-10,66.70520782470703,67.31330813118039,66.28345721714224,66.69539758275751,1189800
2025-06-11,65.74401092529297,67.48985996787488,65.73420068263165,66.8817596172809,1351300
2025-06-12,66.80328369140625,66.80328369140625,64.68472054177623,65.23398181187751,1149000
2025-06-13,65.12609100341797,66.22459856741115,64.7631869071579,65.81265823091371,901000
2025-06-16,66.69540405273438,67.13676770399188,65.63612231008901,65.72439953015419,1001000
2025-06-17,65.27322387695312,66.42077532571561,64.82204251193046,66.17557164095324,773900
2025-06-18,65.26341247558594,66.25403743968404,65.16533250002689,65.16533250002689,624700
2025-06-20,65.4988021850586,66.28345691091002,65.38110921429632,65.77342909419998,1062500
2025-06-23,66.7346420288086,66.83272201534744,65.08687281267665,65.65574721083462,912100
2025-06-24,67.68602752685547,68.65703202742557,67.55851682109862,68.65703202742557,687100
2025-06-25,67.15637969970703,67.73505674633222,66.60712589504287,67.73505674633222,632000
2025-06-26,68.90223693847656,69.08859413757496,67.48986128851558,67.62717475637038,649000
2025-06-27,69.32398223876953,69.85362306666008,68.55894798171282,69.07877856750663,1145300
2025-06-30,69.63784790039062,69.83400785901361,69.19648425197754,69.52995767824116,705500
2025-07-01,71.1188735961914,71.3836902637397,69.3043679589281,69.3043679589281,975600
2025-07-02,71.29542541503906,71.36408214710394,70.481347389825,71.13849146573499,726500
2025-07-03,71.50139617919922,72.00161379280115,71.15811251614794,71.44254220623141,541200
2025-07-07,71.02079772949219,72.58028954820415,70.49115688077232,71.23657068295066,1240200
2025-07-08,71.3444595336914,72.39393096853279,70.94232939588497,71.21695631595226,881900
2025-07-09,71.52100372314453,72.46258490552071,71.05021687346748,71.74659438908876,954500
2025-07-10,71.8054428100586,72.21738318538539,71.1777220048876,71.77601956653842,597700
2025-07-11,71.00117492675781,71.50139251472339,70.40287736623603,71.24637859965945,565100
2025-07-14,72.0016098022461,72.05064604680847,70.9521309029049,71.13848808809965,462100
2025-07-15,69.8241958618164,72.10948826123048,69.79477262021778,72.0408315364931,831900
2025-07-16,70.05960083007812,70.44211799997885,68.8728158307678,70.10864456284406,676100
2025-07-17,71.01099395751953,71.22677441366237,69.65746472645013,69.74574195079182,579200
2025-07-18,71.03060150146484,71.58966560257907,70.48134764297299,71.49158562542304,400600
2025-07-21,69.55937957763672,71.32484910316968,69.52995633271493,71.17772539553816,615300
2025-07-22,70.94232940673828,71.02079637906162,69.53976407930371,69.53976407930371,853400
2025-07-23,70.99136352539062,71.60928156014712,70.78539334147916,71.46215786220405,352600
2025-07-24,70.42250061035156,71.29542512144872,70.36364663809361,71.15811165788439,492200
2025-07-25,70.4813461303711,70.76578329613508,69.90266155643127,70.59904659024592,743100
2025-07-28,69.77515411376953,70.78539201339048,69.45148348097194,70.44210837997879,966700
2025-07-29,69.69669342041016,70.64808492082533,69.45148973403604,70.25575752602222,716500
2025-07-30,68.18623352050781,69.57899605850389,67.67621317749702,69.57899605850389,884200
2025-07-31,68.65702819824219,69.36321597127909,67.86257069508677,68.00968691195095,1218900
2025-08-01,66.01863861083984,68.24509229000103,65.17513732486108,67.61737144690372,1132200
2025-08-04,66.55809020996094,66.55809020996094,65.74401216326336,66.08729583264704,751600
2025-08-05,66.6463623046875,68.01950451383155,66.2344218868512,67.22504692471539,1145200
2025-08-06,71.7760238647461,71.92314757417947,68.94146982955245,69.27494325344689,1749700
2025-08-07,69.26513671875,72.51163097700491,69.04935628774412,72.20758081496334,1812500
2025-08-08,69.67707824707031,70.72654969273175,69.3043713492824,70.00074889892483,663400
2025-08-11,69.5986099243164,70.17729448607909,68.96107887536581,69.78496711110779,740300
2025-08-12,71.5112075805664,71.8937247374533,70.09883193481616,70.2459556450856,887000
2025-08-13,73.34532928466797,73.48264275753553,71.81526059670198,72.07027453903733,948600
2025-08-14,73.5218734741211,73.56110696246381,72.35470151574938,72.77645216165509,688400
2025-08-15,72.58029174804688,74.08093712339178,72.33508805970888,73.56110650139885,590300
2025-08-18,72.49201965332031,73.26685669819642,71.90352483403964,72.57047914393826,547400
2025-08-19,72.89414978027344,73.65918406552595,72.51163263764718,72.84510605100445,542000
2025-08-20,73.5512924194336,73.69841612136146,72.59009820181319,73.1001185544045,684700
2025-08-21,73.27666473388672,73.70822559288985,72.82549087357539,73.29628521821718,929100
2025-08-22,74.96367645263672,75.56197408717446,73.46303098611598,73.95343839258803,642500
2025-08-25,74.42422485351562,74.94406298691088,74.22806488534532,74.59096905778583,582900
2025-08-26,74.87808227539062,75.19381509486428,74.0986152306385,74.0986152306385,611000
2025-08-27,74.79915618896484,75.55889331726986,74.14796046379709,74.62155598616181,584600
2025-08-28,74.02955627441406,74.90768850115153,73.70395465479277,74.90768850115153,546800
2025-08-29,74.08875274658203,74.34528803655702,73.75328989079266,74.15782659912496,824100
2025-09-02,73.42768859863281,73.68422388973521,72.02662455771141,73.68422388973521,961500
2025-09-03,74.45381927490234,74.45381927490234,72.86528633122433,72.97382019900341,913200
2025-09-04,76.58502197265625,76.59488321329721,74.57222231520223,74.81888882918928,1374700
2025-09-05,75.47994995117188,76.9599489698223,74.68075288995321,76.37781963576532,1593200
2025-09-08,74.73995208740234,75.28262141725453,73.53621832130433,75.28262141725453,742000
2025-09-09,74.51301574707031,75.63782195387141,74.48341697040847,74.74982101569394,943800
2025-09-10,74.69062042236328,74.85835937963277,73.99995716654152,74.07889226082541,669600
2025-09-11,75.60821533203125,75.68715042124097,74.27621769419095,74.73995193371755,561500
2025-09-12,76.16075897216797,76.4567542867517,75.2727579730868,75.4799569515949,708600
2025-09-15,76.06208038330078,76.45674829950472,75.86475018903101,76.21008179283531,845300
2025-09-16,74.43408966064453,76.41728301294368,74.40449088339598,76.01275384443912,1138300
2025-09-17,75.0162124633789,76.07194474973193,74.64128210489434,74.66101211211398,780900
2025-09-18,75.9930191040039,76.56528724408132,75.14449319022019,75.14449319022019,813700
2025-09-19,75.58848571777344,76.37782155865843,75.05568515432576,76.37782155865843,1063800
2025-09-22,75.44049072265625,75.63782846349277,74.36502826384141,74.80902500730963,710200
2025-09-23,75.14449310302734,76.64422224915859,74.87808904296789,75.6476873895132,544700
2025-09-24,74.62155151367188,75.7266202123984,74.59195273625625,75.15435209014727,628900
2025-09-25,74.10848999023438,75.04581975667638,74.08875245311033,74.18742508340091,636400
2025-09-26,74.7695541381836,75.6279563354492,74.16768722877865,74.49328884094817,524900
2025-09-29,74.24662780761719,75.2628927379661,73.55596451349618,75.2628927379661,480900
2025-09-30,73.80262756347656,74.74982611965295,72.69755881743829,74.20715675158394,923300
2025-10-01,73.25008392333984,73.86181957159744,72.97381863950235,73.22048514688075,438800
2025-10-02,73.74341583251953,73.89141724026058,72.62848594584368,73.34874792109817,632800
2025-10-03,74.08875274658203,74.50315822351544,73.81248744706964,73.86182376241037,429100
2025-10-06,74.42422485351562,74.8090240335567,73.48689506165456,74.2564934217367,608600
2025-10-07,74.10848999023438,74.72022567077782,73.93088979444207,74.6511593461733,363400
2025-10-08,73.3487548828125,74.81889280419992,72.973824471592,74.81889280419992,748900
2025-10-09,73.54608917236328,74.44395137449,72.9047547264644,74.01968466667978,597200
2025-10-10,71.6319580078125,74.21702592334994,71.6220892389763,73.8716942907332,786700
2025-10-13,72.68768310546875,73.03301470322405,72.06608622950922,72.66795309745314,477500
2025-10-14,74.75968170166016,75.10502083392552,72.02662011363036,72.02662011363036,666800
2025-10-15,73.2204818725586,75.72661437877184,72.5298186938504,75.15434630060558,693900
2025-10-16,70.7735595703125,73.12182207566585,70.62555815625147,72.98368942991945,885000
2025-10-17,72.24369049072266,72.61862088549968,70.41835977582882,71.08929300120039,592200
2025-10-20,72.85541534423828,73.29941957008504,72.095685820586,72.54955128671993,440500
2025-10-21,73.5263442993164,74.02954604852579,72.6284821867766,72.88501744507249,344000
2025-10-22,72.74688720703125,73.6743481245843,72.19434913038535,73.378352842343,600500
2025-10-23,72.09569549560547,73.23036307704136,71.79969263865163,72.55942979192264,895300
2025-10-24,72.55941772460938,73.31914722386487,72.22394737400921,73.0330131837737,318600
2025-10-27,72.70742797851562,73.64475777096678,72.49036023011682,73.34875492721115,327500
2025-10-28,72.56929016113281,72.76662035781703,71.81942186393671,72.70742280434466,455200
2025-10-29,72.18449401855469,72.87515726341678,71.2372879575084,71.97728751743126,539000
2025-10-30,72.28315734863281,73.21061832218278,71.81942309802552,71.81942309802552,502900
2025-10-31,73.46714782714844,73.7434130965945,72.3719479892273,73.1119474728138,578900
2025-11-03,72.16475677490234,73.20075917407289,71.98715657869211,72.73702491020921,583600
2025-11-04,72.66795349121094,73.181016506704,71.67141870857648,71.67141870857648,1021900
2025-11-05,70.18154907226562,73.20075211675706,68.81995271770242,70.17168783229593,2256800
2025-11-06,71.51356506347656,72.26342590916177,70.181559753758,70.8228942496104,1133300
2025-11-07,71.0498275756836,71.71089205238685,70.45782942449165,71.05968881671028,836900
2025-11-10,70.10262298583984,71.5036869126864,69.99408912258201,70.6946210860053,798300
2025-11-11,69.27381896972656,70.65515287551955,69.21462141856796,70.29995251323952,820800
2025-11-12,71.5628890991211,71.95755703401319,69.3132916562003,69.3132916562003,970700
2025-11-13,70.38875579833984,72.57915573971317,70.00395662244074,71.2668955507658,711300
2025-11-14,69.7967529296875,70.23088839220807,69.30341991415574,70.1322232946346,590200
2025-11-17,67.71488952636719,69.72768920809445,67.5866256475064,69.47116145037286,770900
2025-11-18,68.7212905883789,69.13568851490234,67.17222522028135,67.17222522028135,1131700
2025-11-19,68.3562240600586,69.43169398971978,67.37942675943519,68.4252903837862,896400
2025-11-20,67.18209075927734,70.0039563916787,67.0735644143372,69.11596292878637,681000
2025-11-21,68.11943054199219,69.12582668276629,67.43862850320474,67.69516380483938,917000
2025-11-24,69.0567626953125,69.32316677502611,67.62609976889567,68.27729552260536,948000
2025-11-25,69.85595703125,70.78341796863846,69.39222279872362,69.47115788674179,987800
2025-11-26,70.1837387084961,70.69029573305701,69.85596116697741,70.01487878900517,674200
2025-11-28,69.82616424560547,70.57110906652741,69.77649822635577,70.28306282641447,466200
2025-12-01,70.19366455078125,71.12733113856362,69.47851631996672,69.63744151702349,894300
2025-12-02,69.31959533691406,70.48170736660705,69.28979875840452,70.44197606927096,681700
2025-12-03,70.29298400878906,70.60089966168654,68.76337077478331,69.24013117609239,750500
2025-12-04,70.6704330444336,70.95847928257943,70.18373788658675,70.37245208691155,636000
2025-12-05,70.3426513671875,71.29617976598549,70.06453986478435,70.06453986478435,771800
2025-12-08,69.22027587890625,70.22346279166528,69.00175751677001,70.18373906943202,949400
2025-12-09,70.77969360351562,71.53456557547216,69.30966580397008,69.69703650951823,1342600
2025-12-10,71.86234283447266,72.5476945006333,70.6406375611966,70.70023072243816,942600
2025-12-11,73.80912780761719,73.93825642188683,72.13052402384466,72.13052402384466,721200
2025-12-12,73.22310638427734,74.69312649837678,72.90526358301501,74.49447758932662,728500
2025-12-15,74.52427673339844,74.92158214314618,73.47142383884176,74.36535911628158,968400
2025-12-16,74.70306396484375,75.00104491734902,73.55088660962886,74.74279526370914,946100
2025-12-17,74.67326354980469,75.77578240828785,74.41501390942908,74.75272614345411,847300
2025-12-18,73.96805572509766,75.20963042821002,73.90846256429886,75.01097392892969,745900
2025-12-19,74.78252410888672,75.10036691141076,73.75946782507404,73.89852357755517,1752900
2025-12-22,75.32881164550781,75.95457010337607,74.4944771389769,74.4944771389769,481300
2025-12-23,75.15003204345703,75.66652374974147,74.93151369842397,75.46787484224055,507000
2025-12-24,75.03083801269531,75.82544121919196,74.64346733920956,75.16989376328148,312800
2025-12-26,74.6136703491211,75.33874567632273,74.32562413079098,75.24935594199788,419300
2025-12-29,74.34548950195312,74.76265677111424,73.99785011098552,74.53421127617997,532100
2025-12-30,74.49447631835938,74.77258781747273,73.97798461685889,74.23622667862413,592700
2025-12-31,73.9879150390625,74.77259113377411,73.81906270396478,74.77259113377411,592200
2026-01-02,75.0904312133789,75.95456987364663,73.52107908101824,73.96805048928226,658900
2026-01-05,76.76904296875,77.47425644498253,74.7825235727248,74.7825235727248,675300
2026-01-06,77.36499786376953,77.82189641899397,76.07375721528773,76.37173815815896,661400
2026-01-07,76.8187026977539,77.43452644893945,75.71619138616548,77.17627680128483,674200
2026-01-08,78.47745513916016,79.45084545260313,77.37493620803662,77.7722416244905,967500
2026-01-09,78.21920013427734,78.82508914790427,77.70270843277686,78.27879329038163,575900
2026-01-12,77.61331176757812,78.77542378911825,77.19614451543092,77.63318120509184,825100
2026-01-13,76.48100280761719,77.82190199059815,76.1234286817595,77.80204012937082,955100
2026-01-14,76.8187026977539,77.45439588689685,76.11348920967075,76.44126673423581,753800
2026-01-15,77.79209899902344,77.97088604721866,76.87830189845675,76.9080984768276,908200
2026-01-16,74.03758239746094,77.59345410787515,73.6800082825606,77.46432549095695,1232700
2026-01-20,72.78607177734375,74.40508998659801,72.2298487536821,73.25290506276134,1027700
2026-01-21,74.10710906982422,74.98117490425263,72.597350036392,73.03438674259138,1179200
2026-01-22,76.17308807373047,76.48099615277174,75.19969024293383,75.5075983219751,927000
2026-01-23,75.59700012207031,75.93470479939133,74.693130112822,75.76585246073083,814300
2026-01-26,75.6565933227539,76.88824086863166,74.65340643160526,75.994305578227,732000
2026-01-27,75.59700012207031,75.76585246073083,74.70306483214631,75.37848176475883,609000
2026-01-28,75.28909301757812,76.16315888037973,75.11030595723568,75.67646371865831,616500
2026-01-29,76.06383514404297,76.62005819130682,75.12023381403957,75.83538206221921,866400
2026-01-30,76.14329528808594,76.64985229922921,75.09043481091133,75.57712996156623,754600
2026-02-02,76.92796325683594,76.96769455549543,75.20962816314258,75.74598932809015,693300
2026-02-03,75.01097106933594,77.72257345186779,74.86198817301852,76.9776286583994,1310300
2026-02-04,72.2596435546875,72.98472647380429,67.51186337621556,68.29653945269504,3376300
2026-02-05,71.74315643310547,73.45155686990742,71.43524075176441,71.82261145534997,1850900
2026-02-06,75.38841247558594,75.45794035121811,71.58422601949803,72.46822654309432,1594200
2026-02-09,75.87510681152344,76.52072712305335,75.04077231266263,75.28908723417644,920000
2026-02-10,76.71937561035156,76.7293103289895,75.16989293351266,75.79564380424299,1087500
2026-02-11,74.78252410888672,77.18621077659789,74.47461602524567,76.87830269295684,1569500
2026-02-12,73.60054779052734,75.87511358397315,72.9350655601836,75.16990005328447,757400
2026-02-13,74.00778198242188,74.60373628371626,72.16031834383026,73.28269907090083,875800
2026-02-17,73.88858795166016,75.13016256783668,73.44162412102463,74.61367086181407,525900
2026-02-18,74.9911117553711,75.3188892943393,73.53101869812235,73.61048129750323,575500
2026-02-19,73.91838836669922,74.79246179175703,73.24297143732294,74.46468425736035,731500
2026-02-20,74.21636962890625,74.24616620888939,72.46823034951404,73.7197397545993,604300
2026-02-23,68.7534408569336,73.70980486954056,68.45545990183125,73.70980486954056,1407300
2026-02-24,69.26000213623047,70.2731236947669,68.33627031316631,68.40579818896813,914200
2026-02-25,69.83999633789062,70.12000274658203,68.4800033569336,69.51000213623047,982700
2026-02-26,71.63999938964844,72.2300033569336,70.3499984741211,70.51000213623047,1077600
2026-02-27,66.87999725341797,71.05000305175781,66.1500015258789,70.47000122070312,1941200
2026-03-02,68.05999755859375,68.76000213623047,64.7699966430664,65.54000091552734,1513100
2026-03-03,67.61000061035156,68.05000305175781,64.5,66.2300033569336,969200
2026-03-04,70.44999694824219,70.72000122070312,67.61000061035156,67.61000061035156,1386800
2026-03-05,69.75,70.73999786376953,68.93000030517578,69.56999969482422,1095200
2026-03-06,67.70999908447266,68.37000274658203,66.19000244140625,67.72000122070312,1555400
2026-03-09,68.05000305175781,68.33000183105469,65.12000274658203,66.75,1123600
2026-03-10,67.27999877929688,68.87999725341797,66.26000213623047,68.06999969482422,1173200
2026-03-11,66.29000091552734,68.0,65.5199966430664,67.06999969482422,793600
2026-03-12,65.51000213623047,66.16000366210938,64.66000366210938,64.8499984741211,800500
2026-03-13,66.25,66.63999938964844,65.66999816894531,65.9000015258789,1463700
2026-03-16,67.6500015258789,68.0999984741211,66.69000244140625,66.94999694824219,1287600
2026-03-17,68.51000213623047,70.0,68.12000274658203,68.81999969482422,1083700
2026-03-18,67.55000305175781,69.16999816894531,67.2300033569336,67.80000305175781,1128100
2026-03-19,66.80999755859375,67.58999633789062,66.06999969482422,67.02999877929688,785000
2026-03-20,67.1500015258789,67.33999633789062,66.2300033569336,66.75,1646100
2026-03-23,68.1500015258789,70.27999877929688,67.9000015258789,69.20999908447266,1210400
2026-03-24,67.86000061035156,68.47000122070312,67.19000244140625,67.45999908447266,911800
2026-03-25,68.20999908447266,69.2699966430664,67.08000183105469,68.56999969482422,580800
2026-03-26,68.83999633789062,69.23999786376953,67.80000305175781,68.27999877929688,731000
2026-03-27,66.19999694824219,68.8499984741211,66.01000213623047,68.37999725341797,655100
2026-03-30,66.9000015258789,67.6500015258789,65.9800033569336,66.77999877929688,682900
2026-03-31,68.31999969482422,69.44999694824219,66.80999755859375,68.12000274658203,613900
2026-04-01,66.97000122070312,69.08999633789062,66.83999633789062,69.02999877929688,1115700
2026-04-02,67.18000030517578,68.08000183105469,64.58999633789062,65.81999969482422,909100
2026-04-06,68.2699966430664,68.43000030517578,66.70999908447266,67.02999877929688,956900
2026-04-07,67.80000305175781,68.62999725341797,67.44000244140625,67.80999755859375,910200
2026-04-08,,,,,1239067
