Date,close,high,low,open,volume
2017-11-02,1.8666670322418213,1.8666670322418213,1.8666670322418213,1.8666670322418213,300
2017-11-03,2.016666889190674,2.828000068664551,1.9566669464111328,2.7233328819274902,1570500
2017-11-06,1.8666670322418213,2.1533329486846924,1.8666670322418213,2.00333309173584,211800
2017-11-07,1.8666670322418213,1.909999966621399,1.8666670322418213,1.8666670322418213,97800
2017-11-08,1.8666670322418213,1.8833329677581787,1.8666670322418213,1.8666670322418213,355500
2017-11-09,1.8669999837875366,1.8766670227050781,1.8666670322418213,1.8666670322418213,104100
2017-11-10,1.9066669940948486,1.9199999570846558,1.8700000047683716,1.8833329677581787,29400
2017-11-13,1.9900000095367432,2.062999963760376,1.9066669940948486,1.9199999570846558,65400
2017-11-14,1.9900000095367432,2.1166670322418213,1.8833329677581787,2.049999952316284,181200
2017-11-15,2.0799999237060547,2.0799999237060547,1.9299999475479126,1.9700000286102295,110400
2017-11-16,2.173332929611206,2.196666955947876,2.066667079925537,2.066667079925537,100800
2017-11-17,2.2966670989990234,2.2966670989990234,2.196666955947876,2.233333110809326,94200
2017-11-20,2.446666955947876,2.613332986831665,2.326667070388794,2.3333330154418945,168300
2017-11-21,2.4733328819274902,2.549999952316284,2.4533329010009766,2.549999952316284,120300
2017-11-22,2.316667079925537,2.500999927520752,2.299999952316284,2.5,69600
2017-11-24,2.2899999618530273,2.4033329486846924,2.2833330631256104,2.2833330631256104,76500
2017-11-27,2.299999952316284,2.4000000953674316,2.2763330936431885,2.2899999618530273,71400
2017-11-28,2.266666889190674,2.2936670780181885,2.2360000610351562,2.2899999618530273,18900
2017-11-29,2.259999990463257,2.3499999046325684,2.180000066757202,2.2733330726623535,76500
2017-11-30,2.25,2.299999952316284,2.2133328914642334,2.2233328819274902,8700
2017-12-01,2.2633330821990967,2.299999952316284,2.1333329677581787,2.1333329677581787,41100
2017-12-04,2.1533329486846924,2.2633330821990967,2.1333329677581787,2.2633330821990967,68400
2017-12-05,1.9933329820632935,2.136667013168335,1.9600000381469727,2.136667013168335,65400
2017-12-06,1.963333010673523,2.0366671085357666,1.9333330392837524,2.0,54000
2017-12-07,1.9666670560836792,2.086667060852051,1.9366669654846191,1.9700000286102295,21300
2017-12-08,2.016666889190674,2.0799999237060547,1.9733330011367798,1.9733330011367798,7500
2017-12-11,1.9866670370101929,2.066667079925537,1.9833329916000366,1.9933329820632935,56400
2017-12-12,1.946666955947876,2.0366671085357666,1.8966670036315918,2.0333330631256104,58800
2017-12-13,1.8433330059051514,2.0,1.8366669416427612,1.9500000476837158,61200
2017-12-14,1.8466670513153076,1.9299999475479126,1.8466670513153076,1.8600000143051147,46200
2017-12-15,1.6666669845581055,1.899999976158142,1.6666669845581055,1.850000023841858,162300
2017-12-18,1.713333010673523,1.7400000095367432,1.6666669845581055,1.6666669845581055,122100
2017-12-19,1.6733330488204956,1.7466670274734497,1.6733330488204956,1.726667046546936,81300
2017-12-20,1.6066670417785645,1.7173329591751099,1.6066670417785645,1.7173329591751099,79200
2017-12-21,1.7200000286102295,1.7366670370101929,1.6166670322418213,1.6299999952316284,44100
2017-12-22,1.649999976158142,1.6766669750213623,1.649999976158142,1.6733330488204956,48300
2017-12-26,1.6699999570846558,1.6833330392837524,1.6563329696655273,1.6563329696655273,31200
2017-12-27,1.6399999856948853,1.6733330488204956,1.636667013168335,1.6699999570846558,185100
2017-12-28,1.6833330392837524,1.7050000429153442,1.6466670036315918,1.659999966621399,17100
2017-12-29,1.75,1.75,1.6833330392837524,1.6833330392837524,20400
2018-01-02,1.8733329772949219,1.8733329772949219,1.6866669654846191,1.75,14700
2018-01-03,1.7666670083999634,1.8739999532699585,1.733667016029358,1.8666670322418213,28800
2018-01-04,1.7716670036315918,1.8200000524520874,1.7153329849243164,1.7566670179367065,9300
2018-01-05,1.8366669416427612,1.8426669836044312,1.7666670083999634,1.7666670083999634,8400
2018-01-08,1.7466670274734497,1.850000023841858,1.726667046546936,1.850000023841858,78900
2018-01-09,1.7466670274734497,1.812999963760376,1.7366670370101929,1.7380000352859497,33600
2018-01-10,1.7300000190734863,1.850000023841858,1.7200000286102295,1.843000054359436,46800
2018-01-11,1.7466670274734497,1.7983330488204956,1.7400000095367432,1.7466670274734497,6600
2018-01-12,1.7233330011367798,1.7933330535888672,1.6766669750213623,1.7566670179367065,38400
2018-01-16,1.6466670036315918,1.7433329820632935,1.6033329963684082,1.7333329916000366,96600
2018-01-17,1.6666669845581055,1.690000057220459,1.6033329963684082,1.6033329963684082,50100
2018-01-18,1.6533329486846924,1.6749999523162842,1.6533329486846924,1.6666669845581055,9900
2018-01-19,1.6633330583572388,1.6766669750213623,1.600000023841858,1.6066670417785645,90900
2018-01-22,1.5833330154418945,1.6720000505447388,1.581333041191101,1.6666669845581055,100800
2018-01-23,1.886667013168335,1.9896670579910278,1.6666669845581055,1.6666669845581055,913800
2018-01-24,1.809999942779541,2.1166670322418213,1.7666670083999634,1.9066669940948486,506400
2018-01-25,1.7699999809265137,1.9033329486846924,1.7666670083999634,1.8300000429153442,312600
2018-01-26,1.7666670083999634,1.7999999523162842,1.75,1.7666670083999634,125700
2018-01-29,1.8133330345153809,1.8509999513626099,1.7833329439163208,1.8509999513626099,54900
2018-01-30,1.7033330202102661,1.821666955947876,1.7033330202102661,1.8200000524520874,99900
2018-01-31,1.7899999618530273,1.840000033378601,1.713333010673523,1.713333010673523,200700
2018-02-01,2.0,2.0966670513153076,1.7666670083999634,1.7666670083999634,467400
2018-02-02,2.0366671085357666,2.0966670513153076,1.9550000429153442,2.00333309173584,110100
2018-02-05,2.25,2.2783329486846924,2.059999942779541,2.063333034515381,194400
2018-02-06,2.2766671180725098,2.2766671180725098,2.0399999618530273,2.109999895095825,136200
2018-02-07,2.259999990463257,2.3066670894622803,2.2033329010009766,2.259999990463257,25800
2018-02-08,2.146667003631592,2.259999990463257,2.109999895095825,2.259999990463257,44100
2018-02-09,2.1666669845581055,2.309000015258789,2.1489999294281006,2.1500000953674316,154500
2018-02-12,2.1933329105377197,2.1933329105377197,2.1500000953674316,2.1500000953674316,14700
2018-02-13,2.173332929611206,2.2720000743865967,2.140000104904175,2.2720000743865967,51900
2018-02-14,2.0799999237060547,2.200000047683716,2.066667079925537,2.1766669750213623,69600
2018-02-15,2.136667013168335,2.2166669368743896,2.076667070388794,2.076667070388794,177600
2018-02-16,2.1600000858306885,2.200000047683716,2.1333329677581787,2.200000047683716,73200
2018-02-20,2.186666965484619,2.2179999351501465,2.171333074569702,2.171333074569702,8100
2018-02-21,2.2833330631256104,2.4800000190734863,2.200000047683716,2.2166669368743896,106500
2018-02-22,2.336667060852051,2.386667013168335,2.321666955947876,2.3333330154418945,24600
2018-02-23,2.386667013168335,2.4600000381469727,2.3333330154418945,2.4033329486846924,108600
2018-02-26,2.3299999237060547,2.441667079925537,2.3233330249786377,2.4166669845581055,46200
2018-02-27,2.363332986831665,2.363332986831665,2.3299999237060547,2.3466670513153076,109800
2018-02-28,2.266666889190674,2.3499999046325684,2.240000009536743,2.3333330154418945,83400
2018-03-01,2.240000009536743,2.3253331184387207,2.196666955947876,2.2366669178009033,13200
2018-03-02,2.413332939147949,2.413332939147949,2.2100000381469727,2.25333309173584,108600
2018-03-05,2.618333101272583,2.813333034515381,2.500333070755005,2.6666669845581055,497700
2018-03-06,3.6666669845581055,4.396667003631592,2.6533329486846924,2.680000066757202,3630300
2018-03-07,3.99666690826416,4.243000030517578,3.490000009536743,3.733333110809326,879900
2018-03-08,4.486667156219482,4.579999923706055,4.0366668701171875,4.0366668701171875,751200
2018-03-09,4.376667022705078,4.566667079925537,4.22333288192749,4.566667079925537,481200
2018-03-12,4.566667079925537,4.833000183105469,4.344666957855225,4.3466668128967285,311400
2018-03-13,4.74666690826416,4.863333225250244,4.533332824707031,4.553332805633545,151500
2018-03-14,4.980000019073486,5.198332786560059,4.826666831970215,4.826666831970215,229200
2018-03-15,4.676667213439941,5.171332836151123,4.336999893188477,5.0,213000
2018-03-16,4.146667003631592,4.796667098999023,4.0,4.74666690826416,618000
2018-03-19,3.809999942779541,4.199333190917969,3.5,4.133333206176758,815400
2018-03-20,4.389999866485596,4.5229997634887695,3.7203330993652344,3.836667060852051,210900
2018-03-21,4.0833330154418945,4.533332824707031,3.9066669940948486,4.406667232513428,124500
2018-03-22,4.1666669845581055,4.190000057220459,3.956666946411133,4.050000190734863,96300
2018-03-23,4.303332805633545,4.443333148956299,4.179999828338623,4.349999904632568,220500
2018-03-26,4.260000228881836,4.366666793823242,4.1666669845581055,4.366666793823242,114600
2018-03-27,4.296667098999023,4.3466668128967285,4.030333042144775,4.243332862854004,107400
2018-03-28,4.126667022705078,4.269999980926514,4.0833330154418945,4.269999980926514,78000
2018-03-29,4.099999904632568,4.136666774749756,4.0,4.0833330154418945,46800
2018-04-02,4.103332996368408,4.24666690826416,4.063333034515381,4.063333034515381,105900
2018-04-03,4.103332996368408,4.183332920074463,4.046667098999023,4.183332920074463,55800
2018-04-04,4.099999904632568,4.27666711807251,3.933332920074463,4.043333053588867,98400
2018-04-05,4.0,4.1666669845581055,3.933332920074463,4.1666669845581055,122100
2018-04-06,3.933332920074463,3.993333101272583,3.933332920074463,3.956666946411133,35400
2018-04-09,4.0,4.066667079925537,3.9670000076293945,3.9733328819274902,54300
2018-04-10,4.170000076293945,4.236667156219482,4.0,4.0,120900
2018-04-11,4.24666690826416,4.24666690826416,4.066667079925537,4.206666946411133,129000
2018-04-12,4.633333206176758,4.6666669845581055,4.24666690826416,4.24666690826416,202800
2018-04-13,4.53000020980835,4.793333053588867,4.433332920074463,4.663332939147949,108000
2018-04-16,4.233333110809326,4.7266669273376465,4.146667003631592,4.610000133514404,148200
2018-04-17,4.103332996368408,4.283332824707031,4.053332805633545,4.2733330726623535,105600
2018-04-18,4.013332843780518,4.159999847412109,4.00333309173584,4.086667060852051,105300
2018-04-19,3.99666690826416,4.099999904632568,3.890000104904175,4.063333034515381,179700
2018-04-20,3.946666955947876,4.070000171661377,3.923332929611206,3.950000047683716,69600
2018-04-23,3.799999952316284,3.9590001106262207,3.7766671180725098,3.9590001106262207,101100
2018-04-24,3.50333309173584,3.7833330631256104,3.4106669425964355,3.7633330821990967,207000
2018-04-25,3.5366671085357666,3.5899999141693115,3.4666669368743896,3.506666898727417,74700
2018-04-26,3.423332929611206,3.626667022705078,3.423332929611206,3.566667079925537,43800
2018-04-27,3.363332986831665,3.436666965484619,3.336667060852051,3.436666965484619,109200
2018-04-30,3.3666670322418213,3.440000057220459,3.363332986831665,3.363332986831665,28200
2018-05-01,3.373332977294922,3.456666946411133,3.3666670322418213,3.3666670322418213,22800
2018-05-02,3.386667013168335,3.4700000286102295,3.3499999046325684,3.365000009536743,19800
2018-05-03,3.433332920074463,3.4700000286102295,3.3933329582214355,3.413332939147949,72300
2018-05-04,3.603332996368408,3.613332986831665,3.433332920074463,3.49666690826416,73500
2018-05-07,4.170000076293945,4.263332843780518,3.623332977294922,3.623332977294922,108900
2018-05-08,3.8466670513153076,4.02666711807251,3.5266671180725098,4.02666711807251,235200
2018-05-09,3.9166669845581055,3.9766669273376465,3.793333053588867,3.793333053588867,80700
2018-05-10,4.013332843780518,4.0366668701171875,3.8833329677581787,3.990000009536743,268200
2018-05-11,4.03000020980835,4.053332805633545,3.853332996368408,4.02666711807251,127500
2018-05-14,3.9633328914642334,4.0233330726623535,3.8383328914642334,4.0233330726623535,60000
2018-05-15,3.9633328914642334,4.0233330726623535,3.886667013168335,3.9266669750213623,88800
2018-05-16,3.9166669845581055,4.0,3.876667022705078,3.940000057220459,48300
2018-05-17,3.799999952316284,3.946666955947876,3.7866671085357666,3.946666955947876,111000
2018-05-18,3.7699999809265137,3.7976670265197754,3.7133328914642334,3.7866671085357666,69000
2018-05-21,3.743333101272583,3.825000047683716,3.7266669273376465,3.799999952316284,36900
2018-05-22,3.75,3.8299999237060547,3.7133328914642334,3.7366669178009033,192000
2018-05-23,3.673332929611206,3.733333110809326,3.6666669845581055,3.7300000190734863,38100
2018-05-24,3.9066669940948486,3.993333101272583,3.6666669845581055,3.690000057220459,203400
2018-05-25,3.743333101272583,3.8666670322418213,3.733333110809326,3.8666670322418213,75900
2018-05-29,3.8466670513153076,3.880000114440918,3.743333101272583,3.75333309173584,174600
2018-05-30,4.176667213439941,4.266666889190674,3.8606669902801514,3.8606669902801514,509400
2018-05-31,4.236667156219482,4.336667060852051,4.093332767486572,4.093332767486572,338400
2018-06-01,4.686666965484619,4.993332862854004,4.179333209991455,4.216667175292969,905100
2018-06-04,4.493332862854004,4.743332862854004,4.260000228881836,4.699999809265137,311700
2018-06-05,4.196667194366455,4.53000020980835,4.170000076293945,4.466667175292969,159600
2018-06-06,4.210000038146973,4.242000102996826,4.1533331871032715,4.2266669273376465,71100
2018-06-07,4.073332786560059,4.203332901000977,4.02666711807251,4.203332901000977,93600
2018-06-08,4.0233330726623535,4.138999938964844,4.0,4.093332767486572,130500
2018-06-11,4.25333309173584,4.256667137145996,3.9666669368743896,4.0,275400
2018-06-12,4.480000019073486,4.5366668701171875,4.2866668701171875,4.2866668701171875,273300
2018-06-13,4.453332901000977,4.6666669845581055,4.3933329582214355,4.493332862854004,297900
2018-06-14,4.46999979019165,4.599999904632568,4.420000076293945,4.49666690826416,280800
2018-06-15,4.659999847412109,4.663332939147949,4.383333206176758,4.453332901000977,485100
2018-06-18,4.52666711807251,4.933332920074463,4.47333288192749,4.663332939147949,504000
2018-06-19,4.236667156219482,4.613333225250244,4.210000038146973,4.4633331298828125,436500
2018-06-20,4.320000171661377,4.420000076293945,4.186666965484619,4.27666711807251,247500
2018-06-21,3.9800000190734863,4.3333330154418945,3.8466670513153076,4.3333330154418945,474600
2018-06-22,4.179999828338623,4.239999771118164,3.933666944503784,3.9800000190734863,2747700
2018-06-25,3.9866669178009033,4.236667156219482,3.9433329105377197,4.1433329582214355,302100
2018-06-26,3.9766669273376465,4.078332901000977,3.8933329582214355,4.013332843780518,345300
2018-06-27,3.683332920074463,4.015666961669922,3.6700000762939453,3.99666690826416,322800
2018-06-28,3.630000114440918,3.7733330726623535,3.6066670417785645,3.6766669750213623,163800
2018-06-29,3.5933330059051514,3.696666955947876,3.4916670322418213,3.6666669845581055,215400
2018-07-02,3.3399999141693115,3.603332996368408,3.2766671180725098,3.5933330059051514,298500
2018-07-03,3.663332939147949,3.6700000762939453,3.311332941055298,3.3566670417785645,130200
2018-07-05,3.5399999618530273,3.740000009536743,3.5,3.6600000858306885,300600
2018-07-06,3.6166670322418213,3.6933329105377197,3.553333044052124,3.553333044052124,132900
2018-07-09,3.75333309173584,3.7899999618530273,3.5536670684814453,3.609999895095825,106800
2018-07-10,3.793333053588867,3.8333330154418945,3.7100000381469727,3.7733330726623535,90600
2018-07-11,3.630000114440918,3.8299999237060547,3.5999999046325684,3.75333309173584,220800
2018-07-12,4.146667003631592,4.163332939147949,3.6333329677581787,3.6600000858306885,572100
2018-07-13,4.210000038146973,4.303332805633545,4.086667060852051,4.1666669845581055,335400
2018-07-16,4.113333225250244,4.383333206176758,4.03000020980835,4.230000019073486,390600
2018-07-17,4.139999866485596,4.25333309173584,4.0833330154418945,4.110000133514404,140400
2018-07-18,4.119999885559082,4.263332843780518,4.073332786560059,4.139999866485596,88500
2018-07-19,4.150000095367432,4.159999847412109,4.0279998779296875,4.126667022705078,58200
2018-07-20,4.2266669273376465,4.283332824707031,4.098667144775391,4.136666774749756,100500
2018-07-23,4.4766669273376465,4.639999866485596,4.159999847412109,4.269999980926514,480600
2018-07-24,4.539999961853027,4.599999904632568,4.406667232513428,4.539999961853027,150000
2018-07-25,4.489999771118164,4.552999973297119,4.349999904632568,4.533332824707031,79200
2018-07-26,4.553332805633545,4.593332767486572,4.467667102813721,4.5,118200
2018-07-27,4.413332939147949,4.566667079925537,4.353332996368408,4.566667079925537,167100
2018-07-30,4.260000228881836,4.466667175292969,4.233333110809326,4.433332920074463,105000
2018-07-31,4.320000171661377,4.5,4.293333053588867,4.306666851043701,152100
2018-08-01,4.616666793823242,4.616666793823242,4.266666889190674,4.349999904632568,236100
2018-08-02,4.763332843780518,4.800000190734863,4.516666889190674,4.646667003631592,327300
2018-08-03,4.913332939147949,4.933332920074463,4.646667003631592,4.646667003631592,338700
2018-08-06,4.889999866485596,4.943333148956299,4.816667079925537,4.933332920074463,222000
2018-08-07,4.579999923706055,5.00333309173584,4.52666711807251,5.0,766200
2018-08-08,4.8466668128967285,4.880000114440918,4.585667133331299,4.716667175292969,244200
2018-08-09,4.876667022705078,4.943333148956299,4.756667137145996,4.8933329582214355,309600
2018-08-10,4.9166669845581055,4.933332920074463,4.676667213439941,4.849999904632568,164400
2018-08-13,4.5833330154418945,4.966667175292969,4.506667137145996,4.900000095367432,358500
2018-08-14,4.453332901000977,4.630000114440918,4.303332805633545,4.576666831970215,156600
2018-08-15,4.2733330726623535,4.414667129516602,4.061666965484619,4.366666793823242,221700
2018-08-16,4.323332786560059,4.446667194366455,4.116666793823242,4.25333309173584,91500
2018-08-17,4.25,4.360000133514404,4.230000019073486,4.323332786560059,54600
2018-08-20,4.28000020980835,4.3333330154418945,4.173333168029785,4.260333061218262,84300
2018-08-21,4.5,4.5,4.320000171661377,4.320000171661377,138300
2018-08-22,4.363333225250244,4.522666931152344,4.353332996368408,4.513332843780518,90600
2018-08-23,4.373332977294922,4.4166669845581055,4.300000190734863,4.343332767486572,56700
2018-08-24,4.5,4.5,4.373332977294922,4.373332977294922,85800
2018-08-27,4.5833330154418945,4.6066670417785645,4.519999980926514,4.556666851043701,117000
2018-08-28,4.6533331871032715,4.7093329429626465,4.533332824707031,4.623332977294922,310500
2018-08-29,4.613333225250244,4.7866668701171875,4.5243330001831055,4.676667213439941,267300
2018-08-30,4.670000076293945,4.696667194366455,4.610000133514404,4.613333225250244,50700
2018-08-31,4.703332901000977,4.733333110809326,4.676667213439941,4.676667213439941,96600
2018-09-04,4.556666851043701,4.699999809265137,4.506667137145996,4.699999809265137,85800
2018-09-05,4.546667098999023,4.610000133514404,4.400000095367432,4.533332824707031,105600
2018-09-06,4.433332920074463,4.570000171661377,4.376667022705078,4.543333053588867,48600
2018-09-07,4.489999771118164,4.533332824707031,4.3333330154418945,4.4166669845581055,48000
2018-09-10,4.24666690826416,4.5233330726623535,4.230000019073486,4.5233330726623535,145800
2018-09-11,4.170000076293945,4.236667156219482,4.093332767486572,4.233333110809326,87900
2018-09-12,3.7833330631256104,4.1666669845581055,3.683332920074463,4.133333206176758,315300
2018-09-13,4.045000076293945,4.146667003631592,3.8466670513153076,3.8466670513153076,74700
2018-09-14,3.896667003631592,4.130000114440918,3.803333044052124,4.0233330726623535,96900
2018-09-17,4.006667137145996,4.079999923706055,3.8933329582214355,3.8933329582214355,60000
2018-09-18,3.9633328914642334,4.119999885559082,3.9533329010009766,4.00333309173584,80700
2018-09-19,3.9033329486846924,3.9733328819274902,3.826667070388794,3.950000047683716,77100
2018-09-20,4.086667060852051,4.139999866485596,4.0,4.000332832336426,43200
2018-09-21,3.9700000286102295,4.116666793823242,3.9600000381469727,4.0833330154418945,101100
2018-09-24,3.880000114440918,3.950000047683716,3.853332996368408,3.950000047683716,33300
2018-09-25,3.7633330821990967,3.993333101272583,3.734333038330078,3.896667003631592,93000
2018-09-26,3.696666955947876,3.799999952316284,3.690000057220459,3.7733330726623535,81000
2018-09-27,3.6166670322418213,3.74666690826416,3.5899999141693115,3.683332920074463,110700
2018-09-28,3.690000057220459,3.7249999046325684,3.611999988555908,3.7033329010009766,93300
2018-10-01,3.7733330726623535,3.8499999046325684,3.700000047683716,3.7300000190734863,66600
2018-10-02,3.6766669750213623,3.863332986831665,3.6700000762939453,3.766666889190674,45900
2018-10-03,3.7233328819274902,3.733333110809326,3.6666669845581055,3.6666669845581055,62700
2018-10-04,3.6433329582214355,3.733333110809326,3.6166670322418213,3.696666955947876,43800
2018-10-05,3.450000047683716,3.640000104904175,3.4100000858306885,3.640000104904175,261600
2018-10-08,3.569999933242798,3.626667022705078,3.430000066757202,3.430000066757202,53100
2018-10-09,3.700000047683716,3.733333110809326,3.559999942779541,3.559999942779541,60300
2018-10-10,3.436666965484619,3.696666955947876,3.4166669845581055,3.696666955947876,92700
2018-10-11,3.319999933242798,3.5,3.2866671085357666,3.4000000953674316,232800
2018-10-12,3.423332929611206,3.4633328914642334,3.375999927520752,3.4166669845581055,81300
2018-10-15,3.563333034515381,3.566667079925537,3.456666946411133,3.4633328914642334,66000
2018-10-16,3.450000047683716,3.6166670322418213,3.4266669750213623,3.5399999618530273,77400
2018-10-17,3.4266669750213623,3.4749999046325684,3.3666670322418213,3.4533329010009766,18900
2018-10-18,3.3566670417785645,3.5566670894622803,3.313333034515381,3.5566670894622803,152100
2018-10-19,3.413332939147949,3.483333110809326,3.353332996368408,3.353332996368408,61200
2018-10-22,3.3566670417785645,3.380000114440918,3.3299999237060547,3.3299999237060547,45000
2018-10-23,3.2733330726623535,3.3466670513153076,3.2166669368743896,3.2766671180725098,161100
2018-10-24,3.2033329010009766,3.2866671085357666,3.2033329010009766,3.2766671180725098,60600
2018-10-25,3.2166669368743896,3.2799999713897705,3.1700000762939453,3.2266669273376465,92100
2018-10-26,3.1500000953674316,3.2100000381469727,3.0966670513153076,3.1666669845581055,74700
2018-10-29,3.1566669940948486,3.319999933242798,3.1066670417785645,3.180000066757202,58500
2018-10-30,3.1566669940948486,3.190000057220459,3.0966670513153076,3.103332996368408,64500
2018-10-31,3.183332920074463,3.24666690826416,3.1666669845581055,3.196666955947876,52200
2018-11-01,3.3333330154418945,3.3333330154418945,3.183332920074463,3.196666955947876,23700
2018-11-02,3.3399999141693115,3.3933329582214355,3.299999952316284,3.3333330154418945,78900
2018-11-05,3.3299999237060547,3.3666670322418213,3.266666889190674,3.3433330059051514,37800
2018-11-06,3.3333330154418945,3.373332977294922,3.313333034515381,3.3333330154418945,26100
2018-11-07,3.433332920074463,3.433332920074463,3.316667079925537,3.336667060852051,108000
2018-11-08,4.0,4.0,3.433332920074463,3.433332920074463,460200
2018-11-09,3.9100000858306885,3.933332920074463,3.816667079925537,3.933332920074463,98400
2018-11-12,3.766666889190674,3.933332920074463,3.759999990463257,3.933332920074463,91800
2018-11-13,3.819999933242798,3.8666670322418213,3.7300000190734863,3.7799999713897705,85500
2018-11-14,3.7833330631256104,3.9100000858306885,3.733333110809326,3.9100000858306885,60900
2018-11-15,3.8399999141693115,3.9066669940948486,3.553333044052124,3.733333110809326,52200
2018-11-16,3.743333101272583,3.816667079925537,3.623667001724243,3.809999942779541,93000
2018-11-19,3.646667003631592,3.766666889190674,3.609999895095825,3.766666889190674,47400
2018-11-20,3.4800000190734863,3.630000114440918,3.233333110809326,3.6066670417785645,78600
2018-11-21,3.663332939147949,3.696666955947876,3.493333101272583,3.493333101272583,51300
2018-11-23,3.6166670322418213,3.690000057220459,3.5299999713897705,3.5566670894622803,27900
2018-11-26,3.706666946411133,3.75,3.627000093460083,3.6766669750213623,39000
2018-11-27,3.586667060852051,3.690000057220459,3.4733328819274902,3.690000057220459,66900
2018-11-28,3.6766669750213623,3.75333309173584,3.516666889190674,3.5899999141693115,118200
2018-11-29,3.6666669845581055,3.7033329010009766,3.5999999046325684,3.673332929611206,40500
2018-11-30,3.7166669368743896,3.766666889190674,3.630000114440918,3.6700000762939453,63000
2018-12-03,3.678333044052124,3.816667079925537,3.636667013168335,3.803333044052124,35700
2018-12-04,3.490000009536743,3.700000047683716,3.440000057220459,3.6766669750213623,87600
2018-12-06,3.5933330059051514,3.5933330059051514,3.3666670322418213,3.490000009536743,47400
2018-12-07,3.490000009536743,3.663332939147949,3.376667022705078,3.5566670894622803,76500
2018-12-10,3.4600000381469727,3.553333044052124,3.430000066757202,3.506666898727417,36300
2018-12-11,3.5466670989990234,3.5799999237060547,3.456666946411133,3.456666946411133,3900
2018-12-12,3.5933330059051514,3.6533329486846924,3.566667079925537,3.6533329486846924,37200
2018-12-13,3.5399999618530273,3.6500000953674316,3.4600000381469727,3.6500000953674316,23400
2018-12-14,3.4700000286102295,3.619999885559082,3.4700000286102295,3.619999885559082,10800
2018-12-17,3.423332929611206,3.5733330249786377,3.353332996368408,3.4633328914642334,87900
2018-12-18,3.4066669940948486,3.516666889190674,3.4066669940948486,3.436666965484619,36600
2018-12-19,3.3833329677581787,3.516666889190674,3.369999885559082,3.4633328914642334,52500
2018-12-20,3.4200000762939453,3.5,3.3466670513153076,3.4433329105377197,84300
2018-12-21,3.4200000762939453,3.433332920074463,3.369999885559082,3.4166669845581055,140400
2018-12-24,3.353332996368408,3.49666690826416,3.353332996368408,3.3666670322418213,44400
2018-12-26,3.4733328819274902,3.5,3.3466670513153076,3.440000057220459,82500
2018-12-27,3.4866669178009033,3.5,3.3666670322418213,3.4533329010009766,98400
2018-12-28,3.490000009536743,3.5,3.4033329486846924,3.5,84300
2018-12-31,3.626667022705078,3.6600000858306885,3.423332929611206,3.516666889190674,59400
2019-01-02,3.623332977294922,3.663332939147949,3.5399999618530273,3.5899999141693115,78900
2019-01-03,3.456666946411133,3.5999999046325684,3.437000036239624,3.5999999046325684,63900
2019-01-04,3.566667079925537,3.5999999046325684,3.4523329734802246,3.4573330879211426,68100
2019-01-07,3.5833330154418945,3.619999885559082,3.330667018890381,3.505666971206665,81600
2019-01-08,3.576667070388794,3.5999999046325684,3.4766669273376465,3.5999999046325684,37200
2019-01-09,3.5266671180725098,3.5799999237060547,3.4666669368743896,3.572999954223633,51600
2019-01-10,3.5,3.5333330631256104,3.4533329010009766,3.516666889190674,21900
2019-01-11,3.50333309173584,3.50333309173584,3.433332920074463,3.483333110809326,28200
2019-01-14,3.4200000762939453,3.4866669178009033,3.3933329582214355,3.451667070388794,33000
2019-01-15,3.4766669273376465,3.4766669273376465,3.4066669940948486,3.4600000381469727,13500
2019-01-16,3.483333110809326,3.5,3.416332960128784,3.5,32100
2019-01-17,3.4266669750213623,3.4633328914642334,3.3399999141693115,3.4166669845581055,39000
2019-01-18,3.256666898727417,3.445667028427124,3.1933329105377197,3.430000066757202,86100
2019-01-22,3.1166670322418213,3.2966670989990234,3.113332986831665,3.256666898727417,99300
2019-01-23,3.0899999141693115,3.233333110809326,3.0733330249786377,3.1666669845581055,86400
2019-01-24,3.25,3.25,3.086667060852051,3.086667060852051,79500
2019-01-25,3.3399999141693115,3.373332977294922,3.266666889190674,3.2899999618530273,71700
2019-01-28,3.240000009536743,3.3466670513153076,3.200000047683716,3.256666898727417,53700
2019-01-29,3.2033329010009766,3.266666889190674,3.1666669845581055,3.266666889190674,27300
2019-01-30,3.163332939147949,3.191999912261963,3.1096670627593994,3.190000057220459,56700
2019-01-31,3.103332996368408,3.186666965484619,3.0933330059051514,3.119999885559082,136800
2019-02-01,3.0966670513153076,3.163332939147949,3.069999933242798,3.103332996368408,84000
2019-02-04,3.1066670417785645,3.140000104904175,3.0733330249786377,3.113332986831665,65700
2019-02-05,3.140000104904175,3.163332939147949,3.0833330154418945,3.1066670417785645,53700
2019-02-06,3.130000114440918,3.1423330307006836,3.103332996368408,3.109999895095825,34500
2019-02-07,3.086667060852051,3.1500000953674316,3.0733330249786377,3.1166670322418213,69000
2019-02-08,3.103332996368408,3.126667022705078,3.0926671028137207,3.0926671028137207,71100
2019-02-11,3.1066670417785645,3.163332939147949,3.103332996368408,3.113332986831665,93900
2019-02-12,3.1600000858306885,3.163332939147949,3.006666898727417,3.1166670322418213,135300
2019-02-13,3.113332986831665,3.2366669178009033,3.053333044052124,3.1166670322418213,120600
2019-02-14,3.1433329582214355,3.233333110809326,3.066667079925537,3.1166670322418213,215400
2019-02-15,3.1666669845581055,3.186666965484619,3.103332996368408,3.1333329677581787,101100
2019-02-19,3.3233330249786377,3.325000047683716,3.1500000953674316,3.1666669845581055,237000
2019-02-20,3.8333330154418945,3.9079999923706055,3.3299999237060547,3.3299999237060547,575400
2019-02-21,3.7133328914642334,3.7966670989990234,3.5833330154418945,3.7966670989990234,174300
2019-02-22,3.863332986831665,3.886667013168335,3.7133328914642334,3.733333110809326,381300
2019-02-25,3.9166669845581055,3.983333110809326,3.8666670322418213,3.8666670322418213,201900
2019-02-26,3.816667079925537,3.9066669940948486,3.809999942779541,3.8466670513153076,27900
2019-02-27,3.793333053588867,3.836667060852051,3.7133328914642334,3.826667070388794,34200
2019-02-28,3.7833330631256104,3.8333330154418945,3.753999948501587,3.7966670989990234,62400
2019-03-01,3.8666670322418213,3.880000114440918,3.809000015258789,3.8333330154418945,40200
2019-03-04,4.1433329582214355,4.159999847412109,3.8666670322418213,3.8666670322418213,311100
2019-03-05,4.449999809265137,4.453332901000977,4.139999866485596,4.139999866485596,462600
2019-03-06,4.2266669273376465,4.449999809265137,4.163332939147949,4.449999809265137,373500
2019-03-07,3.696666955947876,4.316667079925537,3.549999952316284,4.316667079925537,597300
2019-03-08,3.8833329677581787,3.99666690826416,3.636667013168335,3.636667013168335,152700
2019-03-11,3.9533329010009766,4.0,3.8466670513153076,3.9200000762939453,155400
2019-03-12,3.9633328914642334,3.993333101272583,3.8949999809265137,3.993333101272583,152700
2019-03-13,4.21999979019165,4.296667098999023,3.956666946411133,3.9600000381469727,301800
2019-03-14,4.599999904632568,4.6666669845581055,4.25,4.256667137145996,1022400
2019-03-15,4.550000190734863,4.626667022705078,4.413332939147949,4.613333225250244,453900
2019-03-18,4.956666946411133,4.966667175292969,4.506667137145996,4.543333053588867,1216800
2019-03-19,5.316667079925537,5.8333330154418945,4.940000057220459,4.960000038146973,2157000
2019-03-20,5.309999942779541,5.4633331298828125,4.833666801452637,5.2266669273376465,922800
2019-03-21,5.480000019073486,5.559999942779541,5.300000190734863,5.303332805633545,326700
2019-03-22,4.826666831970215,5.440000057220459,4.760000228881836,5.420000076293945,477300
2019-03-25,5.053332805633545,5.1666669845581055,4.823332786560059,4.9766669273376465,330300
2019-03-26,5.266666889190674,5.3333330154418945,5.013332843780518,5.013332843780518,483300
2019-03-27,5.02666711807251,5.290332794189453,4.953332901000977,5.25,226500
2019-03-28,5.050000190734863,5.090000152587891,4.866666793823242,5.02666711807251,167700
2019-03-29,5.1433329582214355,5.193333148956299,4.9166669845581055,5.126667022705078,208200
2019-04-01,5.1533331871032715,5.243332862854004,5.006667137145996,5.1533331871032715,291300
2019-04-02,5.093332767486572,5.2133331298828125,5.064000129699707,5.156667232513428,147600
2019-04-03,5.230000019073486,5.316667079925537,5.130000114440918,5.163332939147949,246600
2019-04-04,5.28000020980835,5.3333330154418945,5.093332767486572,5.28000020980835,218700
2019-04-05,5.266666889190674,5.3333330154418945,5.210000038146973,5.313333034515381,158700
2019-04-08,5.179999828338623,5.263332843780518,5.123332977294922,5.263332843780518,99000
2019-04-09,5.050000190734863,5.239999771118164,5.02666711807251,5.176667213439941,115500
2019-04-10,5.116666793823242,5.203000068664551,4.97333288192749,5.110000133514404,245400
2019-04-11,5.130000114440918,5.1433329582214355,5.099999904632568,5.116666793823242,54300
2019-04-12,5.186666965484619,5.369999885559082,5.065999984741211,5.206666946411133,281100
2019-04-15,5.146667003631592,5.203332901000977,5.066667079925537,5.203332901000977,74400
2019-04-16,5.466667175292969,5.553332805633545,5.1666669845581055,5.193333148956299,662100
2019-04-17,5.836667060852051,5.946667194366455,5.468332767486572,5.553332805633545,981600
2019-04-18,6.126667022705078,6.159999847412109,5.683332920074463,5.896667003631592,645900
2019-04-22,5.453332901000977,6.466667175292969,5.203332901000977,6.193333148956299,1060800
2019-04-23,5.603332996368408,5.793333053588867,5.4033331871032715,5.440000057220459,380400
2019-04-24,5.5833330154418945,5.814667224884033,5.533332824707031,5.619999885559082,165900
2019-04-25,5.329999923706055,5.6066670417785645,5.266666889190674,5.579999923706055,318900
2019-04-26,5.423333168029785,5.4633331298828125,5.329999923706055,5.3566670417785645,155400
2019-04-29,5.733333110809326,5.766666889190674,5.269999980926514,5.420000076293945,267900
2019-04-30,5.743332862854004,5.880000114440918,5.672667026519775,5.800000190734863,219600
2019-05-01,5.796667098999023,5.8466668128967285,5.701666831970215,5.763332843780518,126000
2019-05-02,5.983333110809326,6.086667060852051,5.683332920074463,5.743332862854004,262500
2019-05-03,6.099999904632568,6.1666669845581055,5.936999797821045,5.983333110809326,177300
2019-05-06,6.1066670417785645,6.1666669845581055,5.64900016784668,6.039999961853027,464700
2019-05-07,6.25,6.426667213439941,6.086667060852051,6.090000152587891,336300
2019-05-08,6.139999866485596,6.5,6.0,6.400000095367432,478200
2019-05-09,6.170000076293945,6.296332836151123,5.730000019073486,6.266666889190674,350700
2019-05-10,6.340000152587891,6.400000095367432,6.159999847412109,6.159999847412109,232800
2019-05-13,6.239999771118164,6.360000133514404,6.056666851043701,6.323332786560059,398100
2019-05-14,6.613333225250244,6.6666669845581055,6.25,6.306666851043701,499200
2019-05-15,7.116666793823242,7.293333053588867,6.466667175292969,6.5366668701171875,627000
2019-05-16,6.313333034515381,7.25,6.242667198181152,7.1666669845581055,611100
2019-05-17,6.413332939147949,6.550000190734863,6.21999979019165,6.21999979019165,275400
2019-05-20,5.909999847412109,6.316667079925537,5.886666774749756,6.316667079925537,378000
2019-05-21,6.079999923706055,6.1533331871032715,5.926667213439941,5.993332862854004,256500
2019-05-22,5.826666831970215,6.050000190734863,5.52666711807251,5.989999771118164,328500
2019-05-23,5.880000114440918,5.929999828338623,5.516666889190674,5.760000228881836,390600
2019-05-24,6.03000020980835,6.130000114440918,5.840000152587891,5.883333206176758,104700
2019-05-28,6.21999979019165,6.360000133514404,6.039999961853027,6.0966668128967285,204300
2019-05-29,6.336667060852051,6.47333288192749,6.196667194366455,6.206666946411133,168000
2019-05-30,6.316667079925537,6.513332843780518,6.203332901000977,6.376667022705078,192600
2019-05-31,6.420000076293945,6.47333288192749,6.190000057220459,6.22333288192749,176700
2019-06-03,6.1533331871032715,6.550333023071289,6.0966668128967285,6.433332920074463,351900
2019-06-04,6.233333110809326,6.2733330726623535,5.9166669845581055,6.196667194366455,389700
2019-06-05,6.050000190734863,6.3333330154418945,5.857333183288574,6.283332824707031,338700
2019-06-06,6.186666965484619,6.25333309173584,5.843332767486572,6.046667098999023,298800
2019-06-07,6.1533331871032715,6.289999961853027,6.0833330154418945,6.206666946411133,188700
2019-06-10,6.300000190734863,6.300000190734863,6.00333309173584,6.190000057220459,256500
2019-06-11,6.0966668128967285,6.391666889190674,5.906667232513428,6.329999923706055,395400
2019-06-12,6.070000171661377,6.123332977294922,5.944333076477051,6.053332805633545,230400
2019-06-13,5.829999923706055,6.126667022705078,5.6666669845581055,6.070000171661377,393000
2019-06-14,5.74666690826416,5.886666774749756,5.670000076293945,5.820000171661377,276000
2019-06-17,5.576666831970215,5.733333110809326,5.50333309173584,5.733333110809326,491400
2019-06-18,5.909999847412109,6.210000038146973,5.789999961853027,6.066667079925537,628200
2019-06-19,5.826666831970215,5.900000095367432,5.576666831970215,5.900000095367432,398400
2019-06-20,5.6433329582214355,5.886666774749756,5.623332977294922,5.8566670417785645,277800
2019-06-21,5.396667003631592,5.6066670417785645,5.303332805633545,5.6066670417785645,448800
2019-06-24,5.423333168029785,5.5233330726623535,5.309999942779541,5.396667003631592,268800
2019-06-25,5.146667003631592,5.380000114440918,5.114999771118164,5.376667022705078,365100
2019-06-26,5.2133331298828125,5.300000190734863,5.0833330154418945,5.21999979019165,279900
2019-06-27,5.146667003631592,5.316667079925537,5.090000152587891,5.236667156219482,450000
2019-06-28,5.203332901000977,5.383333206176758,5.119999885559082,5.183332920074463,3162900
2019-07-01,5.926667213439941,5.9633331298828125,5.3566670417785645,5.3566670417785645,638700
2019-07-02,5.789999961853027,5.900000095367432,5.686666965484619,5.900000095367432,278700
2019-07-03,5.760000228881836,5.836667060852051,5.663332939147949,5.78000020980835,174000
2019-07-05,5.493332862854004,5.683332920074463,5.316667079925537,5.5,366000
2019-07-08,5.626667022705078,5.670000076293945,5.420000076293945,5.4766669273376465,223800
2019-07-09,5.616666793823242,5.686666965484619,5.593332767486572,5.593332767486572,139500
2019-07-10,5.6066670417785645,5.75333309173584,5.546667098999023,5.650000095367432,181500
2019-07-11,5.50333309173584,5.650000095367432,5.447667121887207,5.646667003631592,123600
2019-07-12,5.50333309173584,5.593332767486572,5.449999809265137,5.506667137145996,228600
2019-07-15,5.506667137145996,5.650000095367432,5.353332996368408,5.519999980926514,158700
2019-07-16,5.6066670417785645,5.699999809265137,5.533332824707031,5.533332824707031,179100
2019-07-17,5.7733330726623535,5.78266716003418,5.433332920074463,5.623332977294922,287400
2019-07-18,6.343332767486572,6.367000102996826,5.75,5.7866668701171875,1122600
2019-07-19,6.086667060852051,6.3333330154418945,5.949999809265137,6.300000190734863,675900
2019-07-22,6.1066670417785645,6.133333206176758,5.980000019073486,6.099999904632568,218400
2019-07-23,6.056666851043701,6.146667003631592,5.9766669273376465,6.116666793823242,164400
2019-07-24,6.0833330154418945,6.123332977294922,5.874000072479248,6.006667137145996,186600
2019-07-25,5.8933329582214355,6.079999923706055,5.886666774749756,6.079999923706055,104100
2019-07-26,5.929999828338623,6.050000190734863,5.923333168029785,5.953332901000977,132600
2019-07-29,6.019999980926514,6.039999961853027,5.866666793823242,6.006667137145996,144600
2019-07-30,5.829999923706055,6.016666889190674,5.820000171661377,5.96999979019165,136200
2019-07-31,5.809999942779541,5.986667156219482,5.783332824707031,5.849999904632568,174900
2019-08-01,5.3333330154418945,5.909999847412109,5.25333309173584,5.806666851043701,770400
2019-08-02,5.3333330154418945,5.486667156219482,5.300000190734863,5.323332786560059,286200
2019-08-05,5.239999771118164,5.380000114440918,5.1433329582214355,5.320000171661377,223200
2019-08-06,5.28000020980835,5.409999847412109,5.146667003631592,5.326666831970215,259800
2019-08-07,5.366666793823242,5.366666793823242,5.139999866485596,5.21999979019165,189000
2019-08-08,5.940000057220459,6.0,5.639999866485596,5.989999771118164,765900
2019-08-09,5.7266669273376465,5.946667194366455,5.639999866485596,5.9166669845581055,229200
2019-08-12,5.933332920074463,6.123332977294922,5.6533331871032715,5.716667175292969,519600
2019-08-13,6.103332996368408,6.156667232513428,5.813333034515381,5.923333168029785,469200
2019-08-14,4.836667060852051,5.6533331871032715,4.806666851043701,5.646667003631592,1532100
2019-08-15,4.659999847412109,4.7083330154418945,4.449999809265137,4.6666669845581055,3330900
2019-08-16,4.659999847412109,4.766666889190674,4.613333225250244,4.6666669845581055,1270500
2019-08-19,4.686666965484619,4.843332767486572,4.633333206176758,4.816667079925537,795600
2019-08-20,4.743332862854004,4.900000095367432,4.633333206176758,4.683332920074463,604800
2019-08-21,4.75,4.8566670417785645,4.670000076293945,4.7733330726623535,326400
2019-08-22,4.909999847412109,4.9766669273376465,4.736667156219482,4.9766669273376465,461400
2019-08-23,4.696667194366455,4.983333110809326,4.633333206176758,4.836667060852051,538500
2019-08-26,4.646667003631592,4.763332843780518,4.546667098999023,4.763332843780518,465000
2019-08-27,4.619999885559082,4.690000057220459,4.5833330154418945,4.650000095367432,382500
2019-08-28,4.636666774749756,4.710000038146973,4.5833330154418945,4.633333206176758,227700
2019-08-29,4.75333309173584,4.813333034515381,4.671667098999023,4.696667194366455,292200
2019-08-30,4.766666889190674,4.796667098999023,4.710000038146973,4.763332843780518,143700
2019-09-03,4.9033331871032715,4.99666690826416,4.699999809265137,4.733333110809326,448200
2019-09-04,5.233333110809326,5.313333034515381,4.870999813079834,4.97333288192749,928500
2019-09-05,5.0,5.466667175292969,5.0,5.300000190734863,618000
2019-09-06,4.78000020980835,5.046667098999023,4.766666889190674,5.016666889190674,679500
2019-09-09,4.77666711807251,4.925666809082031,4.7216668128967285,4.896667003631592,414000
2019-09-10,4.860000133514404,4.906667232513428,4.696667194366455,4.730000019073486,284400
2019-09-11,4.769999980926514,4.983333110809326,4.703332901000977,4.880000114440918,572400
2019-09-12,4.756667137145996,4.84499979019165,4.716667175292969,4.783332824707031,164400
2019-09-13,4.900000095367432,5.066667079925537,4.756667137145996,4.760000228881836,330600
2019-09-16,4.883333206176758,4.949999809265137,4.816667079925537,4.816667079925537,228600
2019-09-17,4.8466668128967285,4.9106669425964355,4.718332767486572,4.853332996368408,221100
2019-09-18,4.8933329582214355,4.956666946411133,4.75333309173584,4.843332767486572,170400
2019-09-19,4.75333309173584,4.993332862854004,4.733333110809326,4.923333168029785,215400
2019-09-20,4.796667098999023,4.894000053405762,4.690000057220459,4.769999980926514,275700
2019-09-23,4.953332901000977,5.066667079925537,4.818999767303467,4.829999923706055,270900
2019-09-24,4.730000019073486,5.14300012588501,4.699999809265137,4.949999809265137,385800
2019-09-25,4.860000133514404,4.860000133514404,4.686666965484619,4.7733330726623535,129900
2019-09-26,4.699999809265137,4.8520002365112305,4.696667194366455,4.8520002365112305,90000
2019-09-27,4.590000152587891,4.75,4.47333288192749,4.699999809265137,480900
2019-09-30,4.619999885559082,4.636666774749756,4.484333038330078,4.563333034515381,184800
2019-10-01,4.510000228881836,4.7133331298828125,4.480000019073486,4.636666774749756,232200
2019-10-02,4.6066670417785645,4.639999866485596,4.449999809265137,4.47333288192749,188400
2019-10-03,4.650000095367432,4.743332862854004,4.599667072296143,4.603332996368408,112500
2019-10-04,4.633333206176758,4.75333309173584,4.5183329582214355,4.6433329582214355,158400
2019-10-07,4.49666690826416,4.663332939147949,4.47333288192749,4.576666831970215,193200
2019-10-08,4.369999885559082,4.47333288192749,4.233333110809326,4.47333288192749,300600
2019-10-09,4.449999809265137,4.543333053588867,4.363333225250244,4.389999866485596,207600
2019-10-10,4.413332939147949,4.550000190734863,4.349999904632568,4.4633331298828125,131700
2019-10-11,4.409999847412109,4.539999961853027,4.409999847412109,4.480000019073486,126000
2019-10-14,4.269999980926514,4.516666889190674,4.216667175292969,4.413332939147949,239400
2019-10-15,4.396667003631592,4.46999979019165,4.293333053588867,4.293333053588867,143400
2019-10-16,4.28000020980835,4.380000114440918,4.2133331298828125,4.3663330078125,162600
2019-10-17,4.413332939147949,4.414667129516602,4.320000171661377,4.3333330154418945,83700
2019-10-18,4.21999979019165,4.413332939147949,4.210000038146973,4.373332977294922,139800
2019-10-21,4.383333206176758,4.4166669845581055,4.21999979019165,4.266666889190674,135600
2019-10-22,4.373332977294922,4.4730000495910645,4.300000190734863,4.413332939147949,95400
2019-10-23,4.269999980926514,4.443333148956299,4.25333309173584,4.343332767486572,233700
2019-10-24,4.5,4.703332901000977,4.2866668701171875,4.293333053588867,393300
2019-10-25,4.466667175292969,4.593332767486572,4.433332920074463,4.550000190734863,299100
2019-10-28,4.516666889190674,4.593332767486572,4.426667213439941,4.478332996368408,386400
2019-10-29,4.323332786560059,4.533332824707031,4.309999942779541,4.50333309173584,275400
2019-10-30,4.3333330154418945,4.3566670417785645,4.283332824707031,4.349999904632568,255300
2019-10-31,4.196667194366455,4.3333330154418945,4.170000076293945,4.323332786560059,204000
2019-11-01,4.27666711807251,4.320000171661377,4.203332901000977,4.203332901000977,213300
2019-11-04,4.546667098999023,4.565000057220459,4.300000190734863,4.303332805633545,342900
2019-11-05,4.75333309173584,4.813333034515381,4.483333110809326,4.543333053588867,331800
2019-11-06,4.800000190734863,4.966667175292969,4.763332843780518,4.763332843780518,573300
2019-11-07,5.216667175292969,5.293333053588867,4.8933329582214355,5.199999809265137,897600
2019-11-08,4.806666851043701,5.25,4.699999809265137,5.216667175292969,465900
2019-11-11,4.796667098999023,4.829999923706055,4.480000019073486,4.796667098999023,524700
2019-11-12,4.983333110809326,5.0,4.77666711807251,4.789999961853027,355500
2019-11-13,4.840000152587891,5.00333309173584,4.678999900817871,4.986667156219482,272400
2019-11-14,4.7866668701171875,5.019999980926514,4.769999980926514,4.836667060852051,331800
2019-11-15,4.806666851043701,4.900000095367432,4.7133331298828125,4.823332786560059,225000
2019-11-18,4.716667175292969,4.803332805633545,4.673333168029785,4.769999980926514,227100
2019-11-19,4.659999847412109,4.809999942779541,4.633333206176758,4.71999979019165,241500
2019-11-20,4.876667022705078,4.936666965484619,4.6066670417785645,4.623332977294922,762000
2019-11-21,4.766666889190674,4.933332920074463,4.736667156219482,4.8466668128967285,401700
2019-11-22,4.623332977294922,4.816667079925537,4.613333225250244,4.77666711807251,384900
2019-11-25,4.769999980926514,4.843332767486572,4.683332920074463,4.706666946411133,285900
2019-11-26,4.699999809265137,4.800000190734863,4.673333168029785,4.7733330726623535,165600
2019-11-27,4.5966668128967285,4.716667175292969,4.5233330726623535,4.693333148956299,560100
2019-11-29,4.603332996368408,4.663332939147949,4.519999980926514,4.623332977294922,256200
2019-12-02,4.636666774749756,4.703332901000977,4.586667060852051,4.6666669845581055,238200
2019-12-03,4.663332939147949,4.6666669845581055,4.52666711807251,4.533332824707031,261900
2019-12-04,4.703332901000977,4.75333309173584,4.639999866485596,4.679999828338623,247200
2019-12-05,4.889999866485596,4.926667213439941,4.703999996185303,4.72333288192749,278700
2019-12-06,5.139999866485596,5.193333148956299,4.896667003631592,4.896667003631592,464100
2019-12-09,4.889999866485596,5.176667213439941,4.826666831970215,5.176667213439941,224100
2019-12-10,5.02666711807251,5.079999923706055,4.9166669845581055,4.9166669845581055,156600
2019-12-11,5.243332862854004,5.3333330154418945,5.046667098999023,5.046667098999023,379500
2019-12-12,5.300000190734863,5.300000190734863,5.233333110809326,5.256667137145996,137400
2019-12-13,5.630000114440918,5.650000095367432,5.25333309173584,5.303332805633545,456600
2019-12-16,6.063333034515381,6.0833330154418945,5.639999866485596,5.686666965484619,756600
2019-12-17,6.230000019073486,6.363333225250244,6.081333160400391,6.22333288192749,591300
2019-12-18,6.1433329582214355,6.306666851043701,6.079999923706055,6.263332843780518,425700
2019-12-19,6.090000152587891,6.210999965667725,6.033332824707031,6.136666774749756,471600
2019-12-20,6.156667232513428,6.206666946411133,6.099999904632568,6.099999904632568,298500
2019-12-23,6.539999961853027,6.5833330154418945,6.103332996368408,6.183332920074463,795900
2019-12-24,6.443333148956299,6.5966668128967285,6.4166669845581055,6.563333034515381,450300
2019-12-26,6.336667060852051,6.53000020980835,6.25,6.453332901000977,510300
2019-12-27,6.133333206176758,6.433332920074463,6.02666711807251,6.2866668701171875,539100
2019-12-30,6.048333168029785,6.146667003631592,6.010000228881836,6.146667003631592,569100
2019-12-31,6.150000095367432,6.25933313369751,6.0833330154418945,6.099999904632568,334200
2020-01-02,6.309999942779541,6.429999828338623,6.170000076293945,6.243332862854004,481200
2020-01-03,6.366666793823242,6.4166669845581055,6.150000095367432,6.193333148956299,345900
2020-01-06,7.0,7.263332843780518,6.300000190734863,6.303332805633545,1856400
2020-01-07,8.166666984558105,8.236666679382324,7.079999923706055,7.146667003631592,2797500
2020-01-08,8.260000228881836,8.763333320617676,8.146666526794434,8.149999618530273,2669100
2020-01-09,7.826666831970215,8.333333015441895,7.456666946411133,8.286666870117188,1556400
2020-01-10,7.876667022705078,8.140000343322754,7.77666711807251,7.8333330154418945,581400
2020-01-13,8.760000228881836,8.8100004196167,8.050000190734863,8.050000190734863,1917000
2020-01-14,10.529999732971191,10.609999656677246,9.0,9.0,3761700
2020-01-15,11.716667175292969,12.233332633972168,10.239999771118164,10.529999732971191,6698700
2020-01-16,12.103333473205566,12.539999961853027,11.817999839782715,11.850000381469727,3612300
2020-01-17,12.029999732971191,12.123332977294922,10.783332824707031,12.0,2610600
2020-01-21,14.223333358764648,14.229999542236328,11.666666984558105,11.99666690826416,4023000
2020-01-22,16.18000030517578,17.067333221435547,14.527000427246094,15.333333015441895,8320800
2020-01-23,13.420000076293945,15.65666675567627,13.256667137145996,15.55666732788086,5313900
2020-01-24,11.903332710266113,13.956666946411133,11.666666984558105,13.946666717529297,5364000
2020-01-27,12.523332595825195,12.933333396911621,10.833333015441895,11.00333309173584,4103100
2020-01-28,12.6899995803833,14.316666603088379,12.176667213439941,13.260000228881836,2814900
2020-01-29,12.346667289733887,13.079999923706055,11.90666675567627,12.600000381469727,1342800
2020-01-30,12.013333320617676,12.279999732971191,11.699999809265137,12.153332710266113,1818900
2020-01-31,11.579999923706055,12.0,11.083999633789062,12.0,1424400
2020-02-03,11.84333324432373,12.99666690826416,11.5,11.630000114440918,2009400
2020-02-04,12.783332824707031,13.026666641235352,12.199999809265137,12.433333396911621,1791600
2020-02-05,11.783332824707031,13.399999618530273,11.591667175292969,13.34000015258789,1638000
2020-02-06,12.333333015441895,12.796667098999023,11.783332824707031,11.986666679382324,1565100
2020-02-07,12.010000228881836,12.576000213623047,11.823332786560059,12.466667175292969,1668000
2020-02-10,13.863332748413086,14.0,11.953332901000977,12.020000457763672,3295200
2020-02-11,13.103333473205566,14.429332733154297,12.436667442321777,14.25333309173584,4422300
2020-02-12,13.58666706085205,13.666666984558105,12.84333324432373,13.239999771118164,1680600
2020-02-13,12.899999618530273,13.573332786560059,12.766667366027832,13.573332786560059,1416000
2020-02-14,13.033332824707031,13.15999984741211,12.686667442321777,12.953332901000977,826200
2020-02-18,13.94333267211914,14.25333309173584,13.289999961853027,13.33666706085205,3771300
2020-02-19,13.30666732788086,15.463333129882812,13.226667404174805,14.130000114440918,4156500
2020-02-20,14.216667175292969,14.366666793823242,13.40999984741211,13.476667404174805,2117700
2020-02-21,12.90666675567627,14.524999618530273,12.850000381469727,14.3100004196167,1880700
2020-02-24,12.75333309173584,13.229999542236328,11.626667022705078,12.133333206176758,1983900
2020-02-25,12.5,13.21399974822998,12.023332595825195,12.983332633972168,1582200
2020-02-26,12.453332901000977,12.74666690826416,12.170000076293945,12.319999694824219,866700
2020-02-27,11.703332901000977,12.100000381469727,11.303333282470703,11.666666984558105,1916100
2020-02-28,11.649999618530273,11.786666870117188,10.710000038146973,11.09000015258789,1712100
2020-03-02,12.223333358764648,12.226667404174805,11.233332633972168,11.853333473205566,958800
2020-03-03,11.853333473205566,12.426667213439941,11.55666732788086,12.329999923706055,1572000
2020-03-04,11.899999618530273,12.279999732971191,11.666666984558105,12.039999961853027,776700
2020-03-05,11.763333320617676,12.073332786560059,11.529999732971191,11.630000114440918,807600
2020-03-06,10.676667213439941,11.533332824707031,10.313332557678223,11.5,1582200
2020-03-09,9.00333309173584,9.768333435058594,9.0,9.420000076293945,1696800
2020-03-10,8.930000305175781,9.766667366027832,8.703332901000977,9.333333015441895,2834100
2020-03-11,8.533332824707031,9.073332786560059,8.266667366027832,9.073332786560059,1927500
2020-03-12,7.809999942779541,8.486666679382324,7.426667213439941,8.333333015441895,1792800
2020-03-13,7.623332977294922,8.796667098999023,7.176667213439941,8.473333358764648,1746300
2020-03-16,7.00333309173584,7.296667098999023,6.323332786560059,6.383333206176758,1562100
2020-03-17,8.006667137145996,8.30666732788086,6.820000171661377,7.146667003631592,1724100
2020-03-18,5.75,7.610000133514404,5.316667079925537,7.380000114440918,2515200
2020-03-19,6.8333330154418945,7.316667079925537,6.190000057220459,7.316667079925537,3808500
2020-03-20,7.3566670417785645,8.020000457763672,7.22333288192749,7.28000020980835,2701800
2020-03-23,8.739999771118164,8.989999771118164,7.176667213439941,7.47333288192749,2925600
2020-03-24,9.41333293914795,10.486666679382324,9.036666870117188,9.44333267211914,3089400
2020-03-25,9.233332633972168,9.966667175292969,9.033332824707031,9.453332901000977,1719900
2020-03-26,9.966667175292969,10.00333309173584,9.350000381469727,9.350000381469727,1802400
2020-03-27,9.460000038146973,9.75,9.146666526794434,9.366666793823242,1011300
2020-03-30,9.99666690826416,10.100000381469727,9.302666664123535,9.476667404174805,1137000
2020-03-31,9.869999885559082,10.199999809265137,9.630332946777344,10.0,1567800
2020-04-01,9.113332748413086,9.706666946411133,8.960000038146973,9.449999809265137,1084200
2020-04-02,9.173333168029785,9.539999961853027,8.933333396911621,9.0600004196167,776400
2020-04-03,9.066666603088379,9.270000457763672,8.551667213439941,9.166666984558105,721800
2020-04-06,10.850000381469727,10.90666675567627,9.103333473205566,9.293333053588867,2128200
2020-04-07,11.083333015441895,11.579999923706055,10.595000267028809,11.0,1769100
2020-04-08,11.626667022705078,11.738666534423828,11.15666675567627,11.333333015441895,1619400
2020-04-09,11.026666641235352,11.978333473205566,10.831000328063965,11.723333358764648,1128600
2020-04-13,11.09333324432373,11.096667289733887,10.536666870117188,11.069999694824219,918900
2020-04-14,11.529999732971191,12.196666717529297,11.333333015441895,11.333333015441895,1429500
2020-04-15,11.15999984741211,11.65999984741211,10.716667175292969,11.613332748413086,817500
2020-04-16,11.90999984741211,11.930000305175781,11.1899995803833,11.1899995803833,982500
2020-04-17,12.023332595825195,12.673333168029785,11.859999656677246,12.166666984558105,956700
2020-04-20,12.010000228881836,12.636667251586914,11.833333015441895,11.833333015441895,634500
2020-04-21,11.109999656677246,11.933333396911621,10.923666954040527,11.833333015441895,1031100
2020-04-22,12.363332748413086,12.426667213439941,11.516667366027832,11.516667366027832,897000
2020-04-23,11.94333267211914,12.470000267028809,11.748332977294922,12.286666870117188,865800
2020-04-24,12.166666984558105,12.226667404174805,11.5,12.010000228881836,996300
2020-04-27,12.673333168029785,13.596667289733887,12.433333396911621,12.5,1850700
2020-04-28,12.75333309173584,13.196666717529297,12.483332633972168,12.933333396911621,991200
2020-04-29,13.813332557678223,14.0,13.063332557678223,13.136667251586914,1139400
2020-04-30,13.3100004196167,13.930000305175781,13.1899995803833,13.930000305175781,650700
2020-05-01,11.893333435058594,13.166666984558105,11.673333168029785,12.833333015441895,1474200
2020-05-04,11.930000305175781,12.229999542236328,11.523332595825195,11.729999542236328,824100
2020-05-05,12.5600004196167,13.020000457763672,12.146666526794434,12.146666526794434,858600
2020-05-06,13.100000381469727,13.953332901000977,12.963333129882812,13.203332901000977,1395300
2020-05-07,14.729999542236328,14.960000038146973,13.19333267211914,13.19333267211914,2169300
2020-05-08,15.553333282470703,15.880000114440918,14.449999809265137,14.539999961853027,2123400
2020-05-11,17.946666717529297,18.1200008392334,15.449999809265137,15.609999656677246,2533500
2020-05-12,18.683332443237305,19.593332290649414,17.22333335876465,18.333332061767578,3437400
2020-05-13,16.760000228881836,18.93666648864746,15.923333168029785,18.766666412353516,2366100
2020-05-14,20.010000228881836,20.126667022705078,16.06999969482422,16.07666778564453,3845700
2020-05-15,19.56999969482422,19.916332244873047,18.48666763305664,19.0,1750800
2020-05-18,21.203332901000977,21.31999969482422,19.551332473754883,20.399999618530273,1716000
2020-05-19,21.89666748046875,23.083332061767578,21.26333236694336,21.266666412353516,2084400
2020-05-20,18.360000610351562,22.509666442871094,17.81999969482422,21.90333366394043,4079700
2020-05-21,18.166667938232422,20.459999084472656,17.713333129882812,19.316667556762695,2470800
2020-05-22,17.623332977294922,18.889999389648438,16.98666763305664,18.40999984741211,1356600
2020-05-26,19.733333587646484,20.956666946411133,18.930667877197266,18.99333381652832,2913900
2020-05-27,19.719999313354492,20.213333129882812,17.666667938232422,20.003332138061523,1854900
2020-05-28,19.549999237060547,20.666667938232422,19.213333129882812,19.633333206176758,917100
2020-05-29,19.93000030517578,20.0,18.75,19.766666412353516,1364400
2020-06-01,21.299999237060547,22.323333740234375,20.003332138061523,20.003332138061523,1787400
2020-06-02,20.303333282470703,21.456666946411133,19.833332061767578,21.31333351135254,1453200
2020-06-03,21.69333267211914,21.956666946411133,20.433332443237305,20.433332443237305,1286400
2020-06-04,21.700000762939453,21.773332595825195,20.90999984741211,21.696666717529297,731700
2020-06-05,20.81333351135254,22.466333389282227,20.523332595825195,21.626667022705078,1371600
2020-06-08,18.940000534057617,20.700000762939453,18.520000457763672,20.663333892822266,2596500
2020-06-09,19.15333366394043,19.90999984741211,18.553333282470703,18.753332138061523,1137600
2020-06-10,19.453332901000977,19.683332443237305,18.600000381469727,19.456666946411133,1288800
2020-06-11,18.450000762939453,19.39666748046875,18.206666946411133,18.666667938232422,1449900
2020-06-12,18.78333282470703,19.583332061767578,17.94333267211914,18.873332977294922,1093800
2020-06-15,19.5,19.729999542236328,17.73666763305664,17.946666717529297,1373400
2020-06-16,19.77666664123535,20.163333892822266,19.22333335876465,19.90999984741211,922500
2020-06-17,20.459999084472656,21.46666717529297,19.67333221435547,19.77666664123535,1352700
2020-06-18,20.386667251586914,21.459999084472656,19.93000030517578,20.39666748046875,898800
2020-06-19,20.143333435058594,21.43666648864746,19.976667404174805,20.760000228881836,920700
2020-06-22,19.200000762939453,19.843332290649414,19.06333351135254,19.700000762939453,1282200
2020-06-23,20.613332748413086,21.65999984741211,19.78333282470703,19.78333282470703,1656600
2020-06-24,21.18666648864746,21.299999237060547,20.00666618347168,20.53333282470703,1099800
2020-06-25,21.066667556762695,21.290000915527344,20.393333435058594,21.183332443237305,771000
2020-06-26,20.22333335876465,21.166667938232422,19.8700008392334,21.133333206176758,680700
2020-06-29,19.333332061767578,20.40999984741211,18.74333381652832,20.40999984741211,1129500
2020-06-30,20.786666870117188,20.959999084472656,19.073333740234375,19.503332138061523,1322100
2020-07-01,20.21666717529297,22.163333892822266,19.73699951171875,20.920000076293945,1238100
2020-07-02,21.963333129882812,22.73666763305664,21.156667709350586,21.323333740234375,2438400
2020-07-06,26.946666717529297,27.933000564575195,23.59000015258789,23.623332977294922,4420500
2020-07-07,24.520000457763672,26.562332153320312,24.248332977294922,26.463333129882812,2291100
2020-07-08,27.333332061767578,27.546667098999023,25.950332641601562,26.71666717529297,1578600
2020-07-09,28.700000762939453,29.110000610351562,27.43666648864746,27.696666717529297,1929900
2020-07-10,27.209999084472656,28.803333282470703,26.606666564941406,28.65333366394043,2532300
2020-07-13,27.84000015258789,29.889999389648438,27.3700008392334,27.709999084472656,2402700
2020-07-14,30.253332138061523,30.459999084472656,27.582666397094727,27.866666793823242,2370000
2020-07-15,27.963333129882812,29.74333381652832,26.793333053588867,29.72333335876465,3170100
2020-07-16,25.536666870117188,26.43666648864746,24.770000457763672,25.06999969482422,2427600
2020-07-17,26.336666107177734,26.64666748046875,25.753332138061523,26.350000381469727,1197600
2020-07-20,28.770000457763672,29.0,26.350000381469727,26.376667022705078,1315200
2020-07-21,29.246667861938477,29.816667556762695,28.036666870117188,29.06333351135254,1041600
2020-07-22,29.639999389648438,30.023332595825195,28.633333206176758,29.0,811200
2020-07-23,29.246667861938477,31.163333892822266,28.940000534057617,29.739999771118164,1262100
2020-07-24,28.34000015258789,28.73666763305664,26.203332901000977,28.376667022705078,1325400
2020-07-27,28.09666633605957,30.366666793823242,27.753332138061523,29.100000381469727,1624200
2020-07-28,28.42333221435547,29.296667098999023,27.913333892822266,28.06999969482422,520800
2020-07-29,29.760000228881836,29.889999389648438,27.899999618530273,28.273332595825195,678000
2020-07-30,30.760000228881836,30.933332443237305,28.85333251953125,29.643333435058594,577500
2020-07-31,31.979999542236328,32.1966667175293,30.586666107177734,31.0,1240200
2020-08-03,35.849998474121094,36.189998626708984,32.83333206176758,32.93000030517578,1654200
2020-08-04,35.883331298828125,36.66666793823242,35.19933319091797,35.75566864013672,1901400
2020-08-05,35.97999954223633,37.33333206176758,34.39666748046875,36.349998474121094,1389900
2020-08-06,37.43000030517578,37.956668853759766,34.54999923706055,34.93333435058594,1314000
2020-08-07,33.973331451416016,36.85333251953125,33.26333236694336,36.663333892822266,1847100
2020-08-10,33.39666748046875,35.25666809082031,32.02000045776367,34.383331298828125,1117500
2020-08-11,32.75666809082031,33.961666107177734,32.33333206176758,32.526668548583984,937800
2020-08-12,35.133331298828125,35.3033332824707,32.16666793823242,32.956668853759766,910800
2020-08-13,34.92333221435547,35.996665954589844,34.3466682434082,35.366668701171875,467700
2020-08-14,34.869998931884766,35.65666580200195,34.37333297729492,35.086666107177734,519300
2020-08-17,35.54666519165039,35.97999954223633,34.459999084472656,35.47666549682617,848100
2020-08-18,34.9466667175293,35.66666793823242,34.16666793823242,35.633331298828125,734400
2020-08-19,33.1966667175293,34.689998626708984,32.66666793823242,34.689998626708984,1246800
2020-08-20,32.456668853759766,33.133331298828125,31.808666229248047,33.133331298828125,917700
2020-08-21,32.05666732788086,32.3033332824707,31.663333892822266,32.143333435058594,719400
2020-08-24,31.78333282470703,32.9900016784668,31.28333282470703,32.66666793823242,676200
2020-08-25,32.63666534423828,32.6533317565918,31.553333282470703,31.666667938232422,623100
2020-08-26,32.016666412353516,32.95333480834961,31.610000610351562,32.63666534423828,536700
2020-08-27,30.280000686645508,32.02333450317383,30.0,32.02000045776367,1090800
2020-08-28,30.663333892822266,30.799999237060547,30.003332138061523,30.229999542236328,753900
2020-08-31,29.60333251953125,31.093332290649414,29.166667938232422,30.706666946411133,805800
2020-09-01,30.163333892822266,30.219999313354492,29.233333587646484,29.770000457763672,663900
2020-09-02,31.74333381652832,31.959999084472656,29.78333282470703,30.666667938232422,881400
2020-09-03,28.003332138061523,31.25,27.266666412353516,31.0,1442700
2020-09-04,27.356666564941406,27.89666748046875,25.333332061767578,27.336666107177734,1313700
2020-09-08,19.656667709350586,23.332332611083984,19.476667404174805,23.332332611083984,4992900
2020-09-09,20.02666664123535,21.44499969482422,19.343332290649414,20.003332138061523,2723100
2020-09-10,20.219999313354492,20.976667404174805,19.766666412353516,20.350000381469727,1669200
2020-09-11,22.1200008392334,23.366666793823242,21.360000610351562,21.440000534057617,2983200
2020-09-14,23.586666107177734,24.246667861938477,21.851667404174805,22.53333282470703,1534800
2020-09-15,23.790000915527344,24.6299991607666,23.586666107177734,24.010000228881836,820500
2020-09-16,23.706666946411133,24.59000015258789,23.60333251953125,23.976667404174805,707700
2020-09-17,23.450000762939453,23.796667098999023,22.22333335876465,22.696666717529297,1363800
2020-09-18,24.280000686645508,24.496667861938477,23.520000457763672,24.15333366394043,1126500
2020-09-21,24.059999465942383,24.25,23.123332977294922,23.496667861938477,861000
2020-09-22,23.293333053588867,24.226667404174805,22.606666564941406,24.226667404174805,627300
2020-09-23,22.616666793823242,23.583332061767578,22.52666664123535,23.260000228881836,874500
2020-09-24,22.996667861938477,23.36833381652832,21.906667709350586,22.28333282470703,786900
2020-09-25,23.286666870117188,23.356666564941406,22.5,22.996667861938477,505500
2020-09-28,22.773332595825195,23.323333740234375,22.27666664123535,22.93666648864746,797700
2020-09-29,23.31333351135254,23.35333251953125,22.360000610351562,22.360000610351562,549600
2020-09-30,23.03333282470703,24.316667556762695,22.933332443237305,23.940000534057617,702300
2020-10-01,25.126667022705078,25.56333351135254,23.333332061767578,23.510000228881836,1118400
2020-10-02,24.333332061767578,24.770000457763672,23.56333351135254,23.836666107177734,888600
2020-10-05,25.30666732788086,25.71666717529297,24.59000015258789,24.643333435058594,976200
2020-10-06,23.406667709350586,25.5,23.386667251586914,25.333332061767578,1397100
2020-10-07,23.959999084472656,25.059999465942383,23.696666717529297,23.90333366394043,1061700
2020-10-08,23.59666633605957,23.67333221435547,22.07666778564453,22.504667282104492,1645800
2020-10-09,25.149999618530273,25.309999465942383,23.670000076293945,23.829999923706055,1037700
2020-10-12,25.93000030517578,27.55666732788086,25.488332748413086,25.5,1892100
2020-10-13,25.99333381652832,26.523332595825195,24.93666648864746,25.89666748046875,716400
2020-10-14,24.709999084472656,25.666667938232422,24.100000381469727,25.149999618530273,1115100
2020-10-15,25.14666748046875,25.413333892822266,23.8799991607666,24.293333053588867,774900
2020-10-16,25.200000762939453,25.496667861938477,24.333332061767578,25.496667861938477,530100
2020-10-19,24.043333053588867,25.60333251953125,23.959999084472656,25.10333251953125,624600
2020-10-20,24.440000534057617,24.969999313354492,24.09000015258789,24.09000015258789,449700
2020-10-21,23.26333236694336,24.656667709350586,23.113332748413086,24.50666618347168,416400
2020-10-22,22.31333351135254,23.29833221435547,21.836666107177734,23.23666763305664,1017600
2020-10-23,22.656667709350586,22.833332061767578,22.18000030517578,22.47333335876465,378900
2020-10-26,22.8700008392334,23.299999237060547,22.266666412353516,22.336666107177734,419100
2020-10-27,23.09666633605957,23.510000228881836,22.350000381469727,23.510000228881836,601500
2020-10-28,24.273332595825195,24.65999984741211,22.420000076293945,22.633333206176758,963600
2020-10-29,25.163333892822266,25.296667098999023,23.73033332824707,24.34666633605957,654000
2020-10-30,23.456666946411133,25.100000381469727,23.136667251586914,24.80666732788086,1047000
2020-11-02,25.040000915527344,25.093332290649414,23.666667938232422,23.766666412353516,611400
2020-11-03,26.65333366394043,26.81333351135254,24.799999237060547,25.586666107177734,985500
2020-11-04,30.333332061767578,30.666667938232422,26.816333770751953,26.860000610351562,1679700
2020-11-05,31.333332061767578,32.163333892822266,30.18000030517578,31.036666870117188,1637100
2020-11-06,30.453332901000977,30.77666664123535,28.366666793823242,29.729999542236328,1152000
2020-11-09,30.566667556762695,32.65666580200195,30.44333267211914,31.790000915527344,1071600
2020-11-10,27.836666107177734,30.594999313354492,27.7450008392334,30.26333236694336,855600
2020-11-11,30.15999984741211,30.360000610351562,28.3799991607666,28.406667709350586,584700
2020-11-12,28.899999618530273,30.329999923706055,28.5,30.0,556800
2020-11-13,28.133333206176758,29.573333740234375,28.00666618347168,29.52666664123535,652500
2020-11-16,27.273332595825195,28.448333740234375,27.030000686645508,28.139999389648438,605700
2020-11-17,25.93000030517578,27.456666946411133,24.516666412353516,27.299999237060547,1043400
2020-11-18,24.920000076293945,26.03733253479004,24.290000915527344,25.873332977294922,906900
2020-11-19,25.316667556762695,25.969999313354492,24.17333221435547,24.953332901000977,696000
2020-11-20,25.07666778564453,26.549999237060547,24.968332290649414,25.453332901000977,562800
2020-11-23,24.8700008392334,25.413333892822266,24.363332748413086,25.200000762939453,340200
2020-11-24,24.586666107177734,25.17333221435547,24.426666259765625,25.10333251953125,369300
2020-11-25,25.683332443237305,25.863332748413086,23.77666664123535,24.666667938232422,754800
2020-11-27,27.906667709350586,28.203332901000977,25.808000564575195,26.166667938232422,837300
2020-11-30,27.540000915527344,28.48666763305664,26.299999237060547,27.628332138061523,698700
2020-12-01,27.956666946411133,28.28333282470703,26.687999725341797,27.53333282470703,584700
2020-12-02,27.18000030517578,27.72333335876465,26.739999771118164,27.72333335876465,472200
2020-12-03,27.03333282470703,27.78333282470703,26.920000076293945,27.549999237060547,583200
2020-12-04,25.90999984741211,27.386667251586914,25.010000228881836,27.116666793823242,966900
2020-12-07,28.043333053588867,28.139999389648438,26.094999313354492,26.333332061767578,805800
2020-12-08,27.123332977294922,28.0,26.916667938232422,27.803333282470703,631200
2020-12-09,24.57666778564453,27.02666664123535,24.5,27.0,687600
2020-12-10,24.399999618530273,25.18000030517578,24.086666107177734,24.51333236694336,657000
2020-12-11,23.99333381652832,24.836666107177734,23.606000900268555,24.440000534057617,445500
2020-12-14,24.586666107177734,25.030000686645508,23.96666717529297,23.96666717529297,526500
2020-12-15,25.043333053588867,25.49333381652832,24.573333740234375,25.149999618530273,633900
2020-12-16,24.833332061767578,25.285999298095703,23.899999618530273,25.156667709350586,384000
2020-12-17,24.790000915527344,25.059999465942383,24.170000076293945,24.366666793823242,386400
2020-12-18,24.823333740234375,25.376667022705078,24.64666748046875,24.706666946411133,1239300
2020-12-21,24.996667861938477,25.166667938232422,24.166667938232422,24.81333351135254,843000
2020-12-22,24.360000610351562,25.73466682434082,24.270000457763672,25.0,389400
2020-12-23,23.309999465942383,24.72333335876465,22.42733383178711,24.633333206176758,1366500
2020-12-24,23.22333335876465,23.463333129882812,22.5,23.433332443237305,363000
2020-12-28,22.843332290649414,23.663333892822266,22.15333366394043,23.663333892822266,760500
2020-12-29,22.389999389648438,23.329999923706055,22.24333381652832,22.883333206176758,533400
2020-12-30,26.933332443237305,27.926666259765625,22.969999313354492,23.149999618530273,2874300
2020-12-31,27.083332061767578,27.916667938232422,25.94333267211914,27.5,860700
2021-01-04,29.843332290649414,31.149999618530273,27.196666717529297,27.21666717529297,1781100
2021-01-05,29.99333381652832,31.375,28.975332260131836,29.913333892822266,951000
2021-01-06,33.40666580200195,33.563331604003906,29.48666763305664,30.78333282470703,2561700
2021-01-07,33.41666793823242,33.66666793823242,31.934999465942383,33.50666809082031,2130300
2021-01-08,34.586666107177734,34.70000076293945,33.336666107177734,34.02333450317383,1468500
2021-01-11,34.276668548583984,34.753334045410156,33.65433120727539,34.016666412353516,600000
2021-01-12,33.33000183105469,34.143333435058594,32.823333740234375,34.0,579600
2021-01-13,32.290000915527344,33.70833206176758,31.426666259765625,33.41999816894531,488100
2021-01-14,33.90666580200195,34.27333450317383,32.33000183105469,32.33333206176758,771000
2021-01-15,31.53333282470703,33.74333190917969,31.363332748413086,33.74333190917969,1062000
2021-01-19,34.90666580200195,35.0,32.28666687011719,32.310001373291016,2322600
2021-01-20,34.836666107177734,35.76333236694336,33.84000015258789,35.08333206176758,832800
2021-01-21,33.086666107177734,35.168331146240234,31.213333129882812,35.0,1068000
2021-01-22,32.53333282470703,34.29666519165039,32.4466667175293,33.03666687011719,434400
2021-01-25,33.48666763305664,35.3033332824707,33.17333221435547,34.25,717600
2021-01-26,31.350000381469727,33.58000183105469,30.886667251586914,33.58000183105469,636600
2021-01-27,30.40333366394043,32.07666778564453,28.99333381652832,30.206666946411133,958200
2021-01-28,30.57666778564453,31.003332138061523,29.196666717529297,30.333332061767578,495900
2021-01-29,30.0,30.549999237060547,28.856666564941406,30.549999237060547,635700
2021-02-01,31.933332443237305,32.2400016784668,30.583332061767578,30.583332061767578,789900
2021-02-02,32.939998626708984,33.253334045410156,31.990333557128906,32.473331451416016,797100
2021-02-03,32.900001525878906,33.563331604003906,31.946666717529297,33.20000076293945,351600
2021-02-04,33.00666809082031,33.939998626708984,32.366668701171875,33.0966682434082,608700
2021-02-05,32.74333190917969,33.599998474121094,32.12333297729492,32.96666717529297,660000
2021-02-08,35.41666793823242,35.793331146240234,32.90999984741211,32.90999984741211,1363500
2021-02-09,36.06666564941406,36.66666793823242,34.336666107177734,35.11333465576172,1192500
2021-02-10,36.4033317565918,37.313331604003906,34.84333419799805,36.15666580200195,987300
2021-02-11,39.813331604003906,39.94333267211914,37.1966667175293,37.266666412353516,1272600
2021-02-12,45.07666778564453,46.766666412353516,39.43333435058594,39.74333190917969,2804400
2021-02-16,46.65999984741211,48.26900100708008,45.66666793823242,46.66666793823242,1149900
2021-02-17,45.4900016784668,46.293331146240234,42.97666549682617,45.313331604003906,966000
2021-02-18,39.676666259765625,43.93000030517578,39.393333435058594,43.883331298828125,1503300
2021-02-19,41.186668395996094,43.09333419799805,40.436668395996094,41.65666580200195,733800
2021-02-22,37.32666778564453,40.7599983215332,37.063331604003906,40.07666778564453,849000
2021-02-23,35.84000015258789,37.58333206176758,33.37666702270508,36.02000045776367,1112400
2021-02-24,42.73666763305664,43.116668701171875,35.80666732788086,37.496665954589844,1352700
2021-02-25,36.41666793823242,41.755001068115234,35.706668853759766,41.733333587646484,1205700
2021-02-26,32.38666534423828,38.23666763305664,32.310001373291016,37.56999969482422,1260600
2021-03-01,35.89666748046875,36.19333267211914,33.599998474121094,34.9033317565918,1220400
2021-03-02,31.606666564941406,34.5,31.373332977294922,34.246665954589844,2244900
2021-03-03,30.876667022705078,32.106666564941406,30.39666748046875,31.59666633605957,939600
2021-03-04,28.899999618530273,30.889999389648438,27.5,30.553333282470703,1593600
2021-03-05,29.366666793823242,30.5,26.700000762939453,29.72333335876465,1073100
2021-03-08,27.073333740234375,29.958332061767578,26.74333381652832,28.536666870117188,1342800
2021-03-09,30.113332748413086,31.083332061767578,28.933332443237305,28.953332901000977,1009200
2021-03-10,29.09666633605957,31.696666717529297,28.71666717529297,30.90999984741211,928500
2021-03-11,32.349998474121094,33.25666809082031,31.35333251953125,31.43666648864746,1329900
2021-03-12,30.540000915527344,30.893333435058594,28.666667938232422,30.766666412353516,976200
2021-03-15,31.40333366394043,31.850000381469727,30.073333740234375,30.6200008392334,459000
2021-03-16,31.053333282470703,32.62333297729492,30.770000457763672,31.696666717529297,455400
2021-03-17,31.84000015258789,32.30666732788086,29.34666633605957,30.40333366394043,607500
2021-03-18,29.84666633605957,31.666667938232422,29.770000457763672,31.366666793823242,1050900
2021-03-19,30.24333381652832,31.579999923706055,28.81999969482422,31.579999923706055,1174800
2021-03-22,31.163333892822266,31.99333381652832,30.420000076293945,30.98666763305664,597300
2021-03-23,30.166667938232422,31.82666778564453,29.833332061767578,30.92333221435547,852000
2021-03-24,27.899999618530273,31.299999237060547,27.666667938232422,30.523332595825195,976500
2021-03-25,28.0,28.113332748413086,26.046667098999023,27.336666107177734,1045500
2021-03-26,27.786666870117188,28.670000076293945,26.399999618530273,28.046667098999023,691800
2021-03-29,26.10333251953125,27.333332061767578,25.0,26.21666717529297,1473600
2021-03-30,26.3700008392334,26.59666633605957,25.450000762939453,26.22333335876465,568800
2021-03-31,26.93000030517578,27.856666564941406,26.799999237060547,27.1200008392334,862200
2021-04-01,30.02666664123535,31.200000762939453,28.296667098999023,28.333332061767578,1440900
2021-04-05,29.876667022705078,30.906667709350586,29.5,30.906667709350586,565200
2021-04-06,29.666667938232422,30.666667938232422,29.200000762939453,29.75,572400
2021-04-07,29.3799991607666,29.916667938232422,29.170000076293945,29.336666107177734,467700
2021-04-08,29.649999618530273,30.040000915527344,29.246667861938477,30.040000915527344,424200
2021-04-09,29.286666870117188,29.350000381469727,28.469999313354492,29.02666664123535,449100
2021-04-12,27.139999389648438,29.333332061767578,26.670000076293945,29.333332061767578,938700
2021-04-13,26.860000610351562,27.90333366394043,26.203332901000977,27.456666946411133,635700
2021-04-14,27.239999771118164,27.963333129882812,26.761667251586914,27.3799991607666,533400
2021-04-15,27.183332443237305,27.954666137695312,26.766666412353516,27.59000015258789,434400
2021-04-16,26.059999465942383,27.510000228881836,26.0,27.270000457763672,694200
2021-04-19,25.03333282470703,26.30233383178711,24.649999618530273,26.0,773700
2021-04-20,24.503332138061523,25.166667938232422,24.0,25.0,881700
2021-04-21,26.399999618530273,26.57666778564453,24.250667572021484,24.35333251953125,831900
2021-04-22,27.52666664123535,27.815000534057617,25.833332061767578,26.51333236694336,1503900
2021-04-23,27.463333129882812,28.183332443237305,27.166667938232422,27.796667098999023,456000
2021-04-26,28.30666732788086,28.663333892822266,27.1299991607666,27.226667404174805,608400
2021-04-27,28.356666564941406,28.886667251586914,27.926666259765625,28.663333892822266,775200
2021-04-28,28.046667098999023,28.433332443237305,27.540000915527344,28.086666107177734,419700
2021-04-29,26.666667938232422,28.530000686645508,26.40999984741211,28.530000686645508,552600
2021-04-30,26.316667556762695,27.239999771118164,26.03333282470703,26.100000381469727,615000
2021-05-03,25.989999771118164,26.666667938232422,25.52666664123535,26.549999237060547,393000
2021-05-04,24.860000610351562,25.540000915527344,24.183332443237305,25.34666633605957,863700
2021-05-05,24.90333366394043,25.946666717529297,24.833332061767578,25.413333892822266,1116900
2021-05-06,25.10333251953125,25.253332138061523,24.03333282470703,24.700000762939453,950700
2021-05-07,25.356666564941406,26.573333740234375,24.975000381469727,25.46666717529297,755100
2021-05-10,22.393333435058594,25.03066635131836,22.31833267211914,25.023332595825195,1869900
2021-05-11,22.233333587646484,22.469999313354492,20.843332290649414,21.066667556762695,1947300
2021-05-12,21.42333221435547,22.406667709350586,20.96666717529297,21.746667861938477,1533600
2021-05-13,21.516666412353516,22.625,21.0,22.0,768900
2021-05-14,21.613332748413086,21.996667861938477,21.21666717529297,21.836666107177734,753000
2021-05-17,21.450000762939453,21.583332061767578,20.670000076293945,21.363332748413086,598800
2021-05-18,21.520000457763672,22.363332748413086,21.18666648864746,21.5,691200
2021-05-19,21.40999984741211,21.43000030517578,20.280000686645508,21.053333282470703,1557600
2021-05-20,22.65333366394043,23.133333206176758,21.626667022705078,21.796667098999023,737700
2021-05-21,22.06333351135254,22.963333129882812,21.80666732788086,22.963333129882812,491100
2021-05-24,22.8700008392334,23.266666412353516,21.946666717529297,22.28333282470703,592200
2021-05-25,22.656667709350586,23.459999084472656,22.626667022705078,23.416667938232422,372900
2021-05-26,23.14666748046875,23.516666412353516,22.786666870117188,22.979999542236328,825600
2021-05-27,25.71666717529297,26.09000015258789,23.406667709350586,23.600000381469727,1343100
2021-05-28,25.32666778564453,26.200000762939453,24.950000762939453,25.46666717529297,639600
2021-06-01,26.19333267211914,27.040000915527344,25.566667556762695,25.709999084472656,962400
2021-06-02,26.5,26.59000015258789,25.626667022705078,26.166667938232422,681000
2021-06-03,25.926666259765625,26.373332977294922,24.886667251586914,25.926666259765625,778200
2021-06-04,27.983333587646484,28.65999984741211,26.280000686645508,26.280000686645508,1020900
2021-06-07,26.98666763305664,28.251667022705078,26.5,27.60333251953125,729600
2021-06-08,26.93000030517578,27.593332290649414,26.43666648864746,27.376667022705078,483600
2021-06-09,26.979999542236328,27.356666564941406,26.35333251953125,27.190000534057617,553500
2021-06-10,28.079999923706055,28.41900062561035,26.76333236694336,27.26333236694336,705300
2021-06-11,29.59000015258789,29.6299991607666,27.663333892822266,28.116666793823242,1273200
2021-06-14,32.133331298828125,32.33333206176758,29.363332748413086,29.666667938232422,1485900
2021-06-15,32.143333435058594,33.33333206176758,31.336666107177734,31.666667938232422,1400100
2021-06-16,31.386667251586914,32.56666564941406,31.040000915527344,32.01333236694336,679800
2021-06-17,35.58000183105469,35.62333297729492,32.4033317565918,32.58333206176758,2141700
2021-06-18,33.91666793823242,36.20000076293945,33.36333465576172,35.0,1154400
2021-06-21,32.34000015258789,33.93000030517578,31.593332290649414,33.93000030517578,1081200
2021-06-22,34.186668395996094,34.630001068115234,32.64666748046875,32.90999984741211,870300
2021-06-23,34.87333297729492,35.4900016784668,34.0533332824707,34.33333206176758,1375200
2021-06-24,34.05666732788086,35.439998626708984,33.49366760253906,35.12333297729492,539100
2021-06-25,34.56666564941406,34.59333419799805,33.470001220703125,34.16666793823242,573600
2021-06-28,35.540000915527344,36.23966598510742,34.900001525878906,34.983333587646484,375600
2021-06-29,35.253334045410156,35.776668548583984,35.02333450317383,35.503334045410156,365700
2021-06-30,34.073333740234375,35.663333892822266,33.98833465576172,35.33333206176758,560100
2021-07-01,33.96333312988281,34.33333206176758,33.52000045776367,34.176666259765625,371700
2021-07-02,33.53666687011719,34.563331604003906,33.17333221435547,34.22999954223633,886500
2021-07-06,32.606666564941406,34.106666564941406,31.713666915893555,33.45333480834961,733800
2021-07-07,28.07666778564453,33.04666519165039,27.964000701904297,32.456668853759766,2213400
2021-07-08,26.433332443237305,28.74333381652832,25.290000915527344,26.666667938232422,2490000
2021-07-09,27.583332061767578,27.733333587646484,26.239999771118164,26.893333435058594,608100
2021-07-12,30.700000762939453,31.28333282470703,27.851667404174805,27.90999984741211,3017100
2021-07-13,27.05666732788086,30.280000686645508,26.629667282104492,30.26333236694336,2338500
2021-07-14,26.116666793823242,28.196666717529297,25.976667404174805,27.350000381469727,838800
2021-07-15,25.913333892822266,26.60066795349121,25.469999313354492,26.24333381652832,844500
2021-07-16,25.073333740234375,26.333332061767578,25.0,26.170000076293945,701700
2021-07-19,25.766666412353516,25.906667709350586,24.266666412353516,24.666667938232422,640800
2021-07-20,25.496667861938477,26.25666618347168,25.083332061767578,25.866666793823242,606900
2021-07-21,28.510000228881836,28.666667938232422,25.889999389648438,25.889999389648438,1428300
2021-07-22,29.566667556762695,31.67333221435547,28.719999313354492,29.273332595825195,1792500
2021-07-23,29.163333892822266,29.89666748046875,28.020000457763672,29.1299991607666,910800
2021-07-26,29.09000015258789,29.98666763305664,27.94333267211914,29.003332138061523,918300
2021-07-27,27.066667556762695,28.875,26.333332061767578,28.75,2094000
2021-07-28,28.75,29.60333251953125,28.084999084472656,28.200000762939453,906600
2021-07-29,29.53333282470703,30.040000915527344,28.428333282470703,28.876667022705078,567000
2021-07-30,30.953332901000977,30.96666717529297,28.983333587646484,28.983333587646484,735300
2021-08-02,30.969999313354492,32.12666702270508,30.516666412353516,31.100000381469727,1487100
2021-08-03,30.34000015258789,31.406667709350586,29.536666870117188,30.753332138061523,766800
2021-08-04,30.106666564941406,32.09000015258789,29.946666717529297,30.543333053588867,2733600
2021-08-05,30.703332901000977,30.948333740234375,29.920000076293945,30.136667251586914,2347500
2021-08-06,29.386667251586914,30.231666564941406,28.8700008392334,28.969999313354492,1045200
2021-08-09,30.559999465942383,31.844999313354492,29.366666793823242,29.413333892822266,1830900
2021-08-10,30.016666412353516,30.766666412353516,29.25666618347168,30.666667938232422,634800
2021-08-11,28.65999984741211,30.196666717529297,28.049999237060547,30.010000228881836,1206300
2021-08-12,28.24333381652832,28.906667709350586,27.893333435058594,28.303333282470703,978000
2021-08-13,27.793333053588867,28.483333587646484,27.3700008392334,28.03333282470703,747600
2021-08-16,27.786666870117188,27.940000534057617,26.733333587646484,27.413333892822266,1347300
2021-08-17,26.989999771118164,27.77666664123535,26.15333366394043,27.566667556762695,1967400
2021-08-18,27.72333335876465,28.969999313354492,27.333332061767578,27.333332061767578,1209000
2021-08-19,27.969999313354492,28.328332901000977,27.011667251586914,27.233333587646484,728700
2021-08-20,27.623332977294922,28.332666397094727,27.34000015258789,28.0,477900
2021-08-23,28.273332595825195,28.46666717529297,27.540000915527344,28.0,903000
2021-08-24,29.65333366394043,29.76333236694336,28.299999237060547,28.543333053588867,3117600
2021-08-25,30.03333282470703,31.39666748046875,29.713333129882812,29.713333129882812,2042400
2021-08-26,30.266666412353516,30.996667861938477,29.47333335876465,29.996667861938477,1354200
2021-08-27,29.246667861938477,30.498332977294922,29.200000762939453,30.219999313354492,633900
2021-08-30,29.393333435058594,29.700000762939453,28.416667938232422,29.456666946411133,474600
2021-08-31,29.71666717529297,30.24333381652832,29.176666259765625,29.266666412353516,1170600
2021-09-01,29.676666259765625,30.76333236694336,29.53333282470703,29.796667098999023,600300
2021-09-02,30.996667861938477,31.38833236694336,29.461666107177734,29.780000686645508,828000
2021-09-03,31.52666664123535,31.81333351135254,30.726667404174805,30.843332290649414,690900
2021-09-07,35.43333435058594,37.07666778564453,31.829999923706055,31.829999923706055,2791800
2021-09-08,35.24333190917969,36.0,34.20333480834961,35.33333206176758,2013600
2021-09-09,35.393333435058594,36.20000076293945,34.474998474121094,34.746665954589844,1193700
2021-09-10,35.709999084472656,36.663333892822266,35.189998626708984,36.086666107177734,1149300
2021-09-13,34.663333892822266,35.89666748046875,33.633331298828125,35.88999938964844,1479600
2021-09-14,34.33000183105469,35.1966667175293,33.959999084472656,34.793331146240234,578400
2021-09-15,33.62666702270508,34.46666717529297,31.996667861938477,34.2599983215332,1289700
2021-09-16,33.9033317565918,34.06666564941406,32.4900016784668,33.62333297729492,559800
2021-09-17,34.133331298828125,34.40666580200195,33.33333206176758,33.85333251953125,442500
2021-09-20,32.75666809082031,33.54999923706055,32.28333282470703,32.66999816894531,1089900
2021-09-21,33.29666519165039,33.45000076293945,32.143333435058594,32.813331604003906,661200
2021-09-22,34.086666107177734,34.40999984741211,33.01533126831055,33.55666732788086,426900
2021-09-23,35.0,35.01333236694336,34.08000183105469,34.32666778564453,609300
2021-09-24,33.099998474121094,34.85333251953125,32.915000915527344,34.66666793823242,934800
2021-09-27,36.223331451416016,36.71666717529297,32.563331604003906,32.90999984741211,1055400
2021-09-28,34.790000915527344,35.56999969482422,34.11000061035156,35.56999969482422,771000
2021-09-29,34.5966682434082,35.5099983215332,34.0,35.25,1708500
2021-09-30,36.66666793823242,37.65666580200195,34.81999969482422,34.81999969482422,2026500
2021-10-01,35.83000183105469,36.8216667175293,34.46333312988281,36.77000045776367,639900
2021-10-04,34.83333206176758,35.543331146240234,34.66666793823242,35.39666748046875,810900
2021-10-05,39.233333587646484,39.689998626708984,35.06666564941406,35.06666564941406,1677300
2021-10-06,38.32666778564453,39.34000015258789,37.529998779296875,38.31999969482422,633300
2021-10-07,38.223331451416016,39.706668853759766,38.08000183105469,38.96666717529297,1039800
2021-10-08,37.72666549682617,38.79999923706055,37.08333206176758,38.336666107177734,582000
2021-10-11,34.709999084472656,37.70000076293945,33.956668853759766,37.616668701171875,1544700
2021-10-12,34.66666793823242,35.063331604003906,33.776668548583984,34.81666564941406,724800
2021-10-13,34.856666564941406,35.356666564941406,34.560001373291016,35.2400016784668,434400
2021-10-14,34.6966667175293,35.61000061035156,34.29999923706055,35.61000061035156,657000
2021-10-15,35.106666564941406,35.959999084472656,34.8033332824707,35.03333282470703,499200
2021-10-18,35.130001068115234,35.23233413696289,34.33333206176758,34.970001220703125,522300
2021-10-19,37.42333221435547,37.70000076293945,36.03333282470703,36.2599983215332,768300
2021-10-20,35.50666809082031,37.50666809082031,35.25,37.5,1215300
2021-10-21,35.2400016784668,36.436668395996094,35.016666412353516,35.336666107177734,866100
2021-10-22,35.42333221435547,36.89666748046875,35.0,35.0,759300
2021-10-25,35.663333892822266,36.23666763305664,35.23500061035156,35.279998779296875,762000
2021-10-26,35.4900016784668,36.40999984741211,34.72666549682617,35.94333267211914,1222500
2021-10-27,33.4466667175293,35.66666793823242,33.063331604003906,35.060001373291016,1195500
2021-10-28,35.28333282470703,35.75433349609375,33.720001220703125,33.956668853759766,668700
2021-10-29,35.38999938964844,35.7599983215332,34.77333450317383,35.07666778564453,292200
2021-11-01,37.0966682434082,37.11333465576172,34.93333435058594,35.38999938964844,707400
2021-11-02,36.290000915527344,37.290000915527344,35.880001068115234,37.290000915527344,355500
2021-11-03,35.939998626708984,36.233333587646484,35.40666580200195,36.0,486900
2021-11-04,36.21333312988281,36.95933151245117,35.6533317565918,36.369998931884766,438900
2021-11-05,34.22999954223633,36.560001373291016,33.0966682434082,36.41999816894531,2465100
2021-11-08,35.46666717529297,37.04499816894531,35.366668701171875,35.746665954589844,822000
2021-11-09,35.51333236694336,36.33333206176758,34.733333587646484,35.54666519165039,775800
2021-11-10,33.89666748046875,35.209999084472656,33.33333206176758,34.676666259765625,780300
2021-11-11,35.040000915527344,35.70000076293945,34.50666809082031,34.70000076293945,570600
2021-11-12,35.21333312988281,35.586666107177734,34.356666564941406,35.003334045410156,484500
2021-11-15,36.76333236694336,37.116668701171875,35.66666793823242,35.66666793823242,705900
2021-11-16,35.483333587646484,36.965999603271484,35.336666107177734,36.57033157348633,694200
2021-11-17,33.586666107177734,36.369998931884766,33.586666107177734,35.63666534423828,1109100
2021-11-18,31.926666259765625,33.53333282470703,30.3700008392334,33.53333282470703,1883700
2021-11-19,32.06666564941406,32.7599983215332,31.649999618530273,31.850000381469727,663000
2021-11-22,31.286666870117188,32.35333251953125,31.083332061767578,31.666667938232422,1614300
2021-11-23,29.649999618530273,31.600000381469727,28.296667098999023,31.0,1596900
2021-11-24,29.610000610351562,29.860000610351562,28.34000015258789,29.110000610351562,693900
2021-11-26,29.233333587646484,29.36166763305664,28.00666618347168,28.64666748046875,674100
2021-11-29,28.856666564941406,30.003332138061523,28.469999313354492,29.68000030517578,663600
2021-11-30,29.139999389648438,29.38833236694336,27.636667251586914,28.93000030517578,981300
2021-12-01,28.123332977294922,30.00666618347168,27.969999313354492,29.670000076293945,719700
2021-12-02,27.190000534057617,28.753332138061523,26.356666564941406,28.479999542236328,1854900
2021-12-03,26.229999542236328,27.676666259765625,25.383333206176758,27.333332061767578,3283500
2021-12-06,25.5,25.706666946411133,23.913333892822266,25.623332977294922,1289400
2021-12-07,26.040000915527344,27.14900016784668,25.906667709350586,26.356666564941406,807300
2021-12-08,26.586666107177734,26.996667861938477,25.00666618347168,26.0,655500
2021-12-09,25.739999771118164,27.183332443237305,25.39666748046875,26.65999984741211,566700
2021-12-10,25.64666748046875,26.32666778564453,25.209999084472656,26.066667556762695,494400
2021-12-13,24.703332901000977,25.913333892822266,24.209999084472656,25.703332901000977,456000
2021-12-14,24.260000228881836,24.5,23.44333267211914,24.25666618347168,622200
2021-12-15,24.413333892822266,24.93000030517578,22.99333381652832,24.633333206176758,801900
2021-12-16,23.67333221435547,25.036666870117188,23.366666793823242,24.883333206176758,562200
2021-12-17,24.80666732788086,24.939666748046875,23.53333282470703,24.106666564941406,1547700
2021-12-20,23.450000762939453,24.766666412353516,23.24333381652832,24.666667938232422,967200
2021-12-21,24.940000534057617,25.058332443237305,23.684999465942383,23.843332290649414,458400
2021-12-22,25.23666763305664,25.48933219909668,24.43666648864746,24.73666763305664,355200
2021-12-23,25.873332977294922,26.27666664123535,25.17099952697754,25.17333221435547,360000
2021-12-27,26.433332443237305,26.546667098999023,25.719999313354492,26.0,434100
2021-12-28,26.17333221435547,26.530000686645508,25.786666870117188,26.530000686645508,755100
2021-12-29,26.8700008392334,26.915000915527344,25.766666412353516,26.166667938232422,724200
2021-12-30,28.386667251586914,28.803333282470703,26.793333053588867,26.793333053588867,878400
2021-12-31,28.42333221435547,29.0,28.233333587646484,28.233333587646484,511800
2022-01-03,29.82666778564453,30.06999969482422,28.536666870117188,28.833332061767578,478200
2022-01-04,28.15999984741211,30.030000686645508,27.1299991607666,29.663333892822266,705900
2022-01-05,26.649999618530273,30.530000686645508,26.426666259765625,29.156667709350586,1324800
2022-01-06,27.899999618530273,28.666667938232422,26.639999389648438,27.170000076293945,803400
2022-01-07,27.333332061767578,28.84666633605957,26.586666107177734,27.860000610351562,726600
2022-01-10,27.57666778564453,27.666667938232422,25.706666946411133,26.760000228881836,520800
2022-01-11,27.866666793823242,28.26333236694336,26.8799991607666,27.636667251586914,429600
2022-01-12,28.253332138061523,28.600000381469727,27.420000076293945,28.333332061767578,387900
2022-01-13,27.856666564941406,29.156667709350586,27.656667709350586,28.816667556762695,486600
2022-01-14,29.55666732788086,29.860000610351562,27.010000228881836,27.336666107177734,581100
2022-01-18,27.163333892822266,28.700000762939453,27.010332107543945,28.696666717529297,779700
2022-01-19,27.24333381652832,27.96666717529297,26.73666763305664,27.266666412353516,488100
2022-01-20,26.31999969482422,28.083332061767578,26.136667251586914,27.666667938232422,1203900
2022-01-21,24.540000915527344,26.579999923706055,24.450000762939453,25.90999984741211,885600
2022-01-24,24.823333740234375,24.950000762939453,23.143333435058594,23.670000076293945,785400
2022-01-25,24.1299991607666,24.796667098999023,23.389999389648438,24.020000457763672,783600
2022-01-26,24.860000610351562,26.323333740234375,24.366666793823242,24.81999969482422,531600
2022-01-27,23.676666259765625,25.89666748046875,23.523332595825195,25.19333267211914,486900
2022-01-28,24.703332901000977,24.739999771118164,22.833332061767578,23.803333282470703,687900
2022-01-31,26.549999237060547,26.75,24.843332290649414,24.933332443237305,454200
2022-02-01,27.350000381469727,27.450000762939453,26.139999389648438,26.829999923706055,406200
2022-02-02,26.8799991607666,27.793333053588867,26.433332443237305,27.793333053588867,426000
2022-02-03,25.80666732788086,26.708332061767578,25.73666763305664,26.03333282470703,1591800
2022-02-04,26.649999618530273,26.959999084472656,25.43166732788086,25.80666732788086,374400
2022-02-07,26.73666763305664,27.64666748046875,26.549999237060547,26.963333129882812,1939500
2022-02-08,27.239999771118164,27.579999923706055,26.579999923706055,26.579999923706055,253500
2022-02-09,28.65999984741211,28.918333053588867,27.46666717529297,27.77666664123535,519300
2022-02-10,28.093332290649414,29.496667861938477,27.836666107177734,28.079999923706055,873300
2022-02-11,26.866666793823242,28.34666633605957,26.290000915527344,28.083332061767578,635400
2022-02-14,26.760000228881836,27.616666793823242,26.378332138061523,26.959999084472656,457800
2022-02-15,28.280000686645508,28.657333374023438,27.233333587646484,27.57666778564453,1081500
2022-02-16,28.623332977294922,28.90333366394043,27.666667938232422,28.093332290649414,420300
2022-02-17,27.503332138061523,28.416667938232422,27.196666717529297,28.05666732788086,239700
2022-02-18,26.293333053588867,27.459999084472656,26.093332290649414,27.333332061767578,486300
2022-02-22,25.889999389648438,26.73666763305664,25.03333282470703,25.453332901000977,1198500
2022-02-23,24.85333251953125,27.03333282470703,24.85333251953125,26.040000915527344,807900
2022-02-24,26.74333381652832,26.850000381469727,23.433332443237305,23.636667251586914,837000
2022-02-25,27.35333251953125,27.59666633605957,26.1299991607666,27.503332138061523,697200
2022-02-28,27.47333335876465,27.93000030517578,26.683332443237305,26.780000686645508,593100
2022-03-01,27.15333366394043,27.816667556762695,26.666667938232422,27.450000762939453,476100
2022-03-02,27.476667404174805,27.73666763305664,26.593332290649414,27.15333366394043,462000
2022-03-03,26.586666107177734,27.583332061767578,26.209999084472656,27.583332061767578,480300
2022-03-04,25.446666717529297,26.89666748046875,25.1299991607666,26.543333053588867,752400
2022-03-07,25.293333053588867,26.260000228881836,25.24333381652832,25.40999984741211,603000
2022-03-08,26.786666870117188,27.211666107177734,24.746667861938477,25.510000228881836,506400
2022-03-09,27.28333282470703,27.610000610351562,26.663333892822266,27.366666793823242,973200
2022-03-10,21.266666412353516,23.083332061767578,19.206666946411133,23.023332595825195,6601200
2022-03-11,18.78333282470703,21.904333114624023,18.360000610351562,21.74333381652832,3221400
2022-03-14,15.356666564941406,18.100000381469727,14.073332786560059,17.93666648864746,4830900
2022-03-15,15.766667366027832,16.229999542236328,14.324666976928711,14.686667442321777,3424800
2022-03-16,19.899999618530273,20.166332244873047,17.510000228881836,19.09666633605957,3386400
2022-03-17,19.790000915527344,20.266666412353516,19.003332138061523,19.333332061767578,818400
2022-03-18,20.600000381469727,21.170000076293945,19.336666107177734,19.683332443237305,743700
2022-03-21,19.883333206176758,20.956666946411133,19.546667098999023,20.333332061767578,1266000
2022-03-22,21.68000030517578,22.229999542236328,20.350000381469727,20.56333351135254,1747800
2022-03-23,22.086666107177734,22.733333587646484,21.136667251586914,21.296667098999023,1392300
2022-03-24,21.809999465942383,23.0,20.729999542236328,23.0,816700
2022-03-25,21.75,22.0,20.780000686645508,21.6299991607666,679000
2022-03-28,21.530000686645508,22.200000762939453,20.809999465942383,21.559999465942383,543300
2022-03-29,23.020000457763672,23.1200008392334,21.920000076293945,22.040000915527344,661100
2022-03-30,21.469999313354492,23.149999618530273,21.200000762939453,22.719999313354492,503100
2022-03-31,20.690000534057617,21.540000915527344,20.040000915527344,21.540000915527344,1389200
2022-04-01,20.780000686645508,22.299999237060547,20.549999237060547,21.34000015258789,735200
2022-04-04,22.06999969482422,22.860000610351562,20.90999984741211,21.31999969482422,708700
2022-04-05,20.549999237060547,22.0,20.31999969482422,21.899999618530273,2339400
2022-04-06,20.25,20.479999542236328,19.350000381469727,20.049999237060547,508200
2022-04-07,19.059999465942383,20.510000228881836,18.360000610351562,20.270000457763672,1002300
2022-04-08,17.899999618530273,18.674999237060547,17.549999237060547,18.530000686645508,1469100
2022-04-11,17.440000534057617,17.709999084472656,16.959999084472656,17.600000381469727,2585000
2022-04-12,17.149999618530273,18.200000762939453,17.0,17.81999969482422,517700
2022-04-13,17.139999389648438,17.790000915527344,16.729999542236328,17.309999465942383,470000
2022-04-14,16.639999389648438,17.719999313354492,16.31999969482422,17.43000030517578,1369700
2022-04-18,16.690000534057617,17.450000762939453,16.46500015258789,16.610000610351562,1062700
2022-04-19,17.040000915527344,17.360000610351562,16.579999923706055,16.579999923706055,449500
2022-04-20,16.780000686645508,17.389999389648438,16.559999465942383,17.299999237060547,337200
2022-04-21,16.309999465942383,17.719999313354492,16.06999969482422,16.969999313354492,406000
2022-04-22,15.760000228881836,16.6299991607666,15.569999694824219,16.299999237060547,557200
2022-04-25,16.040000915527344,16.079999923706055,15.239999771118164,15.449999809265137,981100
2022-04-26,15.050000190734863,16.010000228881836,14.850000381469727,15.819999694824219,1211100
2022-04-27,14.710000038146973,15.539999961853027,14.630000114440918,14.630000114440918,871800
2022-04-28,15.3100004196167,15.59000015258789,14.380000114440918,14.970000267028809,489500
2022-04-29,15.109999656677246,16.049999237060547,15.029999732971191,15.680000305175781,600200
2022-05-02,15.90999984741211,15.949999809265137,14.890000343322754,15.0,444800
2022-05-03,16.18000030517578,16.420000076293945,15.670000076293945,15.850000381469727,442700
2022-05-04,16.90999984741211,16.979999542236328,15.760000228881836,16.469999313354492,937100
2022-05-05,16.030000686645508,16.739999771118164,15.579999923706055,16.399999618530273,591600
2022-05-06,14.890000343322754,15.770000457763672,14.550000190734863,15.770000457763672,556800
2022-05-09,12.899999618530273,14.569999694824219,12.640000343322754,14.289999961853027,1041600
2022-05-10,12.390000343322754,13.760000228881836,12.119999885559082,13.25,890000
2022-05-11,11.630000114440918,12.920000076293945,11.569999694824219,12.390000343322754,891400
2022-05-12,12.4399995803833,12.699999809265137,11.229999542236328,11.399999618530273,894000
2022-05-13,13.649999618530273,13.949999809265137,12.789999961853027,12.960000038146973,524800
2022-05-16,13.25,13.90999984741211,13.039999961853027,13.550000190734863,362100
2022-05-17,13.890000343322754,14.222999572753906,13.510000228881836,13.829999923706055,426500
2022-05-18,13.300000190734863,14.145000457763672,13.168999671936035,13.390000343322754,496200
2022-05-19,13.65999984741211,14.15999984741211,13.210000038146973,13.210000038146973,676800
2022-05-20,13.829999923706055,14.170000076293945,13.192000389099121,14.050000190734863,868200
2022-05-23,13.869999885559082,14.119999885559082,13.609999656677246,13.869999885559082,424400
2022-05-24,12.6899995803833,13.449999809265137,12.192999839782715,13.40999984741211,968700
2022-05-25,13.229999542236328,13.390000343322754,12.4399995803833,12.649999618530273,448900
2022-05-26,14.220000267028809,14.414999961853027,13.039999961853027,13.210000038146973,385100
2022-05-27,14.949999809265137,15.140000343322754,14.430000305175781,14.449999809265137,493900
2022-05-31,15.15999984741211,15.369999885559082,14.675000190734863,15.100000381469727,1072800
2022-06-01,14.59000015258789,15.48799991607666,14.310999870300293,15.050000190734863,339600
2022-06-02,15.010000228881836,15.28499984741211,14.4399995803833,14.5,556500
2022-06-03,14.520000457763672,14.90999984741211,14.420000076293945,14.640000343322754,348300
2022-06-06,15.25,16.8700008392334,15.130000114440918,15.520000457763672,1127600
2022-06-07,15.100000381469727,15.34000015258789,14.505000114440918,14.8100004196167,730300
2022-06-08,15.229999542236328,15.659000396728516,14.949999809265137,15.130000114440918,566200
2022-06-09,15.079999923706055,15.199999809265137,14.350000381469727,14.989999771118164,683500
2022-06-10,14.850000381469727,15.359999656677246,14.710000038146973,14.875,1370500
2022-06-13,13.40999984741211,14.829999923706055,13.350000381469727,14.069999694824219,577600
2022-06-14,13.6899995803833,13.899999618530273,13.300000190734863,13.59000015258789,523300
2022-06-15,14.449999809265137,14.710000038146973,13.800000190734863,13.970000267028809,532300
2022-06-16,13.670000076293945,14.449999809265137,13.399999618530273,13.970000267028809,565600
2022-06-17,13.920000076293945,14.170000076293945,13.760000228881836,13.880000114440918,527900
2022-06-21,14.699999809265137,15.154999732971191,14.260000228881836,14.260000228881836,894600
2022-06-22,14.649999618530273,15.15999984741211,14.039999961853027,14.460000038146973,531600
2022-06-23,15.40999984741211,15.5,14.819999694824219,14.819999694824219,572700
2022-06-24,15.399999618530273,16.09000015258789,15.109999656677246,15.600000381469727,7617400
2022-06-27,16.06999969482422,16.100000381469727,15.050000190734863,15.600000381469727,760400
2022-06-28,15.510000228881836,16.3799991607666,15.449999809265137,16.219999313354492,681100
2022-06-29,15.0,15.904999732971191,14.765000343322754,15.359999656677246,2161200
2022-06-30,16.829999923706055,16.8700008392334,14.699999809265137,14.729999542236328,1640900
2022-07-01,15.539999961853027,16.899999618530273,15.5,16.739999771118164,745300
2022-07-05,15.699999809265137,15.760000228881836,14.9399995803833,15.119999885559082,977300
2022-07-06,16.260000228881836,16.610000610351562,15.673999786376953,15.859999656677246,1419000
2022-07-07,16.459999084472656,16.860000610351562,16.270000457763672,16.459999084472656,494700
2022-07-08,16.940000534057617,17.0,15.90999984741211,16.06999969482422,582900
2022-07-11,15.890000343322754,16.719999313354492,15.829999923706055,16.610000610351562,517400
2022-07-12,15.4399995803833,16.239999771118164,15.1899995803833,15.960000038146973,870500
2022-07-13,15.59000015258789,15.979999542236328,14.84000015258789,15.039999961853027,361300
2022-07-14,15.210000038146973,15.550000190734863,14.734999656677246,15.430000305175781,433100
2022-07-15,15.699999809265137,15.720000267028809,14.899999618530273,15.359999656677246,285300
2022-07-18,16.18000030517578,16.799999237060547,16.040000915527344,16.100000381469727,649000
2022-07-19,16.56999969482422,16.790000915527344,16.329999923706055,16.540000915527344,572200
2022-07-20,16.459999084472656,17.07900047302246,16.264999389648438,16.649999618530273,777000
2022-07-21,16.93000030517578,17.06999969482422,16.350000381469727,16.68000030517578,666200
2022-07-22,15.890000343322754,16.959999084472656,15.829999923706055,16.75,306700
2022-07-25,15.40999984741211,15.779999732971191,15.260000228881836,15.779999732971191,295200
2022-07-26,15.369999885559082,15.40999984741211,14.930000305175781,15.380000114440918,364300
2022-07-27,15.869999885559082,16.100000381469727,15.40999984741211,15.75,554500
2022-07-28,16.690000534057617,16.81999969482422,15.375,15.989999771118164,565800
2022-07-29,16.8799991607666,16.920000076293945,15.989999771118164,16.40999984741211,431500
2022-08-01,16.770000457763672,17.100000381469727,16.469999313354492,16.8700008392334,5579500
2022-08-02,16.780000686645508,17.084999084472656,16.309999465942383,16.5,597700
2022-08-03,17.299999237060547,17.440000534057617,16.56999969482422,16.84000015258789,452000
2022-08-04,18.010000228881836,18.040000915527344,17.25,17.59000015258789,621200
2022-08-05,19.1299991607666,20.239999771118164,17.899999618530273,20.239999771118164,1312000
2022-08-08,18.8799991607666,19.81999969482422,18.559999465942383,19.100000381469727,846200
2022-08-09,18.459999084472656,18.729999542236328,17.729999542236328,18.559999465942383,614200
2022-08-10,19.6200008392334,19.68000030517578,18.405000686645508,19.100000381469727,633800
2022-08-11,19.15999984741211,19.88800048828125,19.110000610351562,19.790000915527344,846300
2022-08-12,19.489999771118164,19.489999771118164,18.81999969482422,19.219999313354492,512000
2022-08-15,19.610000610351562,19.700000762939453,19.020000457763672,19.399999618530273,701300
2022-08-16,18.809999465942383,19.549999237060547,18.645000457763672,19.5,596700
2022-08-17,17.6299991607666,18.520000457763672,17.1299991607666,18.5,616600
2022-08-18,17.6200008392334,17.829999923706055,17.25,17.510000228881836,353300
2022-08-19,16.56999969482422,17.540000915527344,16.15999984741211,17.290000915527344,737700
2022-08-22,16.049999237060547,16.360000610351562,15.84000015258789,16.200000762939453,684900
2022-08-23,16.350000381469727,16.440000534057617,15.90999984741211,16.020000457763672,303600
2022-08-24,16.770000457763672,16.959999084472656,16.329999923706055,16.479999542236328,2650000
2022-08-25,17.979999542236328,18.190000534057617,16.969999313354492,16.969999313354492,591000
2022-08-26,17.270000457763672,18.690000534057617,17.219999313354492,18.690000534057617,1408800
2022-08-29,17.149999618530273,17.8700008392334,16.959999084472656,16.959999084472656,383000
2022-08-30,16.799999237060547,17.440000534057617,16.549999237060547,17.40999984741211,293100
2022-08-31,16.889999389648438,16.989999771118164,16.56999969482422,16.90999984741211,2756500
2022-09-01,15.949999809265137,16.479999542236328,15.34000015258789,16.459999084472656,546500
2022-09-02,15.970000267028809,16.350000381469727,15.640000343322754,16.239999771118164,317500
2022-09-06,15.420000076293945,16.094999313354492,15.140000343322754,15.979999542236328,569600
2022-09-07,15.630000114440918,15.779999732971191,15.210000038146973,15.34000015258789,299400
2022-09-08,15.699999809265137,15.779999732971191,15.100000381469727,15.770000457763672,209100
2022-09-09,16.729999542236328,16.799999237060547,16.010000228881836,16.059999465942383,263800
2022-09-12,16.860000610351562,16.8700008392334,16.5,16.829999923706055,454200
2022-09-13,16.040000915527344,16.40999984741211,15.800000190734863,16.059999465942383,437100
2022-09-14,15.970000267028809,16.270000457763672,15.84000015258789,15.960000038146973,434100
2022-09-15,15.680000305175781,16.06999969482422,15.460000038146973,15.899999618530273,266800
2022-09-16,15.210000038146973,15.359999656677246,14.930000305175781,15.34000015258789,480500
2022-09-19,15.09000015258789,15.34000015258789,14.920999526977539,14.9399995803833,190800
2022-09-20,15.039999961853027,15.149999618530273,14.779000282287598,14.850000381469727,400000
2022-09-21,14.8100004196167,15.420000076293945,14.739999771118164,15.15999984741211,317600
2022-09-22,14.140000343322754,14.729999542236328,14.0,14.6899995803833,230900
2022-09-23,13.789999961853027,14.0,13.5,13.819999694824219,319100
2022-09-26,11.739999771118164,13.479999542236328,11.6899995803833,13.350000381469727,1199400
2022-09-27,12.539999961853027,12.640000343322754,12.010000228881836,12.039999961853027,559200
2022-09-28,13.029999732971191,13.239999771118164,12.190999984741211,12.300000190734863,374000
2022-09-29,12.859999656677246,12.880000114440918,12.220000267028809,12.6899995803833,340200
2022-09-30,12.460000038146973,13.079999923706055,12.449999809265137,12.789999961853027,277900
2022-10-03,13.0600004196167,13.329999923706055,12.59000015258789,12.699999809265137,520500
2022-10-04,13.399999618530273,13.739999771118164,13.3100004196167,13.460000038146973,367300
2022-10-05,13.149999618530273,13.260000228881836,12.680000305175781,13.239999771118164,366000
2022-10-06,13.239999771118164,13.553000450134277,12.979999542236328,13.109999656677246,374600
2022-10-07,12.300000190734863,12.970000267028809,11.9399995803833,12.930000305175781,695000
2022-10-10,9.039999961853027,9.989999771118164,8.539999961853027,8.59000015258789,2167400
2022-10-11,7.96999979019165,8.869999885559082,7.559999942779541,8.520000457763672,1901900
2022-10-12,8.100000381469727,8.430000305175781,7.75,8.050000190734863,1294600
2022-10-13,9.479999542236328,9.529999732971191,7.670000076293945,7.699999809265137,1579400
2022-10-14,7.980000019073486,9.550000190734863,7.934999942779541,9.470000267028809,1212400
2022-10-17,8.130000114440918,8.489999771118164,8.0600004196167,8.289999961853027,826300
2022-10-18,7.389999866485596,8.140000343322754,7.204999923706055,8.0600004196167,1239200
2022-10-19,6.230000019073486,7.230000019073486,6.070000171661377,7.230000019073486,2329000
2022-10-20,6.300000190734863,6.889999866485596,6.159999847412109,6.400000095367432,1943800
2022-10-21,6.289999961853027,6.644999980926514,6.110000133514404,6.380000114440918,2014000
2022-10-24,5.960000038146973,6.050000190734863,5.460000038146973,5.949999809265137,1336300
2022-10-25,6.489999771118164,6.510000228881836,6.039999961853027,6.050000190734863,1379400
2022-10-26,6.28000020980835,6.739999771118164,6.199999809265137,6.300000190734863,1505400
2022-10-27,6.400000095367432,6.670000076293945,6.239999771118164,6.480000019073486,2417900
2022-10-28,6.820000171661377,6.925000190734863,6.239999771118164,6.260000228881836,1587600
2022-10-31,6.400000095367432,6.849999904632568,6.269999980926514,6.699999809265137,1535600
2022-11-01,6.440000057220459,6.989999771118164,6.289999961853027,6.840000152587891,2186700
2022-11-02,6.050000190734863,6.449999809265137,6.03000020980835,6.429999828338623,1141500
2022-11-03,6.21999979019165,6.369999885559082,5.849999904632568,5.920000076293945,808800
2022-11-04,6.610000133514404,7.389999866485596,6.309999942779541,6.760000228881836,1585100
2022-11-07,8.4399995803833,8.600000381469727,6.949999809265137,6.980000019073486,2754100
2022-11-08,8.4399995803833,8.888999938964844,8.130000114440918,8.569999694824219,1582700
2022-11-09,8.5,8.989999771118164,8.204999923706055,8.210000038146973,1917900
2022-11-10,9.029999732971191,9.211999893188477,8.699999809265137,9.130000114440918,1030400
2022-11-11,9.520000457763672,9.8100004196167,9.15999984741211,9.15999984741211,793300
2022-11-14,9.0,9.569999694824219,8.949999809265137,9.430000305175781,865100
2022-11-15,9.699999809265137,10.1899995803833,9.5,9.5,922700
2022-11-16,8.6899995803833,9.399999618530273,8.59000015258789,9.329999923706055,816300
2022-11-17,8.9399995803833,9.069999694824219,8.25,8.460000038146973,731800
2022-11-18,9.109999656677246,9.5600004196167,8.869999885559082,9.229999542236328,627500
2022-11-21,8.630000114440918,9.0,8.451000213623047,8.930000305175781,1043800
2022-11-22,8.739999771118164,8.75,8.420000076293945,8.699999809265137,353900
2022-11-23,8.670000076293945,9.050000190734863,8.600000381469727,8.600000381469727,383000
2022-11-25,8.630000114440918,8.722999572753906,8.458999633789062,8.609999656677246,142500
2022-11-28,8.25,8.510000228881836,8.170000076293945,8.430000305175781,343000
2022-11-29,8.470000267028809,8.960000038146973,8.260000228881836,8.300000190734863,469800
2022-11-30,9.0600004196167,9.079999923706055,8.170000076293945,8.649999618530273,973800
2022-12-01,8.75,9.279999732971191,8.59000015258789,9.079999923706055,508000
2022-12-02,8.989999771118164,8.989999771118164,8.397000312805176,8.59000015258789,439900
2022-12-05,9.15999984741211,9.430000305175781,9.0,9.029999732971191,846200
2022-12-06,8.65999984741211,9.15999984741211,8.5600004196167,9.15999984741211,710100
2022-12-07,8.579999923706055,8.644000053405762,8.414999961853027,8.529999732971191,221500
2022-12-08,9.0,9.300000190734863,8.65999984741211,8.65999984741211,391900
2022-12-09,8.75,8.949000358581543,8.571999549865723,8.84000015258789,491700
2022-12-12,8.720000267028809,8.75,8.279999732971191,8.699999809265137,583100
2022-12-13,10.010000228881836,11.15999984741211,9.920000076293945,11.079999923706055,2828900
2022-12-14,9.579999923706055,10.050000190734863,9.510000228881836,10.0,742500
2022-12-15,9.140000343322754,9.600000381469727,9.079999923706055,9.460000038146973,530400
2022-12-16,8.949999809265137,9.289999961853027,8.9399995803833,9.029999732971191,767800
2022-12-19,8.569999694824219,9.0,8.40999984741211,8.859999656677246,512000
2022-12-20,8.319999694824219,8.579999923706055,8.260000228881836,8.430000305175781,379000
2022-12-21,8.510000228881836,8.699999809265137,8.210000038146973,8.420000076293945,464700
2022-12-22,7.579999923706055,8.25,7.28000020980835,8.25,1080600
2022-12-23,7.519999980926514,7.639999866485596,7.21999979019165,7.630000114440918,453000
2022-12-27,7.199999809265137,7.440000057220459,7.159999847412109,7.429999828338623,513000
2022-12-28,7.079999923706055,7.260000228881836,6.909999847412109,7.130000114440918,638900
2022-12-29,7.579999923706055,7.704999923706055,7.144999980926514,7.199999809265137,474900
2022-12-30,7.710000038146973,7.715000152587891,7.380000114440918,7.380000114440918,431900
2023-01-03,9.600000381469727,10.5,9.350000381469727,9.789999961853027,3634700
2023-01-04,9.770000457763672,10.09000015258789,9.350000381469727,9.899999618530273,2231700
2023-01-05,9.479999542236328,9.850000381469727,9.479999542236328,9.649999618530273,1798100
2023-01-06,9.550000190734863,9.739999771118164,9.369999885559082,9.630000114440918,678100
2023-01-09,9.970000267028809,10.319999694824219,9.737000465393066,9.850000381469727,1596100
2023-01-10,9.84000015258789,9.970000267028809,9.734999656677246,9.90999984741211,837600
2023-01-11,10.319999694824219,10.335000038146973,9.600000381469727,9.84000015258789,608300
2023-01-12,10.680000305175781,10.699999809265137,10.121000289916992,10.289999961853027,822900
2023-01-13,10.819999694824219,11.039999961853027,10.489999771118164,10.5,730200
2023-01-17,10.710000038146973,10.968999862670898,10.359999656677246,10.800000190734863,678900
2023-01-18,10.710000038146973,11.347999572753906,10.710000038146973,10.979999542236328,802100
2023-01-19,10.40999984741211,10.760000228881836,10.390000343322754,10.529999732971191,449300
2023-01-20,10.829999923706055,10.859999656677246,10.390000343322754,10.510000228881836,692200
2023-01-23,11.75,11.854999542236328,10.789999961853027,10.90999984741211,846400
2023-01-24,11.630000114440918,12.140000343322754,11.510000228881836,11.579999923706055,564000
2023-01-25,11.59000015258789,11.600000381469727,10.789999961853027,11.319999694824219,565400
2023-01-26,12.539999961853027,12.550000190734863,11.779999732971191,11.890000343322754,1006100
2023-01-27,12.489999771118164,12.789999961853027,11.920000076293945,12.390000343322754,808500
2023-01-30,11.9399995803833,12.399999618530273,11.819999694824219,12.239999771118164,1286700
2023-01-31,12.489999771118164,12.850000381469727,11.880000114440918,12.010000228881836,1335200
2023-02-01,12.460000038146973,12.779999732971191,12.029999732971191,12.5,737200
2023-02-02,12.34000015258789,12.88599967956543,12.12600040435791,12.779999732971191,770200
2023-02-03,12.050000190734863,12.329999923706055,11.84000015258789,12.010000228881836,532100
2023-02-06,12.079999923706055,12.210000038146973,11.649999618530273,11.859999656677246,626800
2023-02-07,12.359999656677246,12.420000076293945,11.699999809265137,12.199999809265137,633400
2023-02-08,11.789999961853027,12.319999694824219,11.720000267028809,12.260000228881836,447500
2023-02-09,12.59000015258789,12.779999732971191,12.09000015258789,12.149999618530273,919000
2023-02-10,12.449999809265137,12.470000267028809,12.010000228881836,12.395000457763672,577500
2023-02-13,13.15999984741211,13.399999618530273,12.399999618530273,12.550000190734863,873000
2023-02-14,13.890000343322754,13.970000267028809,12.869999885559082,13.050000190734863,946900
2023-02-15,14.180000305175781,14.399999618530273,13.428999900817871,13.600000381469727,742400
2023-02-16,13.050000190734863,13.845999717712402,12.979999542236328,13.760000228881836,725400
2023-02-17,12.579999923706055,13.09000015258789,12.180000305175781,12.989999771118164,864800
2023-02-21,12.109999656677246,12.520999908447266,11.930000305175781,12.180000305175781,1155800
2023-02-22,11.59000015258789,11.850000381469727,11.119999885559082,11.300000190734863,1114000
2023-02-23,11.600000381469727,12.4399995803833,11.430000305175781,12.09000015258789,663100
2023-02-24,11.529999732971191,12.5,11.300000190734863,12.149999618530273,971400
2023-02-27,10.489999771118164,11.300000190734863,10.289999961853027,11.140000343322754,1442500
2023-02-28,10.380000114440918,10.630000114440918,10.170000076293945,10.550000190734863,900900
2023-03-01,10.550000190734863,10.619999885559082,10.3100004196167,10.5600004196167,837300
2023-03-02,10.239999771118164,10.545999526977539,9.979999542236328,10.4399995803833,1296100
2023-03-03,10.6899995803833,10.699999809265137,10.130000114440918,10.279999732971191,991800
2023-03-06,11.850000381469727,11.920000076293945,10.579999923706055,10.779999732971191,2565400
2023-03-07,11.829999923706055,12.420000076293945,11.8100004196167,11.949999809265137,992700
2023-03-08,12.470000267028809,12.630000114440918,11.8100004196167,11.8100004196167,795300
2023-03-09,12.130000114440918,12.720000267028809,12.111000061035156,12.4399995803833,714300
2023-03-10,11.739999771118164,12.260000228881836,11.539999961853027,12.15999984741211,689900
2023-03-13,11.8100004196167,12.017000198364258,11.399999618530273,11.5,741200
2023-03-14,12.640000343322754,12.65999984741211,11.989999771118164,12.149999618530273,918700
2023-03-15,12.25,12.515000343322754,11.729999542236328,12.390000343322754,688900
2023-03-16,12.279999732971191,12.420000076293945,11.770000457763672,12.15999984741211,470900
2023-03-17,11.899999618530273,12.319999694824219,11.850000381469727,12.3100004196167,590900
2023-03-20,11.859999656677246,12.0,11.75,11.880000114440918,349200
2023-03-21,11.880000114440918,12.220000267028809,11.619999885559082,12.0,460800
2023-03-22,11.149999618530273,11.829999923706055,11.149999618530273,11.770000457763672,738600
2023-03-23,11.470000267028809,11.90999984741211,11.199999809265137,11.40999984741211,682000
2023-03-24,11.170000076293945,11.390000343322754,11.069999694824219,11.28499984741211,487600
2023-03-27,11.15999984741211,11.420000076293945,10.970000267028809,11.260000228881836,315100
2023-03-28,11.010000228881836,11.170000076293945,10.859999656677246,11.170000076293945,421100
2023-03-29,11.710000038146973,11.725000381469727,11.180000305175781,11.260000228881836,331800
2023-03-30,11.75,11.979999542236328,11.6899995803833,11.9350004196167,297300
2023-03-31,11.699999809265137,11.869999885559082,11.619999885559082,11.720000267028809,417900
2023-04-03,12.199999809265137,12.300000190734863,11.470000267028809,11.6899995803833,666500
2023-04-04,11.180000305175781,12.220000267028809,11.069999694824219,12.220000267028809,677800
2023-04-05,10.680000305175781,11.020000457763672,10.625,11.020000457763672,577200
2023-04-06,11.109999656677246,11.279999732971191,10.420000076293945,10.630000114440918,554500
2023-04-10,11.0,11.029999732971191,10.670999526977539,11.0,458600
2023-04-11,10.75,11.244999885559082,10.699999809265137,11.130000114440918,403200
2023-04-12,10.5600004196167,10.949999809265137,10.479999542236328,10.84000015258789,379200
2023-04-13,10.270000457763672,10.710000038146973,10.239999771118164,10.619999885559082,300300
2023-04-14,10.550000190734863,11.170000076293945,10.449999809265137,10.869999885559082,576100
2023-04-17,10.630000114440918,10.630000114440918,10.300000190734863,10.390000343322754,276200
2023-04-18,10.390000343322754,10.770000457763672,10.3100004196167,10.770000457763672,284200
2023-04-19,10.489999771118164,10.529999732971191,10.149999618530273,10.149999618530273,332600
2023-04-20,10.890000343322754,11.279999732971191,10.260000228881836,10.329999923706055,610400
2023-04-21,10.4399995803833,10.774999618530273,10.380000114440918,10.75,459300
2023-04-24,10.260000228881836,10.4399995803833,10.069999694824219,10.4399995803833,351000
2023-04-25,9.609999656677246,10.130000114440918,9.579999923706055,10.130000114440918,612900
2023-04-26,9.5600004196167,9.920000076293945,9.520000457763672,9.6899995803833,454700
2023-04-27,9.34000015258789,9.600000381469727,9.170000076293945,9.5600004196167,562900
2023-04-28,9.350000381469727,9.449999809265137,9.020000457763672,9.380000114440918,493700
2023-05-01,9.34000015258789,9.710000038146973,9.289999961853027,9.420000076293945,339500
2023-05-02,9.1899995803833,9.600000381469727,9.100000381469727,9.350000381469727,455500
2023-05-03,9.140000343322754,9.40999984741211,9.130000114440918,9.199999809265137,346400
2023-05-04,8.880000114440918,9.079999923706055,8.75,9.079999923706055,476300
2023-05-05,10.470000267028809,11.25,10.121000289916992,10.329999923706055,1187200
2023-05-08,10.069999694824219,10.260000228881836,9.454000473022461,9.609999656677246,922700
2023-05-09,9.9399995803833,10.180000305175781,9.789999961853027,9.920000076293945,521900
2023-05-10,9.449999809265137,10.199999809265137,9.399999618530273,10.180000305175781,823100
2023-05-11,9.729999542236328,9.869999885559082,9.399999618530273,9.420000076293945,490700
2023-05-12,9.149999618530273,9.84000015258789,9.100000381469727,9.739999771118164,664000
2023-05-15,9.6899995803833,9.84000015258789,9.149999618530273,9.260000228881836,902100
2023-05-16,9.699999809265137,9.920000076293945,9.600000381469727,9.609999656677246,577700
2023-05-17,9.960000038146973,10.09000015258789,9.65999984741211,9.710000038146973,580000
2023-05-18,9.75,10.140000343322754,9.699999809265137,10.0,378500
2023-05-19,9.729999542236328,9.949999809265137,9.6899995803833,9.819999694824219,425600
2023-05-22,9.84000015258789,9.960000038146973,9.6899995803833,9.6899995803833,439600
2023-05-23,9.640000343322754,9.960000038146973,9.630000114440918,9.739999771118164,389700
2023-05-24,9.229999542236328,9.600000381469727,9.175000190734863,9.460000038146973,520900
2023-05-25,9.880000114440918,9.9399995803833,9.515000343322754,9.569999694824219,621900
2023-05-26,10.710000038146973,10.739999771118164,9.880000114440918,9.90999984741211,501900
2023-05-30,10.210000038146973,11.1899995803833,10.175000190734863,11.109999656677246,474400
2023-05-31,10.109999656677246,10.1899995803833,9.649999618530273,9.949999809265137,1487800
2023-06-01,10.010000228881836,10.260000228881836,9.699999809265137,10.100000381469727,550900
2023-06-02,9.960000038146973,10.350000381469727,9.789999961853027,10.270000457763672,529000
2023-06-05,9.729999542236328,9.899999618530273,9.359999656677246,9.880000114440918,659800
2023-06-06,10.329999923706055,10.460000038146973,9.519000053405762,9.619999885559082,572400
2023-06-07,10.899999618530273,11.25,10.4399995803833,10.4399995803833,581100
2023-06-08,10.59000015258789,10.989999771118164,10.5,10.9399995803833,418500
2023-06-09,10.6899995803833,10.975000381469727,10.529999732971191,10.760000228881836,490800
2023-06-12,10.529999732971191,10.989999771118164,10.319999694824219,10.850000381469727,1056100
2023-06-13,10.970000267028809,11.100000381469727,10.619999885559082,10.789999961853027,451600
2023-06-14,11.40999984741211,11.539999961853027,11.086999893188477,11.3100004196167,625600
2023-06-15,11.420000076293945,11.449999809265137,11.140000343322754,11.229999542236328,399400
2023-06-16,11.640000343322754,12.109999656677246,11.520000457763672,12.0,1034500
2023-06-20,11.75,11.869999885559082,11.40999984741211,11.600000381469727,565100
2023-06-21,11.800000190734863,11.850000381469727,11.380000114440918,11.6899995803833,485100
2023-06-22,12.510000228881836,12.529999732971191,11.321000099182129,11.619999885559082,680900
2023-06-23,11.770000457763672,12.350000381469727,11.710000038146973,12.25,951900
2023-06-26,11.930000305175781,12.140000343322754,11.729999542236328,11.800000190734863,468600
2023-06-27,12.770000457763672,12.8100004196167,11.819999694824219,11.979999542236328,582200
2023-06-28,12.850000381469727,13.039999961853027,12.4399995803833,12.579999923706055,521700
2023-06-29,13.380000114440918,13.420000076293945,12.810999870300293,12.970000267028809,587200
2023-06-30,13.079999923706055,13.890000343322754,13.010000228881836,13.890000343322754,742700
2023-07-03,14.829999923706055,15.59000015258789,14.329999923706055,14.609999656677246,1979800
2023-07-05,13.869999885559082,15.0,13.829999923706055,14.829999923706055,1393100
2023-07-06,13.539999961853027,13.59000015258789,13.050000190734863,13.479999542236328,989600
2023-07-07,13.399999618530273,14.069999694824219,13.369999885559082,13.699999809265137,867200
2023-07-10,13.1899995803833,13.789999961853027,13.029999732971191,13.470000267028809,887700
2023-07-11,13.050000190734863,13.390000343322754,12.800000190734863,13.25,603200
2023-07-12,13.170000076293945,13.390000343322754,13.020000457763672,13.380000114440918,436700
2023-07-13,13.899999618530273,14.314000129699707,13.369999885559082,13.369999885559082,655100
2023-07-14,13.329999923706055,13.970000267028809,13.270000457763672,13.970000267028809,447400
2023-07-17,13.520000457763672,13.729999542236328,13.319999694824219,13.350000381469727,399700
2023-07-18,13.5,13.553000450134277,13.170000076293945,13.470000267028809,474600
2023-07-19,13.210000038146973,13.720000267028809,13.100000381469727,13.539999961853027,447100
2023-07-20,12.869999885559082,13.170000076293945,12.770000457763672,13.029999732971191,514800
2023-07-21,12.970000267028809,13.310999870300293,12.949999809265137,13.0,379100
2023-07-24,12.779999732971191,13.149999618530273,12.739999771118164,12.970000267028809,405700
2023-07-25,12.739999771118164,12.979999542236328,12.670000076293945,12.899999618530273,404000
2023-07-26,12.300000190734863,12.6850004196167,12.25,12.649999618530273,603800
2023-07-27,12.390000343322754,12.800000190734863,12.180000305175781,12.630000114440918,588500
2023-07-28,12.760000228881836,12.960000038146973,12.510000228881836,12.520000457763672,544400
2023-07-31,13.100000381469727,13.25,12.619999885559082,12.619999885559082,673000
2023-08-01,12.739999771118164,13.170000076293945,12.729999542236328,13.0,586100
2023-08-02,11.989999771118164,12.5,11.899999618530273,12.479999542236328,774800
2023-08-03,11.970000267028809,12.029999732971191,11.817000389099121,11.930000305175781,632700
2023-08-04,12.539999961853027,14.199999809265137,11.850000381469727,13.869999885559082,1778900
2023-08-07,13.529999732971191,13.619999885559082,12.949999809265137,12.960000038146973,1404900
2023-08-08,13.600000381469727,13.869999885559082,12.979999542236328,13.3100004196167,928100
2023-08-09,13.239999771118164,13.600000381469727,12.979999542236328,13.579999923706055,652100
2023-08-10,13.890000343322754,13.960000038146973,13.180000305175781,13.420000076293945,914300
2023-08-11,13.510000228881836,13.920000076293945,13.454999923706055,13.600000381469727,491700
2023-08-14,13.789999961853027,13.800999641418457,13.25,13.380000114440918,460100
2023-08-15,13.449999809265137,13.75,13.359999656677246,13.75,398300
2023-08-16,12.979999542236328,13.435999870300293,12.949999809265137,13.399999618530273,458800
2023-08-17,13.09000015258789,13.380000114440918,12.920000076293945,13.0,431500
2023-08-18,13.010000228881836,13.300000190734863,12.699999809265137,12.850000381469727,487400
2023-08-21,13.729999542236328,13.819999694824219,13.010000228881836,13.010000228881836,708400
2023-08-22,14.630000114440918,14.90999984741211,13.569999694824219,13.979999542236328,1735100
2023-08-23,16.360000610351562,16.600000381469727,14.734999656677246,14.770000457763672,2724500
2023-08-24,15.359999656677246,16.799999237060547,15.319999694824219,16.75,1336300
2023-08-25,15.520000457763672,15.680000305175781,14.819999694824219,15.359999656677246,808800
2023-08-28,15.300000190734863,15.770000457763672,15.071000099182129,15.770000457763672,648400
2023-08-29,16.200000762939453,16.344999313354492,15.0600004196167,15.359999656677246,951400
2023-08-30,17.229999542236328,17.46500015258789,15.939000129699707,16.100000381469727,1123000
2023-08-31,17.559999465942383,17.969999313354492,17.270000457763672,17.299999237060547,1062500
2023-09-01,18.43000030517578,18.670000076293945,17.719999313354492,17.75,1112900
2023-09-05,19.6299991607666,19.735000610351562,18.440000534057617,18.719999313354492,1585800
2023-09-06,19.34000015258789,19.989999771118164,18.940000534057617,19.610000610351562,1496900
2023-09-07,18.719999313354492,18.8799991607666,18.100000381469727,18.75,1115600
2023-09-08,18.729999542236328,19.280000686645508,18.559999465942383,18.899999618530273,640800
2023-09-11,18.540000915527344,19.069000244140625,18.405000686645508,19.010000228881836,573700
2023-09-12,17.78499984741211,18.834999084472656,17.610000610351562,18.299999237060547,965500
2023-09-13,17.59000015258789,18.05500030517578,17.09000015258789,17.84000015258789,751300
2023-09-14,16.739999771118164,18.0,16.56999969482422,17.799999237060547,904500
2023-09-15,15.520000457763672,16.690000534057617,15.390000343322754,16.59000015258789,1747200
2023-09-18,15.720000267028809,15.9350004196167,15.163000106811523,15.380000114440918,725300
2023-09-19,15.960000038146973,16.010000228881836,15.449999809265137,15.710000038146973,659500
2023-09-20,15.770000457763672,16.360000610351562,15.75,16.09000015258789,582600
2023-09-21,15.520000457763672,15.779999732971191,15.270000457763672,15.359999656677246,510600
2023-09-22,15.65999984741211,15.979999542236328,15.425000190734863,15.789999961853027,886700
2023-09-25,16.6299991607666,16.670000076293945,15.395000457763672,15.489999771118164,913900
2023-09-26,16.739999771118164,17.128999710083008,16.350000381469727,16.5,960500
2023-09-27,17.6200008392334,17.739999771118164,16.989999771118164,16.989999771118164,948800
2023-09-28,18.270000457763672,18.479999542236328,17.704999923706055,17.829999923706055,952400
2023-09-29,18.104999542236328,18.690000534057617,18.030000686645508,18.549999237060547,821200
2023-10-02,18.6200008392334,18.739999771118164,18.187999725341797,18.219999313354492,780500
2023-10-03,17.149999618530273,18.4950008392334,17.030000686645508,18.34000015258789,1014300
2023-10-04,18.0,18.170000076293945,17.149999618530273,17.239999771118164,954800
2023-10-05,17.299999237060547,18.149999618530273,17.1299991607666,18.0,793800
2023-10-06,18.610000610351562,18.799999237060547,16.891000747680664,17.030000686645508,1295700
2023-10-09,18.219999313354492,18.600000381469727,17.81999969482422,18.40999984741211,1124700
2023-10-10,19.68000030517578,19.889999389648438,18.290000915527344,18.3700008392334,2094000
2023-10-11,20.06999969482422,20.864999771118164,19.722000122070312,20.139999389648438,1823000
2023-10-12,19.799999237060547,20.479999542236328,19.389999389648438,20.09000015258789,1254800
2023-10-13,19.0,20.197999954223633,18.61199951171875,19.850000381469727,1447300
2023-10-16,18.6299991607666,19.510000228881836,18.209999084472656,18.959999084472656,1139400
2023-10-17,19.75,21.06999969482422,18.1299991607666,18.309999465942383,2685100
2023-10-18,19.239999771118164,20.149999618530273,19.110000610351562,19.15999984741211,1303900
2023-10-19,17.479999542236328,19.649999618530273,17.290000915527344,19.329999923706055,1938300
2023-10-20,17.860000610351562,18.270000457763672,17.209999084472656,17.360000610351562,1492000
2023-10-23,18.09000015258789,18.40999984741211,17.049999237060547,17.75,1975700
2023-10-24,18.75,19.280000686645508,18.219999313354492,18.360000610351562,1677400
2023-10-25,18.209999084472656,18.68000030517578,17.700000762939453,18.56999969482422,1577600
2023-10-26,17.559999465942383,18.889999389648438,17.510000228881836,18.299999237060547,1274900
2023-10-27,13.710000038146973,17.510000228881836,13.5,17.290000915527344,6163000
2023-10-30,12.8100004196167,14.010000228881836,12.529999732971191,13.850000381469727,3517700
2023-10-31,13.600000381469727,13.699999809265137,12.880000114440918,13.180000305175781,1859300
2023-11-01,13.579999923706055,14.09000015258789,13.119999885559082,13.739999771118164,1344900
2023-11-02,14.539999961853027,14.619999885559082,13.890000343322754,14.229999542236328,1224000
2023-11-03,15.095000267028809,15.270000457763672,14.75,14.920000076293945,1054800
2023-11-06,15.0,15.449999809265137,14.600000381469727,15.449999809265137,1084300
2023-11-07,15.800000190734863,15.979999542236328,12.949999809265137,13.100000381469727,2107600
2023-11-08,17.684999465942383,17.729999542236328,15.510000228881836,15.59000015258789,1829100
2023-11-09,16.309999465942383,17.829999923706055,16.302000045776367,17.799999237060547,1721100
2023-11-10,17.030000686645508,17.110000610351562,16.0,16.559999465942383,936300
2023-11-13,17.229999542236328,17.415000915527344,16.510000228881836,16.790000915527344,926100
2023-11-14,17.84000015258789,18.25,17.170000076293945,18.110000610351562,918500
2023-11-15,18.239999771118164,18.75,17.899999618530273,17.969999313354492,698100
2023-11-16,17.93000030517578,18.299999237060547,17.46500015258789,17.969999313354492,721100
2023-11-17,17.68000030517578,18.18000030517578,17.459999084472656,18.100000381469727,913000
2023-11-20,18.65999984741211,18.722999572753906,17.68000030517578,17.68000030517578,861100
2023-11-21,17.5,18.31999969482422,17.440000534057617,18.31999969482422,671600
2023-11-22,17.6200008392334,18.170000076293945,17.485000610351562,17.670000076293945,581100
2023-11-24,17.299999237060547,17.540000915527344,16.770000457763672,17.510000228881836,451800
2023-11-27,17.670000076293945,17.719999313354492,16.90999984741211,17.139999389648438,693800
2023-11-28,17.200000762939453,17.638999938964844,16.930999755859375,17.56999969482422,522500
2023-11-29,16.700000762939453,17.729999542236328,16.545000076293945,17.59000015258789,966500
2023-11-30,16.639999389648438,16.940000534057617,16.309999465942383,16.799999237060547,720900
2023-12-01,16.860000610351562,17.059999465942383,16.110000610351562,16.549999237060547,559600
2023-12-04,16.6200008392334,16.719999313354492,16.190000534057617,16.639999389648438,649100
2023-12-05,16.030000686645508,16.450000762939453,16.020000457763672,16.450000762939453,558300
2023-12-06,15.859999656677246,16.389999389648438,15.850000381469727,16.31999969482422,577700
2023-12-07,16.1200008392334,16.2450008392334,15.670000076293945,15.989999771118164,556000
2023-12-08,16.0,16.27899932861328,15.869999885559082,16.229999542236328,456900
2023-12-11,17.25,17.530000686645508,16.079999923706055,16.079999923706055,1231100
2023-12-12,17.0,17.334999084472656,16.829999923706055,17.229999542236328,661500
2023-12-13,17.670000076293945,17.700000762939453,16.760000228881836,17.0,761300
2023-12-14,17.889999389648438,18.489999771118164,17.549999237060547,17.969999313354492,937100
2023-12-15,17.899999618530273,18.268999099731445,17.559999465942383,18.1299991607666,924100
2023-12-18,18.299999237060547,18.31999969482422,17.715999603271484,17.969999313354492,573600
2023-12-19,18.649999618530273,19.579999923706055,18.260000228881836,18.459999084472656,845300
2023-12-20,17.799999237060547,18.8700008392334,17.766000747680664,18.520000457763672,656200
2023-12-21,18.55500030517578,18.579999923706055,17.950000762939453,18.299999237060547,448500
2023-12-22,18.520000457763672,18.8700008392334,18.360000610351562,18.6299991607666,432300
2023-12-26,19.8799991607666,20.030000686645508,18.610000610351562,18.610000610351562,1044700
2023-12-27,19.790000915527344,20.239999771118164,19.65999984741211,19.969999313354492,692100
2023-12-28,19.959999084472656,20.43000030517578,19.770000457763672,19.84000015258789,667900
2023-12-29,19.540000915527344,20.288999557495117,19.260000228881836,19.950000762939453,551600
2024-01-02,18.670000076293945,19.1299991607666,18.43000030517578,19.059999465942383,599800
2024-01-03,17.65999984741211,18.18600082397461,17.329999923706055,18.149999618530273,1325000
2024-01-04,17.0,17.579999923706055,16.989999771118164,17.420000076293945,658500
2024-01-05,16.959999084472656,17.260000228881836,16.65999984741211,16.889999389648438,745100
2024-01-08,17.030000686645508,17.274999618530273,16.920000076293945,17.100000381469727,765700
2024-01-09,19.420000076293945,19.559999465942383,16.700000762939453,17.860000610351562,2571900
2024-01-10,21.149999618530273,21.229999542236328,19.649999618530273,19.709999084472656,2581100
2024-01-11,20.5,21.360000610351562,20.170000076293945,21.25,1453100
2024-01-12,21.809999465942383,22.239999771118164,20.489999771118164,20.5,1513300
2024-01-16,20.559999465942383,21.34000015258789,19.93000030517578,21.299999237060547,2101400
2024-01-17,19.889999389648438,20.075000762939453,19.1299991607666,20.030000686645508,1265700
2024-01-18,19.899999618530273,20.459999084472656,19.450000762939453,20.010000228881836,1423200
2024-01-19,20.459999084472656,20.540000915527344,19.725000381469727,20.270000457763672,1065100
2024-01-22,21.649999618530273,22.469999313354492,20.850000381469727,21.17300033569336,1792200
2024-01-23,21.0,22.309999465942383,20.875,21.5,1615400
2024-01-24,20.6200008392334,21.739999771118164,20.510000228881836,21.700000762939453,1559300
2024-01-25,20.25,21.184999465942383,20.1200008392334,20.389999389648438,1068800
2024-01-26,18.979999542236328,19.878000259399414,18.739999771118164,19.81999969482422,1421700
2024-01-29,18.790000915527344,19.010000228881836,18.520000457763672,19.010000228881836,1021100
2024-01-30,18.010000228881836,18.809999465942383,17.600000381469727,18.56999969482422,1222200
2024-01-31,17.219999313354492,18.0,17.170000076293945,17.760000228881836,1178300
2024-02-01,16.989999771118164,17.56999969482422,16.56999969482422,17.479999542236328,1144500
2024-02-02,16.239999771118164,16.8700008392334,16.170000076293945,16.799999237060547,1270600
2024-02-05,15.84000015258789,16.100000381469727,15.699999809265137,16.0,1032900
2024-02-06,16.479999542236328,16.799999237060547,16.25,16.329999923706055,1273500
2024-02-07,16.290000915527344,16.530000686645508,16.110000610351562,16.399999618530273,923200
2024-02-08,16.969999313354492,17.469999313354492,16.34000015258789,16.420000076293945,1079400
2024-02-09,18.329999923706055,18.350000381469727,17.200000762939453,17.200000762939453,1195500
2024-02-12,19.229999542236328,19.8700008392334,18.510000228881836,18.690000534057617,1743200
2024-02-13,18.3799991607666,18.709999084472656,17.549999237060547,18.020000457763672,1170300
2024-02-14,19.780000686645508,19.856000900268555,18.770000457763672,18.770000457763672,1115300
2024-02-15,19.969999313354492,20.170000076293945,19.600000381469727,20.030000686645508,1248900
2024-02-16,19.579999923706055,20.333999633789062,19.461000442504883,20.0,935300
2024-02-20,18.34000015258789,19.25,17.81800079345703,19.0,1270200
2024-02-21,19.1299991607666,19.15999984741211,17.950000762939453,17.969999313354492,1077500
2024-02-22,20.579999923706055,21.139999389648438,19.690000534057617,19.799999237060547,2801800
2024-02-23,20.489999771118164,21.25,19.93000030517578,20.549999237060547,1199800
2024-02-26,21.600000381469727,22.290000915527344,21.207000732421875,22.020000457763672,1844200
2024-02-27,21.790000915527344,22.7810001373291,21.489999771118164,21.940000534057617,3998400
2024-02-28,30.68000030517578,31.0049991607666,25.170000076293945,25.200000762939453,12244400
2024-02-29,30.920000076293945,32.97999954223633,30.0,31.709999084472656,3508000
2024-03-01,33.90999984741211,34.400001525878906,30.81599998474121,31.549999237060547,3746500
2024-03-04,31.920000076293945,33.720001220703125,30.030000686645508,33.560001373291016,4187600
2024-03-05,29.219999313354492,31.329999923706055,27.281999588012695,31.31999969482422,3264600
2024-03-06,30.459999084472656,31.200000762939453,29.350000381469727,31.190000534057617,1762700
2024-03-07,30.399999618530273,32.18000030517578,30.299999237060547,31.360000610351562,2514500
2024-03-08,30.15999984741211,30.75,30.01099967956543,30.5,1648300
2024-03-11,28.34000015258789,29.399999618530273,27.520000457763672,29.34000015258789,1571200
2024-03-12,29.350000381469727,29.709999084472656,28.020000457763672,28.760000228881836,1164000
2024-03-13,28.75,29.690000534057617,28.520000457763672,29.040000915527344,966900
2024-03-14,27.469999313354492,28.530000686645508,26.950000762939453,28.530000686645508,1163400
2024-03-15,27.110000610351562,27.6299991607666,26.78499984741211,27.100000381469727,1326100
2024-03-18,28.6299991607666,28.8799991607666,27.31999969482422,27.549999237060547,2149600
2024-03-19,27.549999237060547,27.850000381469727,24.06999969482422,27.75,3035900
2024-03-20,29.219999313354492,29.389999389648438,27.31999969482422,27.8799991607666,1424100
2024-03-21,30.190000534057617,31.05900001525879,30.030000686645508,30.030000686645508,1844400
2024-03-22,30.84000015258789,31.38599967956543,29.450000762939453,30.190000534057617,1253400
2024-03-25,30.15999984741211,32.13999938964844,29.975000381469727,30.729999542236328,1250000
2024-03-26,29.645000457763672,31.79400062561035,29.600000381469727,30.3799991607666,1056100
2024-03-27,28.700000762939453,29.93000030517578,28.149999618530273,29.860000610351562,1331700
2024-03-28,29.139999389648438,29.600000381469727,28.610000610351562,28.709999084472656,1343100
2024-04-01,30.31999969482422,31.18000030517578,29.360000610351562,29.510000228881836,1274800
2024-04-02,30.479999542236328,30.530000686645508,28.770000457763672,29.440000534057617,908200
2024-04-03,31.209999084472656,31.709999084472656,29.899999618530273,30.0,1306500
2024-04-04,30.610000610351562,33.400001525878906,30.399999618530273,32.25,1726600
2024-04-05,32.040000915527344,32.689998626708984,29.700000762939453,30.899999618530273,1734500
2024-04-08,31.190000534057617,32.95000076293945,31.0,32.83000183105469,993000
2024-04-09,29.760000228881836,31.700000762939453,29.149999618530273,31.360000610351562,1284800
2024-04-10,28.610000610351562,29.959999084472656,28.510000228881836,28.8799991607666,1327700
2024-04-11,30.049999237060547,30.10099983215332,28.299999237060547,28.84000015258789,940200
2024-04-12,28.610000610351562,29.780000686645508,28.469999313354492,29.540000915527344,893800
2024-04-15,28.209999084472656,29.68000030517578,28.010000228881836,29.030000686645508,1300900
2024-04-16,28.84000015258789,29.190000534057617,27.6200008392334,27.81999969482422,760600
2024-04-17,27.90999984741211,29.25,27.610000610351562,28.899999618530273,848300
2024-04-18,27.405000686645508,28.40999984741211,26.788999557495117,27.700000762939453,1255800
2024-04-19,25.0,27.211000442504883,24.5,27.0,1791200
2024-04-22,25.75,26.15999984741211,25.0,25.530000686645508,1007800
2024-04-23,27.389999389648438,28.25,25.899999618530273,26.139999389648438,1796600
2024-04-24,28.149999618530273,29.16900062561035,27.559999465942383,28.190000534057617,1215300
2024-04-25,28.290000915527344,28.579999923706055,26.670000076293945,27.280000686645508,1088900
2024-04-26,27.040000915527344,28.940000534057617,25.332000732421875,26.06999969482422,2549200
2024-04-29,26.729999542236328,27.15999984741211,25.1299991607666,27.110000610351562,1057500
2024-04-30,25.520000457763672,26.65999984741211,25.5,26.5,942100
2024-05-01,24.920000076293945,26.040000915527344,24.56999969482422,25.139999389648438,1023000
2024-05-02,26.510000228881836,26.565000534057617,25.030000686645508,25.75,1084000
2024-05-03,27.0,27.81100082397461,26.850000381469727,27.3700008392334,883900
2024-05-06,27.75,27.969999313354492,27.389999389648438,27.510000228881836,1031100
2024-05-07,27.329999923706055,27.969999313354492,27.020000457763672,27.700000762939453,1182400
2024-05-08,25.559999465942383,28.209999084472656,25.399999618530273,27.530000686645508,1760900
2024-05-09,25.290000915527344,26.30500030517578,25.100000381469727,26.0,1006900
2024-05-10,23.125,25.559999465942383,22.739999771118164,25.31999969482422,2257600
2024-05-13,23.020000457763672,23.975000381469727,22.520000457763672,23.399999618530273,1331300
2024-05-14,23.15999984741211,23.59000015258789,23.020000457763672,23.239999771118164,1343800
2024-05-15,23.8700008392334,23.920000076293945,22.450000762939453,23.420000076293945,1439100
2024-05-16,24.489999771118164,24.860000610351562,23.950000762939453,24.079999923706055,1227400
2024-05-17,23.799999237060547,24.969999313354492,23.739999771118164,24.459999084472656,1135700
2024-05-20,23.34000015258789,24.121000289916992,23.1299991607666,23.860000610351562,841800
2024-05-21,23.229999542236328,23.719999313354492,23.020000457763672,23.09000015258789,745200
2024-05-22,22.6299991607666,23.309999465942383,22.459999084472656,23.309999465942383,1133100
2024-05-23,22.280000686645508,23.510000228881836,22.170000076293945,23.25,810000
2024-05-24,22.559999465942383,22.809999465942383,22.10099983215332,22.549999237060547,970400
2024-05-28,23.56999969482422,23.6299991607666,22.579999923706055,22.860000610351562,1143300
2024-05-29,22.6200008392334,23.25,22.40999984741211,22.81999969482422,1118700
2024-05-30,22.350000381469727,22.760000228881836,22.149999618530273,22.760000228881836,677500
2024-05-31,21.600000381469727,22.44099998474121,21.1200008392334,22.40999984741211,1128200
2024-06-03,21.280000686645508,22.040000915527344,20.84000015258789,22.0,1456900
2024-06-04,20.600000381469727,21.48900032043457,20.299999237060547,21.25,1444500
2024-06-05,22.959999084472656,23.165000915527344,21.229999542236328,21.3799991607666,1835200
2024-06-06,22.75,23.299999237060547,22.422000885009766,23.030000686645508,1139300
2024-06-07,22.40999984741211,22.68000030517578,21.860000610351562,22.68000030517578,893000
2024-06-10,23.270000457763672,23.690000534057617,21.770000457763672,22.010000228881836,1420400
2024-06-11,22.8799991607666,23.961000442504883,22.40999984741211,23.350000381469727,1150200
2024-06-12,24.559999465942383,25.020000457763672,23.6299991607666,23.6299991607666,1237800
2024-06-13,25.450000762939453,26.850000381469727,24.739999771118164,24.809999465942383,1762900
2024-06-14,23.540000915527344,24.959999084472656,23.34000015258789,24.899999618530273,1221100
2024-06-17,23.690000534057617,24.0,23.010000228881836,23.729999542236328,1323500
2024-06-18,24.09000015258789,24.674999237060547,23.360000610351562,23.68000030517578,1226600
2024-06-20,23.020000457763672,24.149999618530273,22.820999145507812,24.1200008392334,1214600
2024-06-21,22.719999313354492,22.979999542236328,21.579999923706055,22.799999237060547,1240600
2024-06-24,22.6299991607666,22.950000762939453,21.8799991607666,22.549999237060547,695800
2024-06-25,21.850000381469727,22.860000610351562,21.549999237060547,22.709999084472656,1111900
2024-06-26,21.8799991607666,22.15999984741211,21.549999237060547,21.760000228881836,743200
2024-06-27,22.3700008392334,22.6200008392334,21.329999923706055,21.8799991607666,758100
2024-06-28,23.059999465942383,23.850000381469727,22.6299991607666,22.75,2548800
2024-07-01,23.190000534057617,23.31999969482422,22.149999618530273,22.969999313354492,780300
2024-07-02,22.790000915527344,23.489999771118164,22.450000762939453,23.170000076293945,589800
2024-07-03,23.8700008392334,24.100000381469727,22.55500030517578,22.739999771118164,790200
2024-07-05,23.940000534057617,24.809999465942383,23.59000015258789,23.959999084472656,1021400
2024-07-08,23.540000915527344,25.329999923706055,23.40999984741211,24.3700008392334,1428200
2024-07-09,22.540000915527344,23.709999084472656,22.43000030517578,23.639999389648438,1626400
2024-07-10,23.8799991607666,23.93000030517578,23.0,23.1200008392334,1044500
2024-07-11,23.8700008392334,25.030000686645508,23.3799991607666,24.5,1168900
2024-07-12,24.489999771118164,24.860000610351562,23.950000762939453,24.06999969482422,957100
2024-07-15,25.520000457763672,25.72800064086914,24.59000015258789,24.899999618530273,1518700
2024-07-16,23.90999984741211,25.8799991607666,23.530000686645508,25.8799991607666,1805800
2024-07-17,22.31999969482422,23.770000457763672,22.270000457763672,23.260000228881836,1848100
2024-07-18,21.1299991607666,23.229999542236328,20.860000610351562,22.959999084472656,1991700
2024-07-19,20.110000610351562,21.233999252319336,20.030000686645508,21.040000915527344,1305900
2024-07-22,21.479999542236328,21.625,20.56999969482422,20.6299991607666,1539700
2024-07-23,21.0049991607666,21.329999923706055,20.760000228881836,21.040000915527344,918500
2024-07-24,19.31999969482422,20.760000228881836,19.280000686645508,20.760000228881836,1431100
2024-07-25,18.700000762939453,19.309999465942383,18.1200008392334,19.0,1800300
2024-07-26,18.739999771118164,19.670000076293945,18.579999923706055,19.610000610351562,1248300
2024-07-29,18.360000610351562,19.6200008392334,18.360000610351562,18.989999771118164,806100
2024-07-30,17.360000610351562,18.59000015258789,17.190000534057617,18.450000762939453,1445100
2024-07-31,17.950000762939453,18.43600082397461,17.75,18.200000762939453,1806900
2024-08-01,16.270000457763672,17.950000762939453,15.869999885559082,17.950000762939453,2218500
2024-08-02,15.640000343322754,16.020000457763672,15.0,15.550000190734863,2476600
2024-08-05,15.010000228881836,15.5,13.9399995803833,14.029999732971191,1546800
2024-08-06,15.125,15.380000114440918,14.630000114440918,15.329999923706055,1997600
2024-08-07,17.59000015258789,18.530000686645508,16.5,18.15999984741211,4659800
2024-08-08,19.489999771118164,19.700000762939453,18.049999237060547,18.049999237060547,2557100
2024-08-09,19.100000381469727,19.634000778198242,18.59000015258789,19.209999084472656,1646900
2024-08-12,18.889999389648438,19.219999313354492,18.31999969482422,19.09000015258789,1158400
2024-08-13,19.3799991607666,19.43000030517578,18.860000610351562,19.1299991607666,797200
2024-08-14,19.68000030517578,20.209999084472656,19.110000610351562,19.479999542236328,1283400
2024-08-15,20.309999465942383,20.389999389648438,19.614999771118164,19.829999923706055,1226800
2024-08-16,20.020000457763672,20.489999771118164,19.860000610351562,20.040000915527344,986700
2024-08-19,20.290000915527344,20.34000015258789,19.579999923706055,19.959999084472656,636900
2024-08-20,19.889999389648438,20.344999313354492,19.610000610351562,20.31999969482422,661100
2024-08-21,19.940000534057617,20.200000762939453,19.631000518798828,20.100000381469727,725400
2024-08-22,19.219999313354492,19.989999771118164,19.110000610351562,19.940000534057617,862300
2024-08-23,19.489999771118164,19.84000015258789,19.280000686645508,19.280000686645508,799600
2024-08-26,18.600000381469727,19.489999771118164,18.5,19.489999771118164,820400
2024-08-27,18.420000076293945,18.600000381469727,18.100000381469727,18.5,755400
2024-08-28,17.860000610351562,18.520000457763672,17.43400001525879,18.219999313354492,1052600
2024-08-29,17.780000686645508,18.309999465942383,17.700000762939453,18.229999542236328,828900
2024-08-30,18.040000915527344,18.299999237060547,17.809999465942383,18.200000762939453,774000
2024-09-03,16.704999923706055,17.649999618530273,16.600000381469727,17.600000381469727,1092500
2024-09-04,16.469999313354492,16.850000381469727,16.290000915527344,16.530000686645508,1322500
2024-09-05,16.530000686645508,16.860000610351562,16.170000076293945,16.56999969482422,871300
2024-09-06,15.649999618530273,16.420000076293945,15.595000267028809,16.329999923706055,1059800
2024-09-09,15.600000381469727,15.869999885559082,15.430000305175781,15.770000457763672,1130100
2024-09-10,15.869999885559082,15.930000305175781,15.40999984741211,15.729999542236328,929600
2024-09-11,16.639999389648438,16.68000030517578,15.520000457763672,15.979999542236328,785500
2024-09-12,16.260000228881836,16.649999618530273,15.949999809265137,16.56999969482422,1167800
2024-09-13,16.799999237060547,17.18000030517578,16.5,16.520000457763672,1015800
2024-09-16,16.3700008392334,16.649999618530273,16.139999389648438,16.549999237060547,633500
2024-09-17,16.780000686645508,16.979999542236328,16.513999938964844,16.700000762939453,578200
2024-09-18,16.530000686645508,17.184999465942383,16.3799991607666,16.780000686645508,889200
2024-09-19,17.475000381469727,17.56999969482422,16.95199966430664,17.350000381469727,962000
2024-09-20,17.040000915527344,17.374000549316406,16.8799991607666,17.239999771118164,767600
2024-09-23,17.06999969482422,17.209999084472656,16.73200035095215,17.139999389648438,630200
2024-09-24,18.200000762939453,18.299999237060547,17.1200008392334,17.719999313354492,1461700
2024-09-25,17.739999771118164,18.5,17.665000915527344,18.0,986800
2024-09-26,19.30500030517578,19.920000076293945,18.43000030517578,19.09000015258789,1886000
2024-09-27,19.489999771118164,19.739999771118164,19.010000228881836,19.389999389648438,871600
2024-09-30,20.299999237060547,21.290000915527344,19.760000228881836,19.84000015258789,2257700
2024-10-01,19.030000686645508,20.290000915527344,18.40999984741211,20.280000686645508,1929300
2024-10-02,19.110000610351562,20.239999771118164,19.020000457763672,19.969999313354492,1379500
2024-10-03,18.899999618530273,19.56999969482422,18.579999923706055,18.600000381469727,765200
2024-10-04,22.040000915527344,22.225000381469727,20.709999084472656,21.700000762939453,6074500
2024-10-07,23.594999313354492,26.31999969482422,22.989999771118164,23.360000610351562,6371200
2024-10-08,21.80500030517578,22.524999618530273,20.530000686645508,21.90999984741211,2770800
2024-10-09,22.06999969482422,22.280000686645508,21.43000030517578,21.700000762939453,1305200
2024-10-10,20.770000457763672,21.790000915527344,20.649999618530273,21.5,1513800
2024-10-11,21.31999969482422,21.600000381469727,20.341999053955078,20.360000610351562,1012000
2024-10-14,21.329999923706055,21.65999984741211,20.75,21.3700008392334,801300
2024-10-15,19.56999969482422,21.309999465942383,19.549999237060547,20.959999084472656,1620400
2024-10-16,19.459999084472656,19.905000686645508,19.367000579833984,19.799999237060547,855000
2024-10-17,19.0049991607666,19.530000686645508,18.450000762939453,19.520000457763672,1871900
2024-10-18,19.209999084472656,20.25,19.125,19.739999771118164,1533800
2024-10-21,19.149999618530273,19.43000030517578,18.989999771118164,19.149999618530273,738500
2024-10-22,19.43000030517578,20.049999237060547,18.9950008392334,19.049999237060547,840300
2024-10-23,19.079999923706055,19.690000534057617,18.860000610351562,19.239999771118164,1017200
2024-10-24,19.239999771118164,19.799999237060547,19.059999465942383,19.350000381469727,822100
2024-10-25,19.520000457763672,20.149999618530273,19.31999969482422,19.3700008392334,803900
2024-10-28,19.690000534057617,20.040000915527344,19.450000762939453,19.469999313354492,688800
2024-10-29,19.96500015258789,20.05500030517578,19.290000915527344,19.760000228881836,871100
2024-10-30,20.030000686645508,20.399999618530273,19.709999084472656,20.030000686645508,916500
2024-10-31,18.795000076293945,20.0,18.56999969482422,19.8799991607666,1397100
2024-11-01,18.549999237060547,19.260000228881836,18.510000228881836,18.90999984741211,1069400
2024-11-04,18.559999465942383,19.190000534057617,18.559999465942383,18.56999969482422,1224900
2024-11-05,18.18000030517578,19.09000015258789,18.110000610351562,18.6299991607666,1654500
2024-11-06,18.950000762939453,19.020000457763672,17.920000076293945,18.18000030517578,2053300
2024-11-07,20.600000381469727,22.1200008392334,19.700000762939453,21.290000915527344,2702200
2024-11-08,19.219999313354492,20.37299919128418,18.850000381469727,20.0,1786200
2024-11-11,19.09000015258789,19.68000030517578,18.690000534057617,19.299999237060547,1420800
2024-11-12,18.670000076293945,19.1200008392334,18.360000610351562,19.030000686645508,1240700
2024-11-13,18.59000015258789,18.920000076293945,18.479999542236328,18.610000610351562,985900
2024-11-14,18.729999542236328,18.989999771118164,18.479999542236328,18.889999389648438,850200
2024-11-15,18.329999923706055,18.6200008392334,18.114999771118164,18.389999389648438,967400
2024-11-18,18.450000762939453,18.924999237060547,18.34000015258789,18.350000381469727,715600
2024-11-19,18.399999618530273,18.600000381469727,18.209999084472656,18.420000076293945,498700
2024-11-20,18.68000030517578,18.797000885009766,18.209999084472656,18.239999771118164,586000
2024-11-21,19.18000030517578,19.610000610351562,18.59000015258789,18.739999771118164,916000
2024-11-22,18.790000915527344,19.30500030517578,18.780000686645508,19.040000915527344,998600
2024-11-25,18.440000534057617,19.149999618530273,18.399999618530273,19.079999923706055,981400
2024-11-26,17.3700008392334,18.440000534057617,17.1200008392334,18.3799991607666,1879500
2024-11-27,17.270000457763672,17.68899917602539,16.93000030517578,17.600000381469727,1266800
2024-11-29,17.190000534057617,17.670000076293945,17.1200008392334,17.34000015258789,985000
2024-12-02,15.65999984741211,17.239999771118164,15.449999809265137,16.75,4610700
2024-12-03,16.200000762939453,16.280000686645508,15.710000038146973,15.760000228881836,2377000
2024-12-04,16.56999969482422,16.84000015258789,16.079999923706055,16.350000381469727,2094500
2024-12-05,14.100000381469727,16.56999969482422,13.869999885559082,16.5,6070700
2024-12-06,14.890000343322754,15.09000015258789,14.220000267028809,14.359999656677246,2206400
2024-12-09,16.020000457763672,16.450000762939453,15.40999984741211,15.430000305175781,2236400
2024-12-10,15.779999732971191,16.020000457763672,15.329999923706055,15.779999732971191,1841500
2024-12-11,15.600000381469727,16.100000381469727,15.494999885559082,15.920000076293945,1228300
2024-12-12,15.260000228881836,15.600000381469727,15.199999809265137,15.350000381469727,860900
2024-12-13,15.59000015258789,15.619999885559082,15.180000305175781,15.399999618530273,1471600
2024-12-16,15.239999771118164,15.630000114440918,15.210000038146973,15.619999885559082,781000
2024-12-17,15.300000190734863,15.510000228881836,15.064000129699707,15.369999885559082,836800
2024-12-18,15.15999984741211,16.190000534057617,14.899999618530273,15.470000267028809,1445300
2024-12-19,15.210000038146973,15.890000343322754,15.130000114440918,15.699999809265137,1500800
2024-12-20,14.90999984741211,15.180000305175781,14.710000038146973,14.890000343322754,1199900
2024-12-23,15.289999961853027,15.300000190734863,14.970000267028809,15.0600004196167,606100
2024-12-24,15.380000114440918,15.489999771118164,15.199999809265137,15.3100004196167,363500
2024-12-26,15.65999984741211,15.6899995803833,15.100000381469727,15.300000190734863,747500
2024-12-27,15.199999809265137,15.600000381469727,15.0600004196167,15.5600004196167,903800
2024-12-30,15.069999694824219,15.140000343322754,14.647000312805176,15.029999732971191,1034100
2024-12-31,15.100000381469727,15.274999618530273,14.930000305175781,15.15999984741211,1117500
2025-01-02,15.569999694824219,15.770000457763672,15.180000305175781,15.210000038146973,986600
2025-01-03,15.5,16.125999450683594,15.380000114440918,15.800000190734863,1142900
2025-01-06,15.869999885559082,16.5,15.8149995803833,16.149999618530273,1202900
2025-01-07,16.149999618530273,16.329999923706055,15.789999961853027,15.989999771118164,899500
2025-01-08,15.40999984741211,16.0049991607666,15.319999694824219,15.859999656677246,790800
2025-01-10,15.619999885559082,15.760000228881836,15.239999771118164,15.460000038146973,1191700
2025-01-13,15.489999771118164,15.529999732971191,14.970000267028809,15.1899995803833,710500
2025-01-14,17.860000610351562,17.989999771118164,16.440000534057617,16.5,2961300
2025-01-15,17.889999389648438,18.489999771118164,17.790000915527344,18.389999389648438,1847500
2025-01-16,17.68000030517578,18.3700008392334,17.040000915527344,18.075000762939453,1220700
2025-01-17,17.639999389648438,18.100000381469727,17.579999923706055,18.0,675600
2025-01-21,18.59000015258789,18.81999969482422,17.290000915527344,17.709999084472656,1252900
2025-01-22,18.690000534057617,19.3799991607666,18.56999969482422,18.639999389648438,978800
2025-01-23,18.420000076293945,18.559999465942383,18.18000030517578,18.270000457763672,672000
2025-01-24,18.600000381469727,18.799999237060547,18.229999542236328,18.5,736400
2025-01-27,17.219999313354492,18.0,16.81999969482422,17.899999618530273,1370200
2025-01-28,16.899999618530273,17.3700008392334,16.80500030517578,17.260000228881836,1167500
2025-01-29,17.479999542236328,17.600000381469727,16.959999084472656,17.3700008392334,559700
2025-01-30,20.540000915527344,21.138999938964844,19.0,19.530000686645508,4648700
2025-01-31,20.549999237060547,21.729999542236328,20.510000228881836,20.649999618530273,2520200
2025-02-03,19.920000076293945,20.489999771118164,19.700000762939453,19.8700008392334,1371000
2025-02-04,20.700000762939453,21.059999465942383,19.959999084472656,20.0,1201300
2025-02-05,20.850000381469727,21.139999389648438,20.450000762939453,20.510000228881836,1092000
2025-02-06,23.010000228881836,23.25,20.90999984741211,20.90999984741211,2898300
2025-02-07,22.760000228881836,22.84000015258789,22.030000686645508,22.799999237060547,1690000
2025-02-10,23.360000610351562,23.510000228881836,22.729999542236328,22.889999389648438,1544400
2025-02-11,23.049999237060547,23.270000457763672,22.739999771118164,22.950000762939453,987500
2025-02-12,22.90999984741211,23.030000686645508,22.350000381469727,22.579999923706055,1169500
2025-02-13,23.200000762939453,23.476999282836914,22.670000076293945,22.959999084472656,973800
2025-02-14,23.780000686645508,23.940000534057617,23.104999542236328,23.239999771118164,1059100
2025-02-18,24.079999923706055,24.440000534057617,23.190000534057617,24.0,1322200
2025-02-19,26.440000534057617,27.43000030517578,23.950000762939453,24.0,3367300
2025-02-20,26.799999237060547,27.989999771118164,26.399999618530273,26.989999771118164,1966400
2025-02-21,26.040000915527344,27.600000381469727,25.649999618530273,27.450000762939453,1690900
2025-02-24,23.489999771118164,26.040000915527344,23.450000762939453,26.0,2266100
2025-02-25,22.940000534057617,23.5,22.290000915527344,23.469999313354492,1699900
2025-02-26,27.690000534057617,28.639999389648438,26.549999237060547,27.670000076293945,5943700
2025-02-27,26.100000381469727,28.520000457763672,26.059999465942383,28.06999969482422,2739500
2025-02-28,25.940000534057617,26.950000762939453,25.200000762939453,25.65999984741211,1792500
2025-03-03,24.309999465942383,26.315000534057617,23.959999084472656,26.149999618530273,1853300
2025-03-04,25.540000915527344,26.209999084472656,23.899999618530273,24.0,3505900
2025-03-05,26.65999984741211,26.979999542236328,25.8799991607666,26.049999237060547,2031800
2025-03-06,26.459999084472656,27.239999771118164,25.52400016784668,26.43000030517578,1520700
2025-03-07,27.079999923706055,27.239999771118164,25.639999389648438,26.25,1576300
2025-03-10,26.059999465942383,26.979999542236328,25.459999084472656,26.389999389648438,1749800
2025-03-11,27.020000457763672,27.739999771118164,26.25,26.549999237060547,1946100
2025-03-12,27.5,28.06999969482422,27.020000457763672,27.65999984741211,1417400
2025-03-13,27.440000534057617,27.75,26.579999923706055,27.100000381469727,1130900
2025-03-14,29.18000030517578,29.989999771118164,28.0,28.06999969482422,2362300
2025-03-17,29.979999542236328,30.639999389648438,28.889999389648438,29.1200008392334,2212700
2025-03-18,29.799999237060547,30.059999465942383,29.209999084472656,29.93000030517578,1055200
2025-03-19,29.219999313354492,29.916000366210938,29.030000686645508,29.780000686645508,900100
2025-03-20,27.5,29.18000030517578,27.079999923706055,28.440000534057617,2317300
2025-03-21,26.8700008392334,27.239999771118164,26.6200008392334,26.979999542236328,1493400
2025-03-24,27.739999771118164,27.850000381469727,27.06999969482422,27.399999618530273,1105800
2025-03-25,28.55500030517578,29.040000915527344,27.809999465942383,27.850000381469727,1116700
2025-03-26,27.809999465942383,29.0,27.3799991607666,28.520000457763672,942600
2025-03-27,26.920000076293945,28.6299991607666,26.899999618530273,27.5,1410100
2025-03-28,24.610000610351562,26.579999923706055,24.26099967956543,26.549999237060547,1568400
2025-03-31,23.34000015258789,23.799999237060547,22.799999237060547,23.719999313354492,2405900
2025-04-01,23.950000762939453,24.030000686645508,22.850000381469727,23.229999542236328,1491100
2025-04-02,23.389999389648438,23.790000915527344,22.889999389648438,23.399999618530273,1471300
2025-04-03,22.350000381469727,22.469999313354492,20.969999313354492,21.78499984741211,3119100
2025-04-04,20.299999237060547,21.825000762939453,19.450000762939453,21.020000457763672,2158400
2025-04-07,19.149999618530273,21.985000610351562,18.649999618530273,19.15999984741211,3017000
2025-04-08,18.329999923706055,20.274999618530273,18.0,20.149999618530273,2395000
2025-04-09,20.139999389648438,20.8799991607666,16.81999969482422,18.610000610351562,4482000
2025-04-10,18.420000076293945,19.3700008392334,18.079999923706055,19.200000762939453,1825100
2025-04-11,19.229999542236328,19.5,18.040000915527344,18.530000686645508,1813400
2025-04-14,20.15999984741211,20.5,19.621999740600586,20.045000076293945,1860000
2025-04-15,20.5,20.860000610351562,20.09000015258789,20.139999389648438,1125600
2025-04-16,19.729999542236328,20.100000381469727,19.229999542236328,19.649999618530273,1253300
2025-04-17,19.360000610351562,19.969999313354492,19.190000534057617,19.969999313354492,1252500
2025-04-21,18.399999618530273,19.075000762939453,18.049999237060547,18.860000610351562,1043200
2025-04-22,18.450000762939453,18.93000030517578,18.350000381469727,18.59000015258789,1000400
2025-04-23,19.729999542236328,22.190000534057617,19.700000762939453,19.920000076293945,2101000
2025-04-24,20.8799991607666,21.299999237060547,20.0,20.235000610351562,1525700
2025-04-25,21.229999542236328,21.549999237060547,20.520000457763672,20.59000015258789,1073300
2025-04-28,20.799999237060547,21.655000686645508,20.329999923706055,21.270000457763672,1643100
2025-04-29,18.520000457763672,19.75,17.315000534057617,19.440000534057617,4044100
2025-04-30,19.469999313354492,19.6200008392334,17.850000381469727,17.850000381469727,2412400
2025-05-01,18.59000015258789,19.799999237060547,18.479999542236328,19.780000686645508,1717700
2025-05-02,19.93000030517578,20.09000015258789,19.09000015258789,19.15999984741211,1334600
2025-05-05,19.709999084472656,20.229999542236328,19.530000686645508,19.68000030517578,1138600
2025-05-06,19.579999923706055,19.656999588012695,19.100000381469727,19.170000076293945,1031800
2025-05-07,20.030000686645508,20.1299991607666,19.256999969482422,19.549999237060547,1305500
2025-05-08,22.43000030517578,22.915000915527344,19.760000228881836,19.959999084472656,2426700
2025-05-09,22.190000534057617,23.479999542236328,21.933000564575195,22.43000030517578,1572100
2025-05-12,24.6200008392334,24.780000686645508,23.934999465942383,24.079999923706055,1724600
2025-05-13,25.139999389648438,25.200000762939453,24.56999969482422,24.610000610351562,1117600
2025-05-14,25.149999618530273,25.604999542236328,24.940000534057617,25.360000610351562,1455500
2025-05-15,24.329999923706055,24.850000381469727,23.649999618530273,24.489999771118164,1149300
2025-05-16,23.729999542236328,24.3700008392334,23.420000076293945,24.209999084472656,1087200
2025-05-19,23.350000381469727,23.375,22.530000686645508,22.860000610351562,1166200
2025-05-20,24.280000686645508,24.40999984741211,23.260000228881836,23.299999237060547,1039700
2025-05-21,23.030000686645508,24.100000381469727,22.910999298095703,23.989999771118164,1254700
2025-05-22,22.540000915527344,23.200000762939453,22.399999618530273,22.860000610351562,865500
2025-05-23,22.40999984741211,22.649999618530273,21.989999771118164,22.0,634100
2025-05-27,23.290000915527344,23.6299991607666,22.950000762939453,23.18000030517578,926100
2025-05-28,22.709999084472656,23.31999969482422,22.674999237060547,23.25,602500
2025-05-29,22.989999771118164,23.6299991607666,22.549999237060547,23.399999618530273,795400
2025-05-30,22.549999237060547,22.829999923706055,21.87299919128418,22.825000762939453,828100
2025-06-02,22.75,22.889999389648438,22.229999542236328,22.43000030517578,635300
2025-06-03,23.350000381469727,23.375,22.610000610351562,22.969999313354492,720500
2025-06-04,23.100000381469727,23.667999267578125,22.875,23.530000686645508,1054900
2025-06-05,23.610000610351562,23.8799991607666,23.049999237060547,23.149999618530273,1009600
2025-06-06,24.700000762939453,25.04199981689453,23.670000076293945,23.760000228881836,1559000
2025-06-09,25.020000457763672,25.599000930786133,24.868999481201172,25.149999618530273,1132500
2025-06-10,25.3799991607666,25.79800033569336,24.969999313354492,25.329999923706055,915300
2025-06-11,25.850000381469727,26.90999984741211,25.364999771118164,25.850000381469727,885500
2025-06-12,25.725000381469727,25.950000762939453,25.530000686645508,25.530000686645508,581700
2025-06-13,24.3700008392334,25.100000381469727,24.239999771118164,24.84000015258789,840300
2025-06-16,25.420000076293945,25.639999389648438,24.634000778198242,24.799999237060547,479100
2025-06-17,25.200000762939453,25.530000686645508,24.799999237060547,25.049999237060547,659600
2025-06-18,25.190000534057617,25.770000457763672,24.950000762939453,25.09000015258789,891100
2025-06-20,24.420000076293945,25.59000015258789,24.270000457763672,25.549999237060547,768300
2025-06-23,24.68000030517578,24.81999969482422,23.809999465942383,24.239999771118164,762800
2025-06-24,26.174999237060547,26.190000534057617,25.06999969482422,25.200000762939453,680200
2025-06-25,26.049999237060547,26.549999237060547,25.809999465942383,26.18000030517578,481000
2025-06-26,26.510000228881836,26.639999389648438,26.20800018310547,26.40999984741211,512600
2025-06-27,25.780000686645508,26.650999069213867,25.420000076293945,26.459999084472656,1506600
2025-06-30,25.899999618530273,26.3700008392334,25.829999923706055,26.020000457763672,1164800
2025-07-01,26.549999237060547,27.072999954223633,25.309999465942383,26.100000381469727,792900
2025-07-02,27.549999237060547,27.860000610351562,26.229999542236328,26.440000534057617,932300
2025-07-03,27.809999465942383,27.829999923706055,27.261999130249023,27.649999618530273,366800
2025-07-07,27.979999542236328,28.280000686645508,27.020000457763672,27.3799991607666,931600
2025-07-08,28.530000686645508,29.270000457763672,28.010000228881836,28.3799991607666,1062800
2025-07-09,29.110000610351562,29.309999465942383,28.610000610351562,28.729999542236328,795400
2025-07-10,29.190000534057617,29.510000228881836,28.579999923706055,29.350000381469727,705400
2025-07-11,28.559999465942383,29.149999618530273,28.520000457763672,28.81999969482422,718300
2025-07-14,28.93000030517578,29.059999465942383,27.829999923706055,28.610000610351562,631200
2025-07-15,29.459999084472656,30.368999481201172,29.260000228881836,29.5,855900
2025-07-16,29.65999984741211,29.84000015258789,28.549999237060547,29.1299991607666,713100
2025-07-17,30.200000762939453,30.482999801635742,29.25,29.760000228881836,682800
2025-07-18,30.079999923706055,30.579999923706055,30.049999237060547,30.149999618530273,933400
2025-07-21,30.399999618530273,30.729999542236328,29.829999923706055,30.100000381469727,839700
2025-07-22,29.600000381469727,30.100000381469727,29.0,30.100000381469727,1647200
2025-07-23,30.190000534057617,30.540000915527344,29.469999313354492,29.649999618530273,728200
2025-07-24,29.799999237060547,30.389999389648438,29.700000762939453,30.260000228881836,528200
2025-07-25,29.93000030517578,29.969999313354492,29.1200008392334,29.799999237060547,725700
2025-07-28,31.979999542236328,32.0,30.290000915527344,30.309999465942383,1681100
2025-07-29,31.68000030517578,32.5,31.06999969482422,32.0,1008100
2025-07-30,32.060001373291016,32.540000915527344,31.600000381469727,31.954999923706055,1010100
2025-07-31,30.360000610351562,31.989999771118164,30.118000030517578,31.950000762939453,1059300
2025-08-01,29.479999542236328,29.84000015258789,28.420000076293945,29.454999923706055,1090300
2025-08-04,30.739999771118164,30.75,29.729999542236328,29.950000762939453,849800
2025-08-05,29.649999618530273,31.235000610351562,29.344999313354492,31.0,1415500
2025-08-06,25.100000381469727,25.770000457763672,23.030000686645508,25.149999618530273,4676700
2025-08-07,24.270000457763672,25.885000228881836,24.06399917602539,25.850000381469727,1862600
2025-08-08,23.940000534057617,24.31999969482422,23.59000015258789,24.229999542236328,1511600
2025-08-11,23.920000076293945,25.187999725341797,23.8700008392334,24.459999084472656,1064700
2025-08-12,24.93000030517578,25.06999969482422,24.100000381469727,24.100000381469727,1122600
2025-08-13,25.459999084472656,25.920000076293945,25.075000762939453,25.700000762939453,1086300
2025-08-14,25.479999542236328,25.65999984741211,24.992000579833984,25.399999618530273,892300
2025-08-15,25.020000457763672,25.479999542236328,24.3799991607666,25.479999542236328,1361100
2025-08-18,25.15999984741211,25.2549991607666,24.684999465942383,24.920000076293945,821100
2025-08-19,25.06999969482422,25.593000411987305,24.594999313354492,25.15999984741211,778600
2025-08-20,25.15999984741211,25.209999084472656,24.139999389648438,25.0,816000
2025-08-21,25.610000610351562,25.799999237060547,24.93000030517578,24.93000030517578,1196600
2025-08-22,30.530000686645508,31.850000381469727,28.399999618530273,28.399999618530273,5775100
2025-08-25,28.799999237060547,32.290000915527344,28.68000030517578,31.739999771118164,2510000
2025-08-26,29.90999984741211,29.989999771118164,29.100000381469727,29.549999237060547,1261900
2025-08-27,28.579999923706055,29.34000015258789,27.475000381469727,29.190000534057617,1725900
2025-08-28,29.290000915527344,29.489999771118164,28.110000610351562,28.989999771118164,1432500
2025-08-29,28.219999313354492,29.469999313354492,28.049999237060547,29.34000015258789,1177500
2025-09-02,27.579999923706055,27.979999542236328,26.700000762939453,27.360000610351562,1199300
2025-09-03,26.829999923706055,27.5,26.229999542236328,27.290000915527344,2350200
2025-09-04,26.979999542236328,27.020000457763672,26.100000381469727,26.40999984741211,1101400
2025-09-05,27.40999984741211,27.56999969482422,26.534000396728516,27.389999389648438,1350600
2025-09-08,26.969999313354492,27.908000946044922,26.84000015258789,27.809999465942383,1200300
2025-09-09,27.90999984741211,27.975000381469727,26.440000534057617,26.889999389648438,1318600
2025-09-10,28.059999465942383,28.760000228881836,27.700000762939453,28.06999969482422,790800
2025-09-11,30.100000381469727,30.3700008392334,28.469999313354492,28.489999771118164,1282900
2025-09-12,29.860000610351562,30.579999923706055,29.625,30.040000915527344,1616100
2025-09-15,29.829999923706055,30.08799934387207,29.469999313354492,29.940000534057617,944800
2025-09-16,30.940000534057617,31.25,29.959999084472656,30.020000457763672,1499800
2025-09-17,33.7599983215332,33.880001068115234,31.42300033569336,31.5,3878400
2025-09-18,36.09000015258789,36.16999816894531,34.09000015258789,34.52000045776367,3399800
2025-09-19,35.88999938964844,36.29899978637695,34.92300033569336,35.75,1789400
2025-09-22,36.68000030517578,37.27000045776367,35.869998931884766,36.0,2322800
2025-09-23,38.9900016784668,39.849998474121094,38.52000045776367,38.79999923706055,4592900
2025-09-24,38.689998626708984,40.099998474121094,38.380001068115234,39.0,3447800
2025-09-25,37.959999084472656,38.220001220703125,36.810001373291016,37.5,10585600
2025-09-26,37.77000045776367,38.040000915527344,36.849998474121094,37.0,1654700
2025-09-29,38.63999938964844,39.83000183105469,38.25,39.5,1958800
2025-09-30,39.130001068115234,39.599998474121094,38.400001525878906,38.63999938964844,1577700
2025-10-01,43.779998779296875,44.290000915527344,38.5,38.63999938964844,2392200
2025-10-02,43.31999969482422,45.119998931884766,43.209999084472656,45.0,1909100
2025-10-03,41.560001373291016,43.42300033569336,41.17100143432617,43.31999969482422,1989800
2025-10-06,41.779998779296875,43.5,41.70000076293945,42.09000015258789,1199300
2025-10-07,40.459999084472656,42.18000030517578,39.939998626708984,41.79999923706055,1311000
2025-10-08,41.9900016784668,42.0,40.4900016784668,40.5,851800
2025-10-09,41.06999969482422,42.0,40.7599983215332,42.0,762100
2025-10-10,36.59000015258789,41.18000030517578,36.400001525878906,41.150001525878906,2379300
2025-10-13,38.625,39.529998779296875,38.138999938964844,39.060001373291016,969900
2025-10-14,38.11000061035156,39.060001373291016,36.7599983215332,36.79999923706055,970500
2025-10-15,39.31999969482422,39.36000061035156,37.435001373291016,38.56999969482422,1187500
2025-10-16,39.68000030517578,40.43000030517578,38.91999816894531,39.97999954223633,1377800
2025-10-17,38.06999969482422,39.439998626708984,37.2400016784668,38.560001373291016,1117600
2025-10-20,39.790000915527344,40.02000045776367,38.41999816894531,38.459999084472656,1033600
2025-10-21,38.93000030517578,39.63999938964844,38.38999938964844,39.36000061035156,697400
2025-10-22,37.630001068115234,38.83700180053711,36.81999969482422,38.2599983215332,751800
2025-10-23,40.25,40.619998931884766,37.11000061035156,37.38999938964844,869100
2025-10-24,41.720001220703125,42.16999816894531,40.62200164794922,41.13999938964844,988600
2025-10-27,42.43000030517578,43.17100143432617,41.959999084472656,43.0099983215332,950100
2025-10-28,40.470001220703125,41.9900016784668,40.38999938964844,41.9900016784668,670300
2025-10-29,42.18000030517578,42.91999816894531,41.06999969482422,41.5099983215332,1240600
2025-10-30,41.220001220703125,42.29999923706055,40.130001068115234,41.66999816894531,772700
2025-10-31,41.459999084472656,42.0,40.630001068115234,41.40999984741211,567200
2025-11-03,41.369998931884766,42.0,40.5629997253418,41.86000061035156,893900
2025-11-04,38.900001525878906,40.334999084472656,38.15999984741211,39.790000915527344,1464600
2025-11-05,31.139999389648438,33.34000015258789,30.5,30.799999237060547,4860700
2025-11-06,30.920000076293945,32.595001220703125,30.760000228881836,31.260000228881836,1978800
2025-11-07,31.100000381469727,31.200000762939453,29.579999923706055,30.170000076293945,1450300
2025-11-10,32.95000076293945,33.68000030517578,31.440000534057617,32.084999084472656,2316400
2025-11-11,32.63999938964844,32.720001220703125,30.959999084472656,32.040000915527344,1713800
2025-11-12,33.810001373291016,33.939998626708984,32.5,32.939998626708984,1918200
2025-11-13,32.63999938964844,34.35499954223633,32.27000045776367,33.810001373291016,2132000
2025-11-14,31.510000228881836,32.40999984741211,30.549999237060547,30.649999618530273,855100
2025-11-17,31.469999313354492,32.68899917602539,31.110000610351562,31.510000228881836,789900
2025-11-18,30.770000457763672,31.389999389648438,29.799999237060547,30.899999618530273,905700
2025-11-19,31.5,32.06999969482422,30.799999237060547,31.079999923706055,693000
2025-11-20,29.670000076293945,32.775001525878906,29.40999984741211,32.0099983215332,841300
2025-11-21,30.030000686645508,30.46500015258789,28.459999084472656,29.3700008392334,1498700
2025-11-24,32.0099983215332,32.40999984741211,30.020000457763672,30.329999923706055,909300
2025-11-25,33.099998474121094,33.349998474121094,31.239999771118164,32.63999938964844,1347100
2025-11-26,32.869998931884766,33.619998931884766,32.5,33.0,999800
2025-11-28,33.40999984741211,33.470001220703125,32.630001068115234,33.02000045776367,531100
2025-12-01,33.310001373291016,33.900001525878906,32.834999084472656,32.95000076293945,898700
2025-12-02,32.869998931884766,33.7400016784668,32.720001220703125,33.310001373291016,2104900
2025-12-03,33.939998626708984,33.97999954223633,32.20000076293945,32.959999084472656,986200
2025-12-04,34.619998931884766,34.95000076293945,32.90999984741211,33.849998474121094,850800
2025-12-05,35.099998474121094,35.310001373291016,34.68000030517578,34.68000030517578,601200
2025-12-08,36.540000915527344,37.849998474121094,35.45000076293945,35.45000076293945,1653100
2025-12-09,37.040000915527344,37.47999954223633,36.15299987792969,36.290000915527344,978900
2025-12-10,39.47999954223633,39.775001525878906,36.65999984741211,37.209999084472656,1299500
2025-12-11,39.9900016784668,40.0,37.459999084472656,38.75,1081700
2025-12-12,38.83000183105469,41.470001220703125,37.84700012207031,41.459999084472656,1632400
2025-12-15,37.72999954223633,39.5,37.33000183105469,39.150001525878906,1461900
2025-12-16,37.13999938964844,37.86000061035156,36.75,37.279998779296875,879800
2025-12-17,37.36000061035156,39.13999938964844,37.13999938964844,37.9900016784668,1751200
2025-12-18,37.810001373291016,39.45000076293945,37.56999969482422,38.5099983215332,1170600
2025-12-19,39.77000045776367,40.709999084472656,38.06999969482422,38.22999954223633,2058900
2025-12-22,40.810001373291016,41.91999816894531,40.0,40.54999923706055,1413200
2025-12-23,39.880001068115234,40.810001373291016,39.279998779296875,40.349998474121094,886900
2025-12-24,40.099998474121094,40.970001220703125,39.79499816894531,40.20000076293945,514500
2025-12-26,40.619998931884766,40.9900016784668,40.0,40.31999969482422,919600
2025-12-29,39.970001220703125,40.58000183105469,39.5099983215332,40.0,593400
2025-12-30,40.20000076293945,43.779998779296875,39.95199966430664,41.529998779296875,1518900
2025-12-31,39.45000076293945,40.69499969482422,39.28799819946289,40.65999984741211,1261300
