Date,close,high,low,open,volume
1989-01-03,1.5464738607406616,1.5464738607406614,1.5464738607406614,1.5464738607406614,0
1989-01-04,1.5464738607406616,1.637442777118418,1.5464738607406614,1.5464738607406614,2631
1989-01-05,1.5464738607406616,1.5464738607406614,1.5464738607406614,1.5464738607406614,0
1989-01-06,1.5464738607406616,1.5464738607406614,1.5464738607406614,1.5464738607406614,0
1989-01-09,1.5464738607406616,1.5464738607406614,1.5464738607406614,1.5464738607406614,0
1989-01-10,1.5464738607406616,1.637442777118418,1.5464738607406614,1.5464738607406614,877
1989-01-11,1.5464738607406616,1.5464738607406614,1.5464738607406614,1.5464738607406614,0
1989-01-12,1.5464738607406616,1.5464738607406614,1.5464738607406614,1.5464738607406614,0
1989-01-13,1.5464738607406616,1.5464738607406614,1.5464738607406614,1.5464738607406614,0
1989-01-16,1.5464738607406616,1.5464738607406614,1.5464738607406614,1.5464738607406614,0
1989-01-17,1.5464738607406616,1.5464738607406614,1.5464738607406614,1.5464738607406614,0
1989-01-18,1.5464738607406616,1.637442777118418,1.5464738607406614,1.5464738607406614,1754
1989-01-19,1.5464738607406616,1.637442777118418,1.5464738607406614,1.5464738607406614,0
1989-01-20,1.5464738607406616,1.5464738607406614,1.5464738607406614,1.5464738607406614,0
1989-01-23,1.576797366142273,1.637443287013927,1.576797366142273,1.576797366142273,4385
1989-01-24,1.576797366142273,1.576797366142273,1.576797366142273,1.576797366142273,0
1989-01-25,1.576797366142273,1.576797366142273,1.576797366142273,1.576797366142273,0
1989-01-26,1.576797366142273,1.576797366142273,1.576797366142273,1.576797366142273,0
1989-01-27,1.576797366142273,1.637443287013927,1.576797366142273,1.576797366142273,438
1989-01-30,1.576797366142273,1.637443287013927,1.576797366142273,1.576797366142273,438
1989-01-31,1.576797366142273,1.576797366142273,1.576797366142273,1.576797366142273,0
1989-02-01,1.576797366142273,1.576797366142273,1.576797366142273,1.576797366142273,0
1989-02-02,1.576797366142273,1.576797366142273,1.576797366142273,1.576797366142273,0
1989-02-03,1.576797366142273,1.637443287013927,1.576797366142273,1.576797366142273,0
1989-02-06,1.576797366142273,1.576797366142273,1.576797366142273,1.576797366142273,0
1989-02-07,1.576797366142273,1.576797366142273,1.576797366142273,1.576797366142273,0
1989-02-08,1.576797366142273,1.576797366142273,1.576797366142273,1.576797366142273,0
1989-02-09,1.576797366142273,1.576797366142273,1.576797366142273,1.576797366142273,0
1989-02-10,1.576797366142273,1.576797366142273,1.576797366142273,1.576797366142273,0
1989-02-13,1.576797366142273,1.576797366142273,1.576797366142273,1.576797366142273,0
1989-02-14,1.576797366142273,1.576797366142273,1.576797366142273,1.576797366142273,0
1989-02-15,1.576797366142273,1.576797366142273,1.576797366142273,1.576797366142273,0
1989-02-16,1.576797366142273,1.637443287013927,1.576797366142273,1.576797366142273,3946
1989-02-17,1.576797366142273,1.637443287013927,1.576797366142273,1.576797366142273,12277
1989-02-21,1.576797366142273,1.637443287013927,1.576797366142273,1.576797366142273,13154
1989-02-22,1.576797366142273,1.637443287013927,1.576797366142273,1.576797366142273,2631
1989-02-23,1.576797366142273,1.637443287013927,1.576797366142273,1.576797366142273,91638
1989-02-24,1.576797366142273,1.576797366142273,1.576797366142273,1.576797366142273,0
1989-02-27,1.576797366142273,1.637443287013927,1.576797366142273,1.576797366142273,438
1989-02-28,1.576797366142273,1.576797366142273,1.576797366142273,1.576797366142273,0
1989-03-01,1.576797366142273,1.576797366142273,1.576797366142273,1.576797366142273,0
1989-03-02,1.576797366142273,1.576797366142273,1.576797366142273,1.576797366142273,0
1989-03-03,1.576797366142273,1.637443287013927,1.576797366142273,1.576797366142273,0
1989-03-06,1.576797366142273,1.637443287013927,1.576797366142273,1.576797366142273,4385
1989-03-07,1.576797366142273,1.576797366142273,1.576797366142273,1.576797366142273,0
1989-03-08,1.576797366142273,1.576797366142273,1.576797366142273,1.576797366142273,0
1989-03-09,1.576797366142273,1.637443287013927,1.576797366142273,1.576797366142273,1315
1989-03-10,1.576797366142273,1.576797366142273,1.576797366142273,1.576797366142273,0
1989-03-13,1.576797366142273,1.576797366142273,1.576797366142273,1.576797366142273,0
1989-03-14,1.576797366142273,1.576797366142273,1.576797366142273,1.576797366142273,0
1989-03-15,1.576797366142273,1.576797366142273,1.576797366142273,1.576797366142273,0
1989-03-16,1.576797366142273,1.576797366142273,1.576797366142273,1.576797366142273,0
1989-03-17,1.5908699035644531,1.6520570747002783,1.5908699035644531,1.5908699035644531,21485
1989-03-20,1.5908699035644531,1.5908699035644531,1.5908699035644531,1.5908699035644531,0
1989-03-21,1.5908699035644531,1.5908699035644531,1.5908699035644531,1.5908699035644531,0
1989-03-22,1.5908699035644531,1.5908699035644531,1.5908699035644531,1.5908699035644531,0
1989-03-23,1.5908699035644531,1.5908699035644531,1.5908699035644531,1.5908699035644531,0
1989-03-27,1.5908699035644531,1.5908699035644531,1.5908699035644531,1.5908699035644531,0
1989-03-28,1.5908699035644531,1.5908699035644531,1.5908699035644531,1.5908699035644531,0
1989-03-29,1.5908699035644531,1.5908699035644531,1.5908699035644531,1.5908699035644531,0
1989-03-30,1.5908699035644531,1.5908699035644531,1.5908699035644531,1.5908699035644531,0
1989-03-31,1.5908699035644531,1.5908699035644531,1.5908699035644531,1.5908699035644531,0
1989-04-03,1.5908699035644531,1.5908699035644531,1.5908699035644531,1.5908699035644531,0
1989-04-04,1.5908699035644531,1.5908699035644531,1.5908699035644531,1.5908699035644531,0
1989-04-05,1.5908699035644531,1.5908699035644531,1.5908699035644531,1.5908699035644531,0
1989-04-06,1.5908699035644531,1.5908699035644531,1.5908699035644531,1.5908699035644531,0
1989-04-07,1.5908699035644531,1.5908699035644531,1.5908699035644531,1.5908699035644531,0
1989-04-10,1.5908699035644531,1.5908699035644531,1.5908699035644531,1.5908699035644531,0
1989-04-11,1.5908699035644531,1.5908699035644531,1.5908699035644531,1.5908699035644531,0
1989-04-12,1.5908699035644531,1.5908699035644531,1.5908699035644531,1.5908699035644531,0
1989-04-13,1.5908699035644531,1.6520570747002783,1.5908699035644531,1.5908699035644531,4823
1989-04-14,1.5908699035644531,1.6520570747002783,1.5908699035644531,1.5908699035644531,8769
1989-04-17,1.5908699035644531,1.6520570747002783,1.5908699035644531,1.5908699035644531,8769
1989-04-18,1.5908699035644531,1.6520570747002783,1.5908699035644531,1.5908699035644531,0
1989-04-19,1.5908699035644531,1.5908699035644531,1.5908699035644531,1.5908699035644531,0
1989-04-20,1.5908699035644531,1.5908699035644531,1.5908699035644531,1.5908699035644531,0
1989-04-21,1.5908699035644531,1.5908699035644531,1.5908699035644531,1.5908699035644531,0
1989-04-24,1.5908699035644531,1.5908699035644531,1.5908699035644531,1.5908699035644531,0
1989-04-25,1.5908699035644531,1.5908699035644531,1.5908699035644531,1.5908699035644531,0
1989-04-26,1.5908699035644531,1.6520570747002783,1.5908699035644531,1.5908699035644531,0
1989-04-27,1.5908699035644531,1.5908699035644531,1.5908699035644531,1.5908699035644531,0
1989-04-28,1.5908699035644531,1.6520570747002783,1.5908699035644531,1.5908699035644531,438
1989-05-01,1.5908699035644531,1.5908699035644531,1.5908699035644531,1.5908699035644531,0
1989-05-02,1.5908699035644531,1.6520570747002783,1.5908699035644531,1.5908699035644531,877
1989-05-03,1.5908699035644531,1.6520570747002783,1.5908699035644531,1.5908699035644531,2192
1989-05-04,1.5908699035644531,1.5908699035644531,1.5908699035644531,1.5908699035644531,0
1989-05-05,1.5908699035644531,1.5908699035644531,1.5908699035644531,1.5908699035644531,0
1989-05-08,1.5908699035644531,1.5908699035644531,1.5908699035644531,1.5908699035644531,0
1989-05-09,1.5908699035644531,1.6520570747002783,1.5908699035644531,1.5908699035644531,7015
1989-05-10,1.5908699035644531,1.6520570747002783,1.5908699035644531,1.5908699035644531,438
1989-05-11,1.5908699035644531,1.5908699035644531,1.5908699035644531,1.5908699035644531,0
1989-05-12,1.5908699035644531,1.6520570747002783,1.5908699035644531,1.5908699035644531,13154
1989-05-15,1.5908699035644531,1.6520570747002783,1.5908699035644531,1.5908699035644531,8769
1989-05-16,1.5908699035644531,1.5908699035644531,1.5908699035644531,1.5908699035644531,0
1989-05-17,1.5908699035644531,1.6520570747002783,1.5908699035644531,1.5908699035644531,52177
1989-05-18,1.5908699035644531,1.5908699035644531,1.5908699035644531,1.5908699035644531,0
1989-05-19,1.5908699035644531,1.5908699035644531,1.5908699035644531,1.5908699035644531,0
1989-05-22,1.5908699035644531,1.6520570747002783,1.5908699035644531,1.5908699035644531,14031
1989-05-23,1.5908699035644531,1.5908699035644531,1.5908699035644531,1.5908699035644531,0
1989-05-24,1.5908699035644531,1.5908699035644531,1.5908699035644531,1.5908699035644531,0
1989-05-25,1.5908699035644531,1.5908699035644531,1.5908699035644531,1.5908699035644531,0
1989-05-26,1.5908699035644531,1.6520570747002783,1.5908699035644531,1.5908699035644531,87692
1989-05-30,1.5908699035644531,1.5908699035644531,1.5908699035644531,1.5908699035644531,0
1989-05-31,1.5908699035644531,1.5908699035644531,1.5908699035644531,1.5908699035644531,0
1989-06-01,1.5908699035644531,1.5908699035644531,1.5908699035644531,1.5908699035644531,0
1989-06-02,1.5908699035644531,1.7132446296175476,1.5908699035644531,1.5908699035644531,877
1989-06-05,1.5908699035644531,1.7132446296175476,1.5908699035644531,1.5908699035644531,877
1989-06-06,1.5908699035644531,1.5908699035644531,1.5908699035644531,1.5908699035644531,0
1989-06-07,1.5908699035644531,1.5908699035644531,1.5908699035644531,1.5908699035644531,0
1989-06-08,1.5908699035644531,1.5908699035644531,1.5908699035644531,1.5908699035644531,0
1989-06-09,1.5908699035644531,1.7132446296175476,1.5908699035644531,1.5908699035644531,877
1989-06-12,1.5908699035644531,1.7132446296175476,1.5908699035644531,1.5908699035644531,877
1989-06-13,1.5908699035644531,1.7132446296175476,1.5908699035644531,1.5908699035644531,3069
1989-06-14,1.605068564414978,1.6050685644149778,1.6050685644149778,1.6050685644149778,0
1989-06-15,1.605068564414978,1.7285354962028159,1.6050685644149778,1.6050685644149778,438
1989-06-16,1.605068564414978,1.6050685644149778,1.6050685644149778,1.6050685644149778,0
1989-06-19,1.605068564414978,1.6050685644149778,1.6050685644149778,1.6050685644149778,0
1989-06-20,1.605068564414978,1.6050685644149778,1.6050685644149778,1.6050685644149778,0
1989-06-21,1.605068564414978,1.6050685644149778,1.6050685644149778,1.6050685644149778,0
1989-06-22,1.605068564414978,1.7285354962028159,1.6050685644149778,1.6050685644149778,877
1989-06-23,1.605068564414978,1.6050685644149778,1.6050685644149778,1.6050685644149778,0
1989-06-26,1.605068564414978,1.6050685644149778,1.6050685644149778,1.6050685644149778,0
1989-06-27,1.605068564414978,1.6050685644149778,1.6050685644149778,1.6050685644149778,0
1989-06-28,1.605068564414978,1.6050685644149778,1.6050685644149778,1.6050685644149778,0
1989-06-29,1.605068564414978,1.6050685644149778,1.6050685644149778,1.6050685644149778,0
1989-06-30,1.605068564414978,1.6050685644149778,1.6050685644149778,1.6050685644149778,0
1989-07-03,1.605068564414978,1.6050685644149778,1.6050685644149778,1.6050685644149778,0
1989-07-05,1.605068564414978,1.6050685644149778,1.6050685644149778,1.6050685644149778,0
1989-07-06,1.605068564414978,1.7285354962028159,1.6050685644149778,1.6050685644149778,7015
1989-07-07,1.605068564414978,1.6050685644149778,1.6050685644149778,1.6050685644149778,0
1989-07-10,1.605068564414978,1.7285354962028159,1.6050685644149778,1.6050685644149778,3508
1989-07-11,1.605068564414978,1.6050685644149778,1.6050685644149778,1.6050685644149778,0
1989-07-12,1.605068564414978,1.6050685644149778,1.6050685644149778,1.6050685644149778,0
1989-07-13,1.605068564414978,1.7285354962028159,1.6050685644149778,1.6050685644149778,4385
1989-07-14,1.605068564414978,1.6050685644149778,1.6050685644149778,1.6050685644149778,0
1989-07-17,1.605068564414978,1.6050685644149778,1.6050685644149778,1.6050685644149778,0
1989-07-18,1.605068564414978,1.6050685644149778,1.6050685644149778,1.6050685644149778,0
1989-07-19,1.605068564414978,1.6050685644149778,1.6050685644149778,1.6050685644149778,0
1989-07-20,1.605068564414978,1.6050685644149778,1.6050685644149778,1.6050685644149778,0
1989-07-21,1.605068564414978,1.6050685644149778,1.6050685644149778,1.6050685644149778,0
1989-07-24,1.605068564414978,1.6050685644149778,1.6050685644149778,1.6050685644149778,0
1989-07-25,1.605068564414978,1.6050685644149778,1.6050685644149778,1.6050685644149778,0
1989-07-26,1.605068564414978,1.6050685644149778,1.6050685644149778,1.6050685644149778,0
1989-07-27,1.605068564414978,1.6050685644149778,1.6050685644149778,1.6050685644149778,0
1989-07-28,1.605068564414978,1.7285354962028159,1.6050685644149778,1.6050685644149778,0
1989-07-31,1.605068564414978,1.7285354962028159,1.6050685644149778,1.6050685644149778,2192
1989-08-01,1.605068564414978,1.6050685644149778,1.6050685644149778,1.6050685644149778,0
1989-08-02,1.605068564414978,1.6050685644149778,1.6050685644149778,1.6050685644149778,0
1989-08-03,1.605068564414978,1.6050685644149778,1.6050685644149778,1.6050685644149778,0
1989-08-04,1.605068564414978,1.6050685644149778,1.6050685644149778,1.6050685644149778,0
1989-08-07,1.605068564414978,1.6050685644149778,1.6050685644149778,1.6050685644149778,0
1989-08-08,1.605068564414978,1.6050685644149778,1.6050685644149778,1.6050685644149778,0
1989-08-09,1.605068564414978,1.6050685644149778,1.6050685644149778,1.6050685644149778,0
1989-08-10,1.605068564414978,1.7285354962028159,1.6050685644149778,1.6050685644149778,1315
1989-08-11,1.605068564414978,1.6050685644149778,1.6050685644149778,1.6050685644149778,0
1989-08-14,1.605068564414978,1.6050685644149778,1.6050685644149778,1.6050685644149778,0
1989-08-15,1.605068564414978,1.7285354962028159,1.6050685644149778,1.6050685644149778,3946
1989-08-16,1.605068564414978,1.6050685644149778,1.6050685644149778,1.6050685644149778,0
1989-08-17,1.605068564414978,1.7285354962028159,1.6050685644149778,1.6050685644149778,2192
1989-08-18,1.605068564414978,1.6050685644149778,1.6050685644149778,1.6050685644149778,0
1989-08-21,1.605068564414978,1.7285354962028159,1.6050685644149778,1.6050685644149778,6577
1989-08-22,1.605068564414978,1.6050685644149778,1.6050685644149778,1.6050685644149778,0
1989-08-23,1.605068564414978,1.6050685644149778,1.6050685644149778,1.6050685644149778,0
1989-08-24,1.605068564414978,1.7285354962028159,1.6050685644149778,1.6050685644149778,5700
1989-08-25,1.605068564414978,1.7285354962028159,1.6050685644149778,1.6050685644149778,8769
1989-08-28,1.605068564414978,1.6050685644149778,1.6050685644149778,1.6050685644149778,0
1989-08-29,1.605068564414978,1.7285354962028159,1.6050685644149778,1.6050685644149778,46038
1989-08-30,1.605068564414978,1.6050685644149778,1.6050685644149778,1.6050685644149778,0
1989-08-31,1.605068564414978,1.6050685644149778,1.6050685644149778,1.6050685644149778,0
1989-09-01,1.605068564414978,1.6050685644149778,1.6050685644149778,1.6050685644149778,0
1989-09-05,1.605068564414978,1.6050685644149778,1.6050685644149778,1.6050685644149778,0
1989-09-06,1.605068564414978,1.6050685644149778,1.6050685644149778,1.6050685644149778,0
1989-09-07,1.605068564414978,1.7285354962028159,1.6050685644149778,1.6050685644149778,0
1989-09-08,1.605068564414978,1.7285354962028159,1.6050685644149778,1.6050685644149778,0
1989-09-11,1.605068564414978,1.6050685644149778,1.6050685644149778,1.6050685644149778,0
1989-09-12,1.605068564414978,1.6050685644149778,1.6050685644149778,1.6050685644149778,0
1989-09-13,1.605068564414978,1.6050685644149778,1.6050685644149778,1.6050685644149778,0
1989-09-14,1.619394063949585,1.619394063949585,1.619394063949585,1.619394063949585,0
1989-09-15,1.619394063949585,1.619394063949585,1.619394063949585,1.619394063949585,0
1989-09-18,1.619394063949585,1.619394063949585,1.619394063949585,1.619394063949585,0
1989-09-19,1.619394063949585,1.619394063949585,1.619394063949585,1.619394063949585,0
1989-09-20,1.619394063949585,1.619394063949585,1.619394063949585,1.619394063949585,0
1989-09-21,1.619394063949585,1.619394063949585,1.619394063949585,1.619394063949585,0
1989-09-22,1.619394063949585,1.619394063949585,1.619394063949585,1.619394063949585,0
1989-09-25,1.619394063949585,1.7439629583034337,1.619394063949585,1.619394063949585,1754
1989-09-26,1.619394063949585,1.7439629583034337,1.619394063949585,1.619394063949585,1754
1989-09-27,1.619394063949585,1.619394063949585,1.619394063949585,1.619394063949585,0
1989-09-28,1.619394063949585,1.619394063949585,1.619394063949585,1.619394063949585,0
1989-09-29,1.619394063949585,1.619394063949585,1.619394063949585,1.619394063949585,0
1989-10-02,1.619394063949585,1.619394063949585,1.619394063949585,1.619394063949585,0
1989-10-03,1.619394063949585,1.619394063949585,1.619394063949585,1.619394063949585,0
1989-10-04,1.619394063949585,1.619394063949585,1.619394063949585,1.619394063949585,0
1989-10-05,1.619394063949585,1.619394063949585,1.619394063949585,1.619394063949585,0
1989-10-06,1.619394063949585,1.619394063949585,1.619394063949585,1.619394063949585,0
1989-10-09,1.619394063949585,1.619394063949585,1.619394063949585,1.619394063949585,0
1989-10-10,1.619394063949585,1.619394063949585,1.619394063949585,1.619394063949585,0
1989-10-11,1.619394063949585,1.619394063949585,1.619394063949585,1.619394063949585,0
1989-10-12,1.619394063949585,1.7439629583034337,1.619394063949585,1.619394063949585,1315
1989-10-13,1.619394063949585,1.7439629583034337,1.619394063949585,1.619394063949585,2192
1989-10-16,1.619394063949585,1.619394063949585,1.619394063949585,1.619394063949585,0
1989-10-17,1.619394063949585,1.619394063949585,1.619394063949585,1.619394063949585,0
1989-10-18,1.619394063949585,1.619394063949585,1.619394063949585,1.619394063949585,0
1989-10-19,1.619394063949585,1.7439629583034337,1.619394063949585,1.619394063949585,8331
1989-10-20,1.619394063949585,1.619394063949585,1.619394063949585,1.619394063949585,0
1989-10-23,1.619394063949585,1.619394063949585,1.619394063949585,1.619394063949585,0
1989-10-24,1.619394063949585,1.619394063949585,1.619394063949585,1.619394063949585,0
1989-10-25,1.619394063949585,1.619394063949585,1.619394063949585,1.619394063949585,0
1989-10-26,1.619394063949585,1.7439629583034337,1.619394063949585,1.619394063949585,438
1989-10-27,1.619394063949585,1.619394063949585,1.619394063949585,1.619394063949585,0
1989-10-30,1.619394063949585,1.619394063949585,1.619394063949585,1.619394063949585,0
1989-10-31,1.619394063949585,1.619394063949585,1.619394063949585,1.619394063949585,0
1989-11-01,1.619394063949585,1.7439629583034337,1.619394063949585,1.619394063949585,0
1989-11-02,1.619394063949585,1.619394063949585,1.619394063949585,1.619394063949585,0
1989-11-03,1.619394063949585,1.619394063949585,1.619394063949585,1.619394063949585,0
1989-11-06,1.619394063949585,1.7439629583034337,1.619394063949585,1.619394063949585,1754
1989-11-07,1.619394063949585,1.7439629583034337,1.619394063949585,1.619394063949585,2192
1989-11-08,1.619394063949585,1.619394063949585,1.619394063949585,1.619394063949585,0
1989-11-09,1.619394063949585,1.619394063949585,1.619394063949585,1.619394063949585,0
1989-11-10,1.619394063949585,1.619394063949585,1.619394063949585,1.619394063949585,0
1989-11-13,1.619394063949585,1.619394063949585,1.619394063949585,1.619394063949585,0
1989-11-14,1.619394063949585,1.619394063949585,1.619394063949585,1.619394063949585,0
1989-11-15,1.619394063949585,1.619394063949585,1.619394063949585,1.619394063949585,0
1989-11-16,1.619394063949585,1.619394063949585,1.619394063949585,1.619394063949585,0
1989-11-17,1.619394063949585,1.619394063949585,1.619394063949585,1.619394063949585,0
1989-11-20,1.619394063949585,1.619394063949585,1.619394063949585,1.619394063949585,0
1989-11-21,1.619394063949585,1.619394063949585,1.619394063949585,1.619394063949585,0
1989-11-22,1.619394063949585,1.619394063949585,1.619394063949585,1.619394063949585,0
1989-11-24,1.619394063949585,1.619394063949585,1.619394063949585,1.619394063949585,0
1989-11-27,1.619394063949585,1.619394063949585,1.619394063949585,1.619394063949585,0
1989-11-28,1.619394063949585,1.7439629583034337,1.619394063949585,1.619394063949585,0
1989-11-29,1.619394063949585,1.619394063949585,1.619394063949585,1.619394063949585,0
1989-11-30,1.619394063949585,1.619394063949585,1.619394063949585,1.619394063949585,0
1989-12-01,1.619394063949585,1.619394063949585,1.619394063949585,1.619394063949585,0
1989-12-04,1.6505364179611206,1.743963268098821,1.6505364179611206,1.6505364179611206,438
1989-12-05,1.6505364179611206,1.6505364179611206,1.6505364179611206,1.6505364179611206,0
1989-12-06,1.6505364179611206,1.6505364179611206,1.6505364179611206,1.6505364179611206,0
1989-12-07,1.6505364179611206,1.6505364179611206,1.6505364179611206,1.6505364179611206,0
1989-12-08,1.6816781759262085,1.775104871476302,1.6816781759262083,1.6816781759262083,0
1989-12-11,1.6816781759262085,1.775104871476302,1.6816781759262083,1.6816781759262083,438
1989-12-12,1.6816781759262085,1.6816781759262083,1.6816781759262083,1.6816781759262083,0
1989-12-13,1.6816781759262085,1.6816781759262083,1.6816781759262083,1.6816781759262083,0
1989-12-14,1.697396159172058,1.697396159172058,1.697396159172058,1.697396159172058,0
1989-12-15,1.697396159172058,1.697396159172058,1.697396159172058,1.697396159172058,0
1989-12-18,1.697396159172058,1.697396159172058,1.697396159172058,1.697396159172058,0
1989-12-19,1.697396159172058,1.697396159172058,1.697396159172058,1.697396159172058,0
1989-12-20,1.697396159172058,1.697396159172058,1.697396159172058,1.697396159172058,0
1989-12-21,1.697396159172058,1.697396159172058,1.697396159172058,1.697396159172058,0
1989-12-22,1.697396159172058,1.697396159172058,1.697396159172058,1.697396159172058,0
1989-12-26,1.697396159172058,1.697396159172058,1.697396159172058,1.697396159172058,0
1989-12-27,1.697396159172058,1.697396159172058,1.697396159172058,1.697396159172058,0
1989-12-28,1.697396159172058,1.697396159172058,1.697396159172058,1.697396159172058,0
1989-12-29,1.697396159172058,1.697396159172058,1.697396159172058,1.697396159172058,0
1990-01-02,1.697396159172058,1.791696077230711,1.697396159172058,1.697396159172058,438
1990-01-03,1.697396159172058,1.697396159172058,1.697396159172058,1.697396159172058,0
1990-01-04,1.697396159172058,1.791696077230711,1.697396159172058,1.697396159172058,877
1990-01-05,1.697396159172058,1.697396159172058,1.697396159172058,1.697396159172058,0
1990-01-08,1.697396159172058,1.697396159172058,1.697396159172058,1.697396159172058,0
1990-01-09,1.697396159172058,1.697396159172058,1.697396159172058,1.697396159172058,0
1990-01-10,1.697396159172058,1.697396159172058,1.697396159172058,1.697396159172058,0
1990-01-11,1.697396159172058,1.791696077230711,1.697396159172058,1.697396159172058,438
1990-01-12,1.697396159172058,1.697396159172058,1.697396159172058,1.697396159172058,0
1990-01-15,1.697396159172058,1.791696077230711,1.697396159172058,1.697396159172058,0
1990-01-16,1.697396159172058,1.697396159172058,1.697396159172058,1.697396159172058,0
1990-01-17,1.697396159172058,1.697396159172058,1.697396159172058,1.697396159172058,0
1990-01-18,1.697396159172058,1.697396159172058,1.697396159172058,1.697396159172058,0
1990-01-19,1.697396159172058,1.697396159172058,1.697396159172058,1.697396159172058,0
1990-01-22,1.697396159172058,1.697396159172058,1.697396159172058,1.697396159172058,0
1990-01-23,1.697396159172058,1.697396159172058,1.697396159172058,1.697396159172058,0
1990-01-24,1.697396159172058,1.791696077230711,1.697396159172058,1.697396159172058,0
1990-01-25,1.697396159172058,1.791696077230711,1.697396159172058,1.697396159172058,438
1990-01-26,1.697396159172058,1.697396159172058,1.697396159172058,1.697396159172058,0
1990-01-29,1.697396159172058,1.697396159172058,1.697396159172058,1.697396159172058,0
1990-01-30,1.697396159172058,1.697396159172058,1.697396159172058,1.697396159172058,0
1990-01-31,1.697396159172058,1.791696077230711,1.697396159172058,1.697396159172058,877
1990-02-01,1.697396159172058,1.697396159172058,1.697396159172058,1.697396159172058,0
1990-02-02,1.697396159172058,1.697396159172058,1.697396159172058,1.697396159172058,0
1990-02-05,1.697396159172058,1.697396159172058,1.697396159172058,1.697396159172058,0
1990-02-06,1.697396159172058,1.697396159172058,1.697396159172058,1.697396159172058,0
1990-02-07,1.697396159172058,1.791696077230711,1.697396159172058,1.697396159172058,0
1990-02-08,1.697396159172058,1.697396159172058,1.697396159172058,1.697396159172058,0
1990-02-09,1.697396159172058,1.697396159172058,1.697396159172058,1.697396159172058,0
1990-02-12,1.697396159172058,1.697396159172058,1.697396159172058,1.697396159172058,0
1990-02-13,1.697396159172058,1.791696077230711,1.697396159172058,1.697396159172058,438
1990-02-14,1.697396159172058,1.697396159172058,1.697396159172058,1.697396159172058,0
1990-02-15,1.697396159172058,1.697396159172058,1.697396159172058,1.697396159172058,0
1990-02-16,1.697396159172058,1.697396159172058,1.697396159172058,1.697396159172058,0
1990-02-20,1.697396159172058,1.697396159172058,1.697396159172058,1.697396159172058,0
1990-02-21,1.697396159172058,1.697396159172058,1.697396159172058,1.697396159172058,0
1990-02-22,1.697396159172058,1.697396159172058,1.697396159172058,1.697396159172058,0
1990-02-23,1.697396159172058,1.697396159172058,1.697396159172058,1.697396159172058,0
1990-02-26,1.697396159172058,1.697396159172058,1.697396159172058,1.697396159172058,0
1990-02-27,1.697396159172058,1.697396159172058,1.697396159172058,1.697396159172058,0
1990-02-28,1.697396159172058,1.697396159172058,1.697396159172058,1.697396159172058,0
1990-03-01,1.697396159172058,1.697396159172058,1.697396159172058,1.697396159172058,0
1990-03-02,1.697396159172058,1.697396159172058,1.697396159172058,1.697396159172058,0
1990-03-05,1.697396159172058,1.791696077230711,1.697396159172058,1.697396159172058,1315
1990-03-06,1.697396159172058,1.697396159172058,1.697396159172058,1.697396159172058,0
1990-03-07,1.697396159172058,1.697396159172058,1.697396159172058,1.697396159172058,0
1990-03-08,1.697396159172058,1.697396159172058,1.697396159172058,1.697396159172058,0
1990-03-09,1.697396159172058,1.697396159172058,1.697396159172058,1.697396159172058,0
1990-03-12,1.697396159172058,1.697396159172058,1.697396159172058,1.697396159172058,0
1990-03-13,1.697396159172058,1.697396159172058,1.697396159172058,1.697396159172058,0
1990-03-14,1.7132587432861328,1.7132587432861328,1.7132587432861328,1.7132587432861328,0
1990-03-15,1.7132587432861328,1.7132587432861328,1.7132587432861328,1.7132587432861328,0
1990-03-16,1.7132587432861328,1.7132587432861328,1.7132587432861328,1.7132587432861328,0
1990-03-19,1.7132587432861328,1.7132587432861328,1.7132587432861328,1.7132587432861328,0
1990-03-20,1.7132587432861328,1.7132587432861328,1.7132587432861328,1.7132587432861328,0
1990-03-21,1.7132587432861328,1.7132587432861328,1.7132587432861328,1.7132587432861328,0
1990-03-22,1.7132587432861328,1.7132587432861328,1.7132587432861328,1.7132587432861328,0
1990-03-23,1.7132587432861328,1.7132587432861328,1.7132587432861328,1.7132587432861328,0
1990-03-26,1.7132587432861328,1.7132587432861328,1.7132587432861328,1.7132587432861328,0
1990-03-27,1.7132587432861328,1.7132587432861328,1.7132587432861328,1.7132587432861328,0
1990-03-28,1.7132587432861328,1.8084399172461103,1.7132587432861328,1.7132587432861328,438
1990-03-29,1.7132587432861328,1.7132587432861328,1.7132587432861328,1.7132587432861328,0
1990-03-30,1.7132587432861328,1.8084399172461103,1.7132587432861328,1.7132587432861328,1754
1990-04-02,1.7132587432861328,1.7132587432861328,1.7132587432861328,1.7132587432861328,0
1990-04-03,1.7132587432861328,1.8401669310106683,1.7132587432861328,1.7132587432861328,2192
1990-04-04,1.7132587432861328,1.8401669310106683,1.7132587432861328,1.7132587432861328,43846
1990-04-05,1.7132587432861328,1.8401669310106683,1.7132587432861328,1.7132587432861328,35077
1990-04-06,1.7132587432861328,1.8401669310106683,1.7132587432861328,1.7132587432861328,4385
1990-04-09,1.7132587432861328,1.7132587432861328,1.7132587432861328,1.7132587432861328,0
1990-04-10,1.7132587432861328,1.7132587432861328,1.7132587432861328,1.7132587432861328,0
1990-04-11,1.7132587432861328,1.7132587432861328,1.7132587432861328,1.7132587432861328,0
1990-04-12,1.7132587432861328,1.7132587432861328,1.7132587432861328,1.7132587432861328,0
1990-04-16,1.7132587432861328,1.7132587432861328,1.7132587432861328,1.7132587432861328,0
1990-04-17,1.7132587432861328,1.7132587432861328,1.7132587432861328,1.7132587432861328,0
1990-04-18,1.7132587432861328,1.8401669310106683,1.7132587432861328,1.7132587432861328,0
1990-04-19,1.7132587432861328,1.7132587432861328,1.7132587432861328,1.7132587432861328,0
1990-04-20,1.7132587432861328,1.7132587432861328,1.7132587432861328,1.7132587432861328,0
1990-04-23,1.7132587432861328,1.7132587432861328,1.7132587432861328,1.7132587432861328,0
1990-04-24,1.7132587432861328,1.7132587432861328,1.7132587432861328,1.7132587432861328,0
1990-04-25,1.7132587432861328,1.7132587432861328,1.7132587432861328,1.7132587432861328,0
1990-04-26,1.7132587432861328,1.7132587432861328,1.7132587432861328,1.7132587432861328,0
1990-04-27,1.7132587432861328,1.8401669310106683,1.7132587432861328,1.7132587432861328,55685
1990-04-30,1.7132587432861328,1.7132587432861328,1.7132587432861328,1.7132587432861328,0
1990-05-01,1.7132587432861328,1.8401669310106683,1.7132587432861328,1.7132587432861328,877
1990-05-02,1.7132587432861328,1.7132587432861328,1.7132587432861328,1.7132587432861328,0
1990-05-03,1.7132587432861328,1.7132587432861328,1.7132587432861328,1.7132587432861328,0
1990-05-04,1.7132587432861328,1.8401669310106683,1.7132587432861328,1.7132587432861328,6577
1990-05-07,1.7132587432861328,1.8401669310106683,1.7132587432861328,1.7132587432861328,6577
1990-05-08,1.7132587432861328,1.7132587432861328,1.7132587432861328,1.7132587432861328,0
1990-05-09,1.7132587432861328,1.8401669310106683,1.7132587432861328,1.7132587432861328,3069
1990-05-10,1.7132587432861328,1.7132587432861328,1.7132587432861328,1.7132587432861328,0
1990-05-11,1.7132587432861328,1.7132587432861328,1.7132587432861328,1.7132587432861328,0
1990-05-14,1.7132587432861328,1.7132587432861328,1.7132587432861328,1.7132587432861328,0
1990-05-15,1.7132587432861328,1.7132587432861328,1.7132587432861328,1.7132587432861328,0
1990-05-16,1.7132587432861328,1.7132587432861328,1.7132587432861328,1.7132587432861328,0
1990-05-17,1.7132587432861328,1.8401669310106683,1.7132587432861328,1.7132587432861328,438
1990-05-18,1.7132587432861328,1.8401669310106683,1.7132587432861328,1.7132587432861328,438
1990-05-21,1.7132587432861328,1.8401669310106683,1.7132587432861328,1.7132587432861328,12277
1990-05-22,1.7132587432861328,1.7132587432861328,1.7132587432861328,1.7132587432861328,0
1990-05-23,1.7132587432861328,1.8401669310106683,1.7132587432861328,1.7132587432861328,438
1990-05-24,1.7132587432861328,1.7132587432861328,1.7132587432861328,1.7132587432861328,0
1990-05-25,1.7132587432861328,1.7132587432861328,1.7132587432861328,1.7132587432861328,0
1990-05-29,1.7132587432861328,1.7132587432861328,1.7132587432861328,1.7132587432861328,0
1990-05-30,1.7132587432861328,1.8401669310106683,1.7132587432861328,1.7132587432861328,13154
1990-05-31,1.7132587432861328,1.7132587432861328,1.7132587432861328,1.7132587432861328,0
1990-06-01,1.7132587432861328,1.7132587432861328,1.7132587432861328,1.7132587432861328,0
1990-06-04,1.7132587432861328,1.7132587432861328,1.7132587432861328,1.7132587432861328,0
1990-06-05,1.7132587432861328,1.7132587432861328,1.7132587432861328,1.7132587432861328,0
1990-06-06,1.7132587432861328,1.8401669310106683,1.7132587432861328,1.7132587432861328,438
1990-06-07,1.7132587432861328,1.7132587432861328,1.7132587432861328,1.7132587432861328,0
1990-06-08,1.7132587432861328,1.7132587432861328,1.7132587432861328,1.7132587432861328,0
1990-06-11,1.7132587432861328,1.7132587432861328,1.7132587432861328,1.7132587432861328,0
1990-06-12,1.7132587432861328,1.7132587432861328,1.7132587432861328,1.7132587432861328,0
1990-06-13,1.7132587432861328,1.7132587432861328,1.7132587432861328,1.7132587432861328,0
1990-06-14,1.7292702198028564,1.7292702198028564,1.7292702198028564,1.7292702198028564,0
1990-06-15,1.7292702198028564,1.7292702198028564,1.7292702198028564,1.7292702198028564,0
1990-06-18,1.7292702198028564,1.7292702198028564,1.7292702198028564,1.7292702198028564,0
1990-06-19,1.7292702198028564,1.7292702198028564,1.7292702198028564,1.7292702198028564,0
1990-06-20,1.7292702198028564,1.7292702198028564,1.7292702198028564,1.7292702198028564,0
1990-06-21,1.7292702198028564,1.8573644440647767,1.7292702198028564,1.7292702198028564,0
1990-06-22,1.7292702198028564,1.7292702198028564,1.7292702198028564,1.7292702198028564,0
1990-06-25,1.7292702198028564,1.7292702198028564,1.7292702198028564,1.7292702198028564,0
1990-06-26,1.7292702198028564,1.7292702198028564,1.7292702198028564,1.7292702198028564,0
1990-06-27,1.7292702198028564,1.8573644440647767,1.7292702198028564,1.7292702198028564,3946
1990-06-28,1.7292702198028564,1.7292702198028564,1.7292702198028564,1.7292702198028564,0
1990-06-29,1.7292702198028564,1.7292702198028564,1.7292702198028564,1.7292702198028564,0
1990-07-02,1.7292702198028564,1.7292702198028564,1.7292702198028564,1.7292702198028564,0
1990-07-03,1.7292702198028564,1.8573644440647767,1.7292702198028564,1.7292702198028564,438
1990-07-05,1.7292702198028564,1.7292702198028564,1.7292702198028564,1.7292702198028564,0
1990-07-06,1.7292702198028564,1.7292702198028564,1.7292702198028564,1.7292702198028564,0
1990-07-09,1.7292702198028564,1.7292702198028564,1.7292702198028564,1.7292702198028564,0
1990-07-10,1.7292702198028564,1.7292702198028564,1.7292702198028564,1.7292702198028564,0
1990-07-11,1.7292702198028564,1.7292702198028564,1.7292702198028564,1.7292702198028564,0
1990-07-12,1.7292702198028564,1.7292702198028564,1.7292702198028564,1.7292702198028564,0
1990-07-13,1.7292702198028564,1.7292702198028564,1.7292702198028564,1.7292702198028564,0
1990-07-16,1.7292702198028564,1.8573644440647767,1.7292702198028564,1.7292702198028564,3508
1990-07-17,1.7292702198028564,1.7292702198028564,1.7292702198028564,1.7292702198028564,0
1990-07-18,1.7292702198028564,1.7292702198028564,1.7292702198028564,1.7292702198028564,0
1990-07-19,1.7292702198028564,1.8573644440647767,1.7292702198028564,1.7292702198028564,1754
1990-07-20,1.7292702198028564,1.8573644440647767,1.7292702198028564,1.7292702198028564,4385
1990-07-23,1.7292702198028564,1.8573644440647767,1.7292702198028564,1.7292702198028564,3508
1990-07-24,1.7292702198028564,1.8573644440647767,1.7292702198028564,1.7292702198028564,1315
1990-07-25,1.7292702198028564,1.7292702198028564,1.7292702198028564,1.7292702198028564,0
1990-07-26,1.7292702198028564,1.7292702198028564,1.7292702198028564,1.7292702198028564,0
1990-07-27,1.7292702198028564,1.7292702198028564,1.7292702198028564,1.7292702198028564,0
1990-07-30,1.7292702198028564,1.7292702198028564,1.7292702198028564,1.7292702198028564,0
1990-07-31,1.7292702198028564,1.8573644440647767,1.7292702198028564,1.7292702198028564,438
1990-08-01,1.7292702198028564,1.8573644440647767,1.7292702198028564,1.7292702198028564,6577
1990-08-02,1.7292702198028564,1.8573644440647767,1.7292702198028564,1.7292702198028564,8769
1990-08-03,1.7292702198028564,1.7292702198028564,1.7292702198028564,1.7292702198028564,0
1990-08-06,1.7292702198028564,1.8573644440647767,1.7292702198028564,1.7292702198028564,438
1990-08-07,1.7292702198028564,1.8573644440647767,1.7292702198028564,1.7292702198028564,0
1990-08-08,1.7292702198028564,1.8573644440647767,1.7292702198028564,1.7292702198028564,8769
1990-08-09,1.7292702198028564,1.7292702198028564,1.7292702198028564,1.7292702198028564,0
1990-08-10,1.7292702198028564,1.7292702198028564,1.7292702198028564,1.7292702198028564,0
1990-08-13,1.6652233600616455,1.7933175882874555,1.6652233600616455,1.7292702733153147,84623
1990-08-14,1.6652233600616455,1.7933175882874555,1.6652233600616455,1.6652233600616455,86815
1990-08-15,1.6652233600616455,1.6652233600616455,1.6652233600616455,1.6652233600616455,0
1990-08-16,1.7292702198028564,1.8573644440647767,1.7292702198028564,1.7292702198028564,3946
1990-08-17,1.7292702198028564,1.8573644440647767,1.7292702198028564,1.7292702198028564,3946
1990-08-20,1.7292702198028564,1.8573644440647767,1.7292702198028564,1.7292702198028564,0
1990-08-21,1.7292702198028564,1.8573644440647767,1.7292702198028564,1.7292702198028564,9646
1990-08-22,1.7292702198028564,1.7292702198028564,1.7292702198028564,1.7292702198028564,0
1990-08-23,1.7292702198028564,1.7292702198028564,1.7292702198028564,1.7292702198028564,0
1990-08-24,1.7292702198028564,1.7292702198028564,1.7292702198028564,1.7292702198028564,0
1990-08-27,1.6972464323043823,1.8253406365731093,1.6972464323043823,1.729269949895031,5262
1990-08-28,1.6972464323043823,1.8253406365731093,1.6972464323043823,1.6972464323043823,0
1990-08-29,1.6972464323043823,1.8253406365731093,1.6972464323043823,1.6972464323043823,13154
1990-08-30,1.6972464323043823,1.8253406365731093,1.6972464323043823,1.6972464323043823,5700
1990-08-31,1.6972464323043823,1.8253406365731093,1.6972464323043823,1.6972464323043823,9646
1990-09-04,1.6972464323043823,1.6972464323043823,1.6972464323043823,1.6972464323043823,0
1990-09-05,1.6972464323043823,1.8253406365731093,1.6972464323043823,1.6972464323043823,2192
1990-09-06,1.7292702198028564,1.8573644440647767,1.7292702198028564,1.7292702198028564,1754
1990-09-07,1.7292702198028564,1.8573644440647767,1.7292702198028564,1.7292702198028564,2192
1990-09-10,1.7292702198028564,1.7292702198028564,1.7292702198028564,1.7292702198028564,0
1990-09-11,1.7292702198028564,1.7292702198028564,1.7292702198028564,1.7292702198028564,0
1990-09-12,1.7292702198028564,1.7292702198028564,1.7292702198028564,1.7292702198028564,0
1990-09-13,1.7292702198028564,1.7292702198028564,1.7292702198028564,1.7292702198028564,0
1990-09-14,1.7454324960708618,1.7454324960708618,1.7454324960708618,1.7454324960708618,0
1990-09-17,1.7454324960708618,1.8747239272337908,1.7454324960708618,1.7454324960708618,9646
1990-09-18,1.7454324960708618,1.8747239272337908,1.7454324960708618,1.7454324960708618,8769
1990-09-19,1.7454324960708618,1.8747239272337908,1.7454324960708618,1.7454324960708618,6577
1990-09-20,1.7454324960708618,1.8747239272337908,1.7454324960708618,1.7454324960708618,4385
1990-09-21,1.7454324960708618,1.7454324960708618,1.7454324960708618,1.7454324960708618,0
1990-09-24,1.7454324960708618,1.7454324960708618,1.7454324960708618,1.7454324960708618,0
1990-09-25,1.7454324960708618,1.8747239272337908,1.7454324960708618,1.7454324960708618,4385
1990-09-26,1.7454324960708618,1.7454324960708618,1.7454324960708618,1.7454324960708618,0
1990-09-27,1.7454324960708618,1.8747239272337908,1.7454324960708618,1.7454324960708618,2192
1990-09-28,1.7131097316741943,1.842401167335592,1.7131097316741946,1.7454325568001228,3508
1990-10-01,1.7131097316741943,1.842401167335592,1.7131097316741946,1.7131097316741946,438
1990-10-02,1.7131097316741943,1.7131097316741946,1.7131097316741946,1.7131097316741946,0
1990-10-03,1.7131097316741943,1.842401167335592,1.7131097316741946,1.7131097316741946,438
1990-10-04,1.7131097316741943,1.842401167335592,1.7131097316741946,1.7131097316741946,4385
1990-10-05,1.6484637260437012,1.7777551232316247,1.6484637260437014,1.7131092219011963,16223
1990-10-08,1.6484637260437012,1.6484637260437014,1.6484637260437014,1.6484637260437014,0
1990-10-09,1.6484637260437012,1.6484637260437014,1.6484637260437014,1.6484637260437014,0
1990-10-10,1.6484637260437012,1.6484637260437014,1.6484637260437014,1.6484637260437014,0
1990-10-11,1.6484637260437012,1.6484637260437014,1.6484637260437014,1.6484637260437014,0
1990-10-12,1.6484637260437012,1.6484637260437014,1.6484637260437014,1.6484637260437014,0
1990-10-15,1.6484637260437012,1.6484637260437014,1.6484637260437014,1.6484637260437014,0
1990-10-16,1.6484637260437012,1.6484637260437014,1.6484637260437014,1.6484637260437014,0
1990-10-17,1.6484637260437012,1.6484637260437014,1.6484637260437014,1.6484637260437014,0
1990-10-18,1.6484637260437012,1.6484637260437014,1.6484637260437014,1.6484637260437014,0
1990-10-19,1.6484637260437012,1.6484637260437014,1.6484637260437014,1.6484637260437014,0
1990-10-22,1.6484637260437012,1.6484637260437014,1.6484637260437014,1.6484637260437014,0
1990-10-23,1.6807864904403687,1.8100778836966804,1.6807864904403687,1.6807864904403687,2631
1990-10-24,1.6807864904403687,1.6807864904403687,1.6807864904403687,1.6807864904403687,0
1990-10-25,1.6807864904403687,1.6807864904403687,1.6807864904403687,1.6807864904403687,0
1990-10-26,1.6807864904403687,1.6807864904403687,1.6807864904403687,1.6807864904403687,0
1990-10-29,1.6807864904403687,1.6807864904403687,1.6807864904403687,1.6807864904403687,0
1990-10-30,1.6807864904403687,1.8100778836966804,1.6807864904403687,1.6807864904403687,1315
1990-10-31,1.6807864904403687,1.6807864904403687,1.6807864904403687,1.6807864904403687,0
1990-11-01,1.6807864904403687,1.8100778836966804,1.6807864904403687,1.6807864904403687,1315
1990-11-02,1.6807864904403687,1.6807864904403687,1.6807864904403687,1.6807864904403687,0
1990-11-05,1.6807864904403687,1.8100778836966804,1.6807864904403687,1.6807864904403687,1754
1990-11-06,1.6807864904403687,1.8100778836966804,1.6807864904403687,1.6807864904403687,3508
1990-11-07,1.6807864904403687,1.8100778836966804,1.6807864904403687,1.6807864904403687,0
1990-11-08,1.6807864904403687,1.6807864904403687,1.6807864904403687,1.6807864904403687,0
1990-11-09,1.6807864904403687,1.8100778836966804,1.6807864904403687,1.6807864904403687,438
1990-11-12,1.6807864904403687,1.6807864904403687,1.6807864904403687,1.6807864904403687,0
1990-11-13,1.6807864904403687,1.6807864904403687,1.6807864904403687,1.6807864904403687,0
1990-11-14,1.6807864904403687,1.8100778836966804,1.6807864904403687,1.6807864904403687,877
1990-11-15,1.6807864904403687,1.8100778836966804,1.6807864904403687,1.6807864904403687,438
1990-11-16,1.6807864904403687,1.6807864904403687,1.6807864904403687,1.6807864904403687,0
1990-11-19,1.6807864904403687,1.6807864904403687,1.6807864904403687,1.6807864904403687,0
1990-11-20,1.6807864904403687,1.6807864904403687,1.6807864904403687,1.6807864904403687,0
1990-11-21,1.6807864904403687,1.8100778836966804,1.6807864904403687,1.6807864904403687,0
1990-11-23,1.6807864904403687,1.6807864904403687,1.6807864904403687,1.6807864904403687,0
1990-11-26,1.6807864904403687,1.6807864904403687,1.6807864904403687,1.6807864904403687,0
1990-11-27,1.6807864904403687,1.6807864904403687,1.6807864904403687,1.6807864904403687,0
1990-11-28,1.6807864904403687,1.6807864904403687,1.6807864904403687,1.6807864904403687,0
1990-11-29,1.6807864904403687,1.6807864904403687,1.6807864904403687,1.6807864904403687,0
1990-11-30,1.6807864904403687,1.6807864904403687,1.6807864904403687,1.6807864904403687,0
1990-12-03,1.6807864904403687,1.6807864904403687,1.6807864904403687,1.6807864904403687,0
1990-12-04,1.6807864904403687,1.6807864904403687,1.6807864904403687,1.6807864904403687,0
1990-12-05,1.6807864904403687,1.8100778836966804,1.6807864904403687,1.6807864904403687,5262
1990-12-06,1.6807864904403687,1.8100778836966804,1.6807864904403687,1.6807864904403687,877
1990-12-07,1.6807864904403687,1.6807864904403687,1.6807864904403687,1.6807864904403687,0
1990-12-10,1.6807864904403687,1.6807864904403687,1.6807864904403687,1.6807864904403687,0
1990-12-11,1.6484637260437012,1.7777551232316247,1.6484637260437014,1.680786541551271,2192
1990-12-12,1.6484637260437012,1.7777551232316247,1.6484637260437014,1.6484637260437014,6577
1990-12-13,1.6484637260437012,1.6484637260437014,1.6484637260437014,1.6484637260437014,0
1990-12-14,1.6484637260437012,1.6484637260437014,1.6484637260437014,1.6484637260437014,0
1990-12-17,1.6484637260437012,1.6484637260437014,1.6484637260437014,1.6484637260437014,0
1990-12-18,1.6484637260437012,1.7777551232316247,1.6484637260437014,1.6484637260437014,2192
1990-12-19,1.6484637260437012,1.7777551232316247,1.6484637260437014,1.6484637260437014,1754
1990-12-20,1.6484637260437012,1.7777551232316247,1.6484637260437014,1.6484637260437014,0
1990-12-21,1.6484637260437012,1.7777551232316247,1.6484637260437014,1.6484637260437014,438
1990-12-24,1.6484637260437012,1.6484637260437014,1.6484637260437014,1.6484637260437014,0
1990-12-26,1.6484637260437012,1.6484637260437014,1.6484637260437014,1.6484637260437014,0
1990-12-27,1.6484637260437012,1.6484637260437014,1.6484637260437014,1.6484637260437014,0
1990-12-28,1.6484637260437012,1.6484637260437014,1.6484637260437014,1.6484637260437014,0
1990-12-31,1.6484637260437012,1.6484637260437014,1.6484637260437014,1.6484637260437014,0
1991-01-02,1.6484637260437012,1.7777551232316247,1.6484637260437014,1.6484637260437014,0
1991-01-03,1.6484637260437012,1.6484637260437014,1.6484637260437014,1.6484637260437014,0
1991-01-04,1.6484637260437012,1.7777551232316247,1.6484637260437014,1.6484637260437014,7454
1991-01-07,1.6484637260437012,1.6484637260437014,1.6484637260437014,1.6484637260437014,0
1991-01-08,1.6484637260437012,1.7777551232316247,1.6484637260437014,1.6484637260437014,17538
1991-01-09,1.6484637260437012,1.7777551232316247,1.6484637260437014,1.6484637260437014,438
1991-01-10,1.6484637260437012,1.6484637260437014,1.6484637260437014,1.6484637260437014,0
1991-01-11,1.6484637260437012,1.6484637260437014,1.6484637260437014,1.6484637260437014,0
1991-01-14,1.6484637260437012,1.6484637260437014,1.6484637260437014,1.6484637260437014,0
1991-01-15,1.6484637260437012,1.6484637260437014,1.6484637260437014,1.6484637260437014,0
1991-01-16,1.6484637260437012,1.6484637260437014,1.6484637260437014,1.6484637260437014,0
1991-01-17,1.6484637260437012,1.6484637260437014,1.6484637260437014,1.6484637260437014,0
1991-01-18,1.6484637260437012,1.6484637260437014,1.6484637260437014,1.6484637260437014,0
1991-01-21,1.6484637260437012,1.6484637260437014,1.6484637260437014,1.6484637260437014,0
1991-01-22,1.6484637260437012,1.6484637260437014,1.6484637260437014,1.6484637260437014,0
1991-01-23,1.6484637260437012,1.6484637260437014,1.6484637260437014,1.6484637260437014,0
1991-01-24,1.6484637260437012,1.6484637260437014,1.6484637260437014,1.6484637260437014,0
1991-01-25,1.6484637260437012,1.6484637260437014,1.6484637260437014,1.6484637260437014,0
1991-01-28,1.6484637260437012,1.6484637260437014,1.6484637260437014,1.6484637260437014,0
1991-01-29,1.6484637260437012,1.6484637260437014,1.6484637260437014,1.6484637260437014,0
1991-01-30,1.6484637260437012,1.6484637260437014,1.6484637260437014,1.6484637260437014,0
1991-01-31,1.6484637260437012,1.7777551232316247,1.6484637260437014,1.6484637260437014,13154
1991-02-01,1.61614191532135,1.7454331225767115,1.61614191532135,1.6484647509246226,2631
1991-02-04,1.61614191532135,1.61614191532135,1.61614191532135,1.61614191532135,0
1991-02-05,1.61614191532135,1.61614191532135,1.61614191532135,1.61614191532135,0
1991-02-06,1.61614191532135,1.7454331225767115,1.61614191532135,1.61614191532135,2192
1991-02-07,1.61614191532135,1.61614191532135,1.61614191532135,1.61614191532135,0
1991-02-08,1.61614191532135,1.7454331225767115,1.61614191532135,1.61614191532135,3069
1991-02-11,1.61614191532135,1.61614191532135,1.61614191532135,1.61614191532135,0
1991-02-12,1.61614191532135,1.61614191532135,1.61614191532135,1.61614191532135,0
1991-02-13,1.61614191532135,1.61614191532135,1.61614191532135,1.61614191532135,0
1991-02-14,1.61614191532135,1.61614191532135,1.61614191532135,1.61614191532135,0
1991-02-15,1.61614191532135,1.7454331225767115,1.61614191532135,1.61614191532135,438
1991-02-19,1.61614191532135,1.61614191532135,1.61614191532135,1.61614191532135,0
1991-02-20,1.61614191532135,1.7454331225767115,1.61614191532135,1.61614191532135,438
1991-02-21,1.61614191532135,1.7454331225767115,1.61614191532135,1.61614191532135,10085
1991-02-22,1.61614191532135,1.61614191532135,1.61614191532135,1.61614191532135,0
1991-02-25,1.61614191532135,1.61614191532135,1.61614191532135,1.61614191532135,0
1991-02-26,1.61614191532135,1.61614191532135,1.61614191532135,1.61614191532135,0
1991-02-27,1.61614191532135,1.7454331225767115,1.61614191532135,1.61614191532135,5262
1991-02-28,1.61614191532135,1.61614191532135,1.61614191532135,1.61614191532135,0
1991-03-01,1.61614191532135,1.61614191532135,1.61614191532135,1.61614191532135,0
1991-03-04,1.61614191532135,1.61614191532135,1.61614191532135,1.61614191532135,0
1991-03-05,1.61614191532135,1.61614191532135,1.61614191532135,1.61614191532135,0
1991-03-06,1.61614191532135,1.61614191532135,1.61614191532135,1.61614191532135,0
1991-03-07,1.61614191532135,1.61614191532135,1.61614191532135,1.61614191532135,0
1991-03-08,1.61614191532135,1.61614191532135,1.61614191532135,1.61614191532135,0
1991-03-11,1.61614191532135,1.7454331225767115,1.61614191532135,1.61614191532135,0
1991-03-12,1.61614191532135,1.61614191532135,1.61614191532135,1.61614191532135,0
1991-03-13,1.61614191532135,1.61614191532135,1.61614191532135,1.61614191532135,0
1991-03-14,1.61614191532135,1.61614191532135,1.61614191532135,1.61614191532135,0
1991-03-15,1.61614191532135,1.61614191532135,1.61614191532135,1.61614191532135,0
1991-03-18,1.61614191532135,1.61614191532135,1.61614191532135,1.61614191532135,0
1991-03-19,1.61614191532135,1.7454331225767115,1.61614191532135,1.61614191532135,438
1991-03-20,1.61614191532135,1.61614191532135,1.61614191532135,1.61614191532135,0
1991-03-21,1.61614191532135,1.7454331225767115,1.61614191532135,1.61614191532135,877
1991-03-22,1.61614191532135,1.61614191532135,1.61614191532135,1.61614191532135,0
1991-03-25,1.61614191532135,1.61614191532135,1.61614191532135,1.61614191532135,0
1991-03-26,1.61614191532135,1.61614191532135,1.61614191532135,1.61614191532135,0
1991-03-27,1.61614191532135,1.61614191532135,1.61614191532135,1.61614191532135,0
1991-03-28,1.61614191532135,1.61614191532135,1.61614191532135,1.61614191532135,0
1991-04-01,1.61614191532135,1.61614191532135,1.61614191532135,1.61614191532135,0
1991-04-02,1.61614191532135,1.61614191532135,1.61614191532135,1.61614191532135,0
1991-04-03,1.61614191532135,1.61614191532135,1.61614191532135,1.61614191532135,0
1991-04-04,1.61614191532135,1.61614191532135,1.61614191532135,1.61614191532135,0
1991-04-05,1.5838189125061035,1.713110106111523,1.5838189125061033,1.6161417446968869,6577
1991-04-08,1.5838189125061035,1.5838189125061033,1.5838189125061033,1.5838189125061033,0
1991-04-09,1.5838189125061035,1.5838189125061033,1.5838189125061033,1.5838189125061033,0
1991-04-10,1.5838189125061035,1.5838189125061033,1.5838189125061033,1.5838189125061033,0
1991-04-11,1.5676571130752563,1.632302629278246,1.5676571130752561,1.5838185934942688,39462
1991-04-12,1.5676571130752563,1.5676571130752561,1.5676571130752561,1.5676571130752561,0
1991-04-15,1.5676571130752563,1.5676571130752561,1.5676571130752561,1.5676571130752561,0
1991-04-16,1.5676571130752563,1.5676571130752561,1.5676571130752561,1.5676571130752561,0
1991-04-17,1.5676571130752563,1.5676571130752561,1.5676571130752561,1.5676571130752561,0
1991-04-18,1.551496148109436,1.6161416745264785,1.551496148109436,1.5676573607665614,1315
1991-04-19,1.551496148109436,1.551496148109436,1.551496148109436,1.551496148109436,0
1991-04-22,1.551496148109436,1.6161416745264785,1.551496148109436,1.551496148109436,877
1991-04-23,1.551496148109436,1.6161416745264785,1.551496148109436,1.551496148109436,438
1991-04-24,1.551496148109436,1.551496148109436,1.551496148109436,1.551496148109436,0
1991-04-25,1.551496148109436,1.551496148109436,1.551496148109436,1.551496148109436,0
1991-04-26,1.551496148109436,1.6161416745264785,1.551496148109436,1.551496148109436,4385
1991-04-29,1.551496148109436,1.6161416745264785,1.551496148109436,1.551496148109436,877
1991-04-30,1.551496148109436,1.551496148109436,1.551496148109436,1.551496148109436,0
1991-05-01,1.551496148109436,1.6161416745264785,1.551496148109436,1.551496148109436,26308
1991-05-02,1.551496148109436,1.551496148109436,1.551496148109436,1.551496148109436,0
1991-05-03,1.551496148109436,1.551496148109436,1.551496148109436,1.551496148109436,0
1991-05-06,1.519172191619873,1.583817951952819,1.519172191619873,1.5514952745227946,39462
1991-05-07,1.519172191619873,1.583817951952819,1.519172191619873,1.519172191619873,9208
1991-05-08,1.519172191619873,1.583817951952819,1.519172191619873,1.519172191619873,877
1991-05-09,1.519172191619873,1.519172191619873,1.519172191619873,1.519172191619873,0
1991-05-10,1.519172191619873,1.519172191619873,1.519172191619873,1.519172191619873,0
1991-05-13,1.519172191619873,1.519172191619873,1.519172191619873,1.519172191619873,0
1991-05-14,1.519172191619873,1.519172191619873,1.519172191619873,1.519172191619873,0
1991-05-15,1.519172191619873,1.519172191619873,1.519172191619873,1.519172191619873,0
1991-05-16,1.519172191619873,1.519172191619873,1.519172191619873,1.519172191619873,0
1991-05-17,1.519172191619873,1.519172191619873,1.519172191619873,1.519172191619873,0
1991-05-20,1.519172191619873,1.519172191619873,1.519172191619873,1.519172191619873,0
1991-05-21,1.519172191619873,1.519172191619873,1.519172191619873,1.519172191619873,0
1991-05-22,1.519172191619873,1.519172191619873,1.519172191619873,1.519172191619873,0
1991-05-23,1.519172191619873,1.519172191619873,1.519172191619873,1.519172191619873,0
1991-05-24,1.519172191619873,1.519172191619873,1.519172191619873,1.519172191619873,0
1991-05-28,1.519172191619873,1.519172191619873,1.519172191619873,1.519172191619873,0
1991-05-29,1.519172191619873,1.519172191619873,1.519172191619873,1.519172191619873,0
1991-05-30,1.519172191619873,1.519172191619873,1.519172191619873,1.519172191619873,0
1991-05-31,1.519172191619873,1.519172191619873,1.519172191619873,1.519172191619873,0
1991-06-03,1.519172191619873,1.519172191619873,1.519172191619873,1.519172191619873,0
1991-06-04,1.519172191619873,1.519172191619873,1.519172191619873,1.519172191619873,0
1991-06-05,1.519172191619873,1.519172191619873,1.519172191619873,1.519172191619873,0
1991-06-06,1.519172191619873,1.519172191619873,1.519172191619873,1.519172191619873,0
1991-06-07,1.519172191619873,1.519172191619873,1.519172191619873,1.519172191619873,0
1991-06-10,1.519172191619873,1.519172191619873,1.519172191619873,1.519172191619873,0
1991-06-11,1.519172191619873,1.519172191619873,1.519172191619873,1.519172191619873,0
1991-06-12,1.519172191619873,1.519172191619873,1.519172191619873,1.519172191619873,0
1991-06-13,1.519172191619873,1.519172191619873,1.519172191619873,1.519172191619873,0
1991-06-14,1.519172191619873,1.519172191619873,1.519172191619873,1.519172191619873,0
1991-06-17,1.519172191619873,1.519172191619873,1.519172191619873,1.519172191619873,0
1991-06-18,1.519172191619873,1.519172191619873,1.519172191619873,1.519172191619873,0
1991-06-19,1.519172191619873,1.519172191619873,1.519172191619873,1.519172191619873,0
1991-06-20,1.519172191619873,1.519172191619873,1.519172191619873,1.519172191619873,0
1991-06-21,1.519172191619873,1.519172191619873,1.519172191619873,1.519172191619873,0
1991-06-24,1.519172191619873,1.519172191619873,1.519172191619873,1.519172191619873,0
1991-06-25,1.519172191619873,1.519172191619873,1.519172191619873,1.519172191619873,0
1991-06-26,1.519172191619873,1.519172191619873,1.519172191619873,1.519172191619873,0
1991-06-27,1.519172191619873,1.519172191619873,1.519172191619873,1.519172191619873,0
1991-06-28,1.519172191619873,1.519172191619873,1.519172191619873,1.519172191619873,0
1991-07-01,1.519172191619873,1.519172191619873,1.519172191619873,1.519172191619873,0
1991-07-02,1.519172191619873,1.519172191619873,1.519172191619873,1.519172191619873,0
1991-07-03,1.519172191619873,1.519172191619873,1.519172191619873,1.519172191619873,0
1991-07-05,1.519172191619873,1.519172191619873,1.519172191619873,1.519172191619873,0
1991-07-08,1.519172191619873,1.519172191619873,1.519172191619873,1.519172191619873,0
1991-07-09,1.519172191619873,1.519172191619873,1.519172191619873,1.519172191619873,0
1991-07-10,1.519172191619873,1.519172191619873,1.519172191619873,1.519172191619873,0
1991-07-11,1.519172191619873,1.519172191619873,1.519172191619873,1.519172191619873,0
1991-07-12,1.519172191619873,1.519172191619873,1.519172191619873,1.519172191619873,0
1991-07-15,1.519172191619873,1.519172191619873,1.519172191619873,1.519172191619873,0
1991-07-16,1.519172191619873,1.519172191619873,1.519172191619873,1.519172191619873,0
1991-07-17,1.519172191619873,1.519172191619873,1.519172191619873,1.519172191619873,0
1991-07-18,1.486850380897522,1.5514963199476435,1.4868503808975222,1.5191732152648596,27185
1991-07-19,1.486850380897522,1.5514963199476435,1.4868503808975222,1.4868503808975222,17538
1991-07-22,1.486850380897522,1.5514963199476435,1.4868503808975222,1.4868503808975222,3069
1991-07-23,1.486850380897522,1.4868503808975222,1.4868503808975222,1.4868503808975222,0
1991-07-24,1.486850380897522,1.5514963199476435,1.4868503808975222,1.4868503808975222,3946
1991-07-25,1.486850380897522,1.4868503808975222,1.4868503808975222,1.4868503808975222,0
1991-07-26,1.486850380897522,1.5514963199476435,1.4868503808975222,1.4868503808975222,2192
1991-07-29,1.486850380897522,1.5514963199476435,1.4868503808975222,1.4868503808975222,438
1991-07-30,1.486850380897522,1.5514963199476435,1.4868503808975222,1.4868503808975222,2192
1991-07-31,1.486850380897522,1.4868503808975222,1.4868503808975222,1.4868503808975222,0
1991-08-01,1.486850380897522,1.4868503808975222,1.4868503808975222,1.4868503808975222,0
1991-08-02,1.486850380897522,1.5514963199476435,1.4868503808975222,1.4868503808975222,5700
1991-08-05,1.486850380897522,1.5514963199476435,1.4868503808975222,1.4868503808975222,1754
1991-08-06,1.486850380897522,1.4868503808975222,1.4868503808975222,1.4868503808975222,0
1991-08-07,1.486850380897522,1.5514963199476435,1.4868503808975222,1.4868503808975222,12277
1991-08-08,1.486850380897522,1.4868503808975222,1.4868503808975222,1.4868503808975222,0
1991-08-09,1.486850380897522,1.4868503808975222,1.4868503808975222,1.4868503808975222,0
1991-08-12,1.486850380897522,1.4868503808975222,1.4868503808975222,1.4868503808975222,0
1991-08-13,1.486850380897522,1.4868503808975222,1.4868503808975222,1.4868503808975222,0
1991-08-14,1.486850380897522,1.4868503808975222,1.4868503808975222,1.4868503808975222,0
1991-08-15,1.486850380897522,1.5514963199476435,1.4868503808975222,1.4868503808975222,2192
1991-08-16,1.486850380897522,1.4868503808975222,1.4868503808975222,1.4868503808975222,0
1991-08-19,1.486850380897522,1.4868503808975222,1.4868503808975222,1.4868503808975222,0
1991-08-20,1.486850380897522,1.5514963199476435,1.4868503808975222,1.4868503808975222,877
1991-08-21,1.486850380897522,1.4868503808975222,1.4868503808975222,1.4868503808975222,0
1991-08-22,1.486850380897522,1.4868503808975222,1.4868503808975222,1.4868503808975222,0
1991-08-23,1.486850380897522,1.4868503808975222,1.4868503808975222,1.4868503808975222,0
1991-08-26,1.486850380897522,1.4868503808975222,1.4868503808975222,1.4868503808975222,0
1991-08-27,1.486850380897522,1.5514963199476435,1.4868503808975222,1.4868503808975222,877
1991-08-28,1.486850380897522,1.5514963199476435,1.4868503808975222,1.4868503808975222,1315
1991-08-29,1.486850380897522,1.4868503808975222,1.4868503808975222,1.4868503808975222,0
1991-08-30,1.486850380897522,1.5514963199476435,1.4868503808975222,1.4868503808975222,21923
1991-09-03,1.486850380897522,1.4868503808975222,1.4868503808975222,1.4868503808975222,0
1991-09-04,1.5045115947723389,1.5045115947723389,1.5045115947723389,1.5045115947723389,0
1991-09-05,1.5045115947723389,1.5699254158974634,1.5045115947723389,1.5045115947723389,3508
1991-09-06,1.5045115947723389,1.5045115947723389,1.5045115947723389,1.5045115947723389,0
1991-09-09,1.5045115947723389,1.5045115947723389,1.5045115947723389,1.5045115947723389,0
1991-09-10,1.5045115947723389,1.5699254158974634,1.5045115947723389,1.5045115947723389,4823
1991-09-11,1.5045115947723389,1.5045115947723389,1.5045115947723389,1.5045115947723389,0
1991-09-12,1.5045115947723389,1.5045115947723389,1.5045115947723389,1.5045115947723389,0
1991-09-13,1.5045115947723389,1.5045115947723389,1.5045115947723389,1.5045115947723389,0
1991-09-16,1.5045115947723389,1.5045115947723389,1.5045115947723389,1.5045115947723389,0
1991-09-17,1.5045115947723389,1.5045115947723389,1.5045115947723389,1.5045115947723389,0
1991-09-18,1.5045115947723389,1.5045115947723389,1.5045115947723389,1.5045115947723389,0
1991-09-19,1.5045115947723389,1.5045115947723389,1.5045115947723389,1.5045115947723389,0
1991-09-20,1.5045115947723389,1.5699254158974634,1.5045115947723389,1.5045115947723389,438
1991-09-23,1.5045115947723389,1.5699254158974634,1.5045115947723389,1.5045115947723389,3508
1991-09-24,1.5045115947723389,1.5045115947723389,1.5045115947723389,1.5045115947723389,0
1991-09-25,1.5045115947723389,1.5045115947723389,1.5045115947723389,1.5045115947723389,0
1991-09-26,1.5045115947723389,1.5045115947723389,1.5045115947723389,1.5045115947723389,0
1991-09-27,1.5045115947723389,1.5045115947723389,1.5045115947723389,1.5045115947723389,0
1991-09-30,1.5045115947723389,1.5045115947723389,1.5045115947723389,1.5045115947723389,0
1991-10-01,1.5045115947723389,1.5699254158974634,1.5045115947723389,1.5045115947723389,0
1991-10-02,1.5045115947723389,1.5699254158974634,1.5045115947723389,1.5045115947723389,438
1991-10-03,1.5045115947723389,1.5045115947723389,1.5045115947723389,1.5045115947723389,0
1991-10-04,1.5045115947723389,1.5045115947723389,1.5045115947723389,1.5045115947723389,0
1991-10-07,1.5045115947723389,1.5699254158974634,1.5045115947723389,1.5045115947723389,28062
1991-10-08,1.5045115947723389,1.5699254158974634,1.5045115947723389,1.5045115947723389,3069
1991-10-09,1.5045115947723389,1.5045115947723389,1.5045115947723389,1.5045115947723389,0
1991-10-10,1.5045115947723389,1.5045115947723389,1.5045115947723389,1.5045115947723389,0
1991-10-11,1.5045115947723389,1.5045115947723389,1.5045115947723389,1.5045115947723389,0
1991-10-14,1.5045115947723389,1.5045115947723389,1.5045115947723389,1.5045115947723389,0
1991-10-15,1.5372185707092285,1.635339041772999,1.5372185707092283,1.5372185707092283,3508
1991-10-16,1.5372185707092285,1.5372185707092283,1.5372185707092283,1.5372185707092283,0
1991-10-17,1.5372185707092285,1.635339041772999,1.5372185707092283,1.5372185707092283,2631
1991-10-18,1.5372185707092285,1.635339041772999,1.5372185707092283,1.5372185707092283,3946
1991-10-21,1.5372185707092285,1.5372185707092283,1.5372185707092283,1.5372185707092283,0
1991-10-22,1.5372185707092285,1.635339041772999,1.5372185707092283,1.5372185707092283,438
1991-10-23,1.5372185707092285,1.5372185707092283,1.5372185707092283,1.5372185707092283,0
1991-10-24,1.5372185707092285,1.5372185707092283,1.5372185707092283,1.5372185707092283,0
1991-10-25,1.5372185707092285,1.635339041772999,1.5372185707092283,1.5372185707092283,438
1991-10-28,1.5535725355148315,1.6680463646325765,1.5535725355148315,1.5535725355148315,4385
1991-10-29,1.5535725355148315,1.5535725355148315,1.5535725355148315,1.5535725355148315,0
1991-10-30,1.5535725355148315,1.5535725355148315,1.5535725355148315,1.5535725355148315,0
1991-10-31,1.5535725355148315,1.5535725355148315,1.5535725355148315,1.5535725355148315,0
1991-11-01,1.5535725355148315,1.5535725355148315,1.5535725355148315,1.5535725355148315,0
1991-11-04,1.569925308227539,1.668045486133212,1.5699253082275393,1.5699253082275393,4823
1991-11-05,1.569925308227539,1.668045486133212,1.5699253082275393,1.5699253082275393,2631
1991-11-06,1.569925308227539,1.5699253082275393,1.5699253082275393,1.5699253082275393,0
1991-11-07,1.569925308227539,1.668045486133212,1.5699253082275393,1.5699253082275393,2631
1991-11-08,1.569925308227539,1.668045486133212,1.5699253082275393,1.5699253082275393,15785
1991-11-11,1.569925308227539,1.668045486133212,1.5699253082275393,1.5699253082275393,1315
1991-11-12,1.569925308227539,1.5699253082275393,1.5699253082275393,1.5699253082275393,0
1991-11-13,1.569925308227539,1.5699253082275393,1.5699253082275393,1.5699253082275393,0
1991-11-14,1.569925308227539,1.5699253082275393,1.5699253082275393,1.5699253082275393,0
1991-11-15,1.569925308227539,1.668045486133212,1.5699253082275393,1.5699253082275393,1754
1991-11-18,1.569925308227539,1.5699253082275393,1.5699253082275393,1.5699253082275393,0
1991-11-19,1.569925308227539,1.5699253082275393,1.5699253082275393,1.5699253082275393,0
1991-11-20,1.569925308227539,1.5699253082275393,1.5699253082275393,1.5699253082275393,0
1991-11-21,1.569925308227539,1.5699253082275393,1.5699253082275393,1.5699253082275393,0
1991-11-22,1.569925308227539,1.684398940292927,1.5699253082275393,1.5699253082275393,17977
1991-11-25,1.569925308227539,1.668045486133212,1.5699253082275393,1.5699253082275393,0
1991-11-26,1.569925308227539,1.5699253082275393,1.5699253082275393,1.5699253082275393,0
1991-11-27,1.569925308227539,1.5699253082275393,1.5699253082275393,1.5699253082275393,0
1991-11-29,1.569925308227539,1.5699253082275393,1.5699253082275393,1.5699253082275393,0
1991-12-02,1.569925308227539,1.668045486133212,1.5699253082275393,1.5699253082275393,2631
1991-12-03,1.569925308227539,1.668045486133212,1.5699253082275393,1.5699253082275393,1754
1991-12-04,1.569925308227539,1.5699253082275393,1.5699253082275393,1.5699253082275393,0
1991-12-05,1.569925308227539,1.5699253082275393,1.5699253082275393,1.5699253082275393,0
1991-12-06,1.569925308227539,1.5699253082275393,1.5699253082275393,1.5699253082275393,0
1991-12-09,1.569925308227539,1.5699253082275393,1.5699253082275393,1.5699253082275393,0
1991-12-10,1.569925308227539,1.5699253082275393,1.5699253082275393,1.5699253082275393,0
1991-12-11,1.569925308227539,1.5699253082275393,1.5699253082275393,1.5699253082275393,0
1991-12-12,1.569925308227539,1.5699253082275393,1.5699253082275393,1.5699253082275393,0
1991-12-13,1.569925308227539,1.5699253082275393,1.5699253082275393,1.5699253082275393,0
1991-12-16,1.5887916088104248,1.5887916088104246,1.5887916088104246,1.5887916088104246,0
1991-12-17,1.5887916088104248,1.5887916088104246,1.5887916088104246,1.5887916088104246,0
1991-12-18,1.5887916088104248,1.5887916088104246,1.5887916088104246,1.5887916088104246,0
1991-12-19,1.5887916088104248,1.6880909286535597,1.5887916088104246,1.5887916088104246,438
1991-12-20,1.5887916088104248,1.5887916088104246,1.5887916088104246,1.5887916088104246,0
1991-12-23,1.5887916088104248,1.6880909286535597,1.5887916088104246,1.5887916088104246,877
1991-12-24,1.5887916088104248,1.5887916088104246,1.5887916088104246,1.5887916088104246,0
1991-12-26,1.5887916088104248,1.5887916088104246,1.5887916088104246,1.5887916088104246,0
1991-12-27,1.5887916088104248,1.6880909286535597,1.5887916088104246,1.5887916088104246,877
1991-12-30,1.5887916088104248,1.5887916088104246,1.5887916088104246,1.5887916088104246,0
1991-12-31,1.5887916088104248,1.5887916088104246,1.5887916088104246,1.5887916088104246,0
1992-01-02,1.5887916088104248,1.6880909286535597,1.5887916088104246,1.5887916088104246,3508
1992-01-03,1.5887916088104248,1.6880909286535597,1.5887916088104246,1.5887916088104246,6138
1992-01-06,1.5887916088104248,1.6880909286535597,1.5887916088104246,1.5887916088104246,1315
1992-01-07,1.5887916088104248,1.5887916088104246,1.5887916088104246,1.5887916088104246,0
1992-01-08,1.5887916088104248,1.6880909286535597,1.5887916088104246,1.5887916088104246,5700
1992-01-09,1.5887916088104248,1.5887916088104246,1.5887916088104246,1.5887916088104246,0
1992-01-10,1.5887916088104248,1.6880909286535597,1.5887916088104246,1.5887916088104246,877
1992-01-13,1.5887916088104248,1.5887916088104246,1.5887916088104246,1.5887916088104246,0
1992-01-14,1.5887916088104248,1.5887916088104246,1.5887916088104246,1.5887916088104246,0
1992-01-15,1.5887916088104248,1.5887916088104246,1.5887916088104246,1.5887916088104246,0
1992-01-16,1.5887916088104248,1.5887916088104246,1.5887916088104246,1.5887916088104246,0
1992-01-17,1.5887916088104248,1.5887916088104246,1.5887916088104246,1.5887916088104246,0
1992-01-20,1.5887916088104248,1.5887916088104246,1.5887916088104246,1.5887916088104246,0
1992-01-21,1.6218920946121216,1.7046417534178113,1.6218920946121216,1.6218920946121216,1315
1992-01-22,1.6218920946121216,1.7046417534178113,1.6218920946121216,1.6218920946121216,438
1992-01-23,1.6218920946121216,1.6218920946121216,1.6218920946121216,1.6218920946121216,0
1992-01-24,1.6218920946121216,1.7046417534178113,1.6218920946121216,1.6218920946121216,438
1992-01-27,1.6218920946121216,1.7046417534178113,1.6218920946121216,1.6218920946121216,438
1992-01-28,1.6218920946121216,1.6218920946121216,1.6218920946121216,1.6218920946121216,0
1992-01-29,1.6218920946121216,1.6218920946121216,1.6218920946121216,1.6218920946121216,0
1992-01-30,1.6218920946121216,1.6218920946121216,1.6218920946121216,1.6218920946121216,0
1992-01-31,1.6218920946121216,1.6218920946121216,1.6218920946121216,1.6218920946121216,0
1992-02-03,1.6218920946121216,1.7046417534178113,1.6218920946121216,1.6218920946121216,0
1992-02-04,1.6218920946121216,1.6218920946121216,1.6218920946121216,1.6218920946121216,0
1992-02-05,1.6218920946121216,1.6218920946121216,1.6218920946121216,1.6218920946121216,0
1992-02-06,1.6218920946121216,1.6218920946121216,1.6218920946121216,1.6218920946121216,0
1992-02-07,1.6218920946121216,1.7046417534178113,1.6218920946121216,1.6218920946121216,3069
1992-02-10,1.6218920946121216,1.6218920946121216,1.6218920946121216,1.6218920946121216,0
1992-02-11,1.6218920946121216,1.6218920946121216,1.6218920946121216,1.6218920946121216,0
1992-02-12,1.6218920946121216,1.7046417534178113,1.6218920946121216,1.6218920946121216,3069
1992-02-13,1.6549911499023438,1.7046409494505559,1.6549911499023438,1.6549911499023438,877
1992-02-14,1.6549911499023438,1.6549911499023438,1.6549911499023438,1.6549911499023438,0
1992-02-18,1.6549911499023438,1.6549911499023438,1.6549911499023438,1.6549911499023438,0
1992-02-19,1.6549911499023438,1.7046409494505559,1.6549911499023438,1.6549911499023438,6577
1992-02-20,1.6549911499023438,1.6549911499023438,1.6549911499023438,1.6549911499023438,0
1992-02-21,1.6549911499023438,1.6549911499023438,1.6549911499023438,1.6549911499023438,0
1992-02-24,1.6549911499023438,1.6549911499023438,1.6549911499023438,1.6549911499023438,0
1992-02-25,1.6549911499023438,1.6549911499023438,1.6549911499023438,1.6549911499023438,0
1992-02-26,1.6549911499023438,1.7046409494505559,1.6549911499023438,1.6549911499023438,1754
1992-02-27,1.6549911499023438,1.6549911499023438,1.6549911499023438,1.6549911499023438,0
1992-02-28,1.6549911499023438,1.7046409494505559,1.6549911499023438,1.6549911499023438,438
1992-03-02,1.6549911499023438,1.6549911499023438,1.6549911499023438,1.6549911499023438,0
1992-03-03,1.6549911499023438,1.6549911499023438,1.6549911499023438,1.6549911499023438,0
1992-03-04,1.7211904525756836,1.8039399177074043,1.7211904525756836,1.7211904525756836,17538
1992-03-05,1.7211904525756836,1.7211904525756836,1.7211904525756836,1.7211904525756836,0
1992-03-06,1.7708406448364258,1.870139970199441,1.7708406448364258,1.7708406448364258,13154
1992-03-09,1.7899106740951538,1.8902793452773798,1.7899106740951536,1.7899106740951536,1315
1992-03-10,1.7899106740951538,1.7899106740951536,1.7899106740951536,1.7899106740951536,0
1992-03-11,1.8066388368606567,1.9237358684576311,1.8066388368606567,1.8066388368606567,1754
1992-03-12,1.8066388368606567,1.8066388368606567,1.8066388368606567,1.8066388368606567,0
1992-03-13,1.8066388368606567,1.8066388368606567,1.8066388368606567,1.8066388368606567,0
1992-03-16,1.8066388368606567,1.8066388368606567,1.8066388368606567,1.8066388368606567,0
1992-03-17,1.8066388368606567,1.9237358684576311,1.8066388368606567,1.8066388368606567,13154
1992-03-18,1.8066388368606567,1.8066388368606567,1.8066388368606567,1.8066388368606567,0
1992-03-19,1.8066388368606567,1.8066388368606567,1.8066388368606567,1.8066388368606567,0
1992-03-20,1.8066388368606567,1.8066388368606567,1.8066388368606567,1.8066388368606567,0
1992-03-23,1.8066388368606567,1.8066388368606567,1.8066388368606567,1.8066388368606567,0
1992-03-24,1.8400957584381104,1.9404644628305396,1.8400957584381101,1.8400957584381101,1754
1992-03-25,1.8400957584381104,1.9404644628305396,1.8400957584381101,1.8400957584381101,438
1992-03-26,1.8400957584381104,1.9404644628305396,1.8400957584381101,1.8400957584381101,438
1992-03-27,1.8400957584381104,1.9404644628305396,1.8400957584381101,1.8400957584381101,1754
1992-03-30,1.8400957584381104,1.8400957584381101,1.8400957584381101,1.8400957584381101,0
1992-03-31,1.8400957584381104,1.8400957584381101,1.8400957584381101,1.8400957584381101,0
1992-04-01,1.8400957584381104,1.9404644628305396,1.8400957584381101,1.8400957584381101,1315
1992-04-02,1.8400957584381104,1.9404644628305396,1.8400957584381101,1.8400957584381101,4385
1992-04-03,1.8400957584381104,1.8400957584381101,1.8400957584381101,1.8400957584381101,0
1992-04-06,1.8400957584381104,1.8400957584381101,1.8400957584381101,1.8400957584381101,0
1992-04-07,1.8400957584381104,1.8400957584381101,1.8400957584381101,1.8400957584381101,0
1992-04-08,1.8400957584381104,1.8400957584381101,1.8400957584381101,1.8400957584381101,0
1992-04-09,1.8400957584381104,1.8400957584381101,1.8400957584381101,1.8400957584381101,0
1992-04-10,1.8400957584381104,1.9404644628305396,1.8400957584381101,1.8400957584381101,4385
1992-04-13,1.8400957584381104,1.9404644628305396,1.8400957584381101,1.8400957584381101,3069
1992-04-14,1.8400957584381104,1.9404644628305396,1.8400957584381101,1.8400957584381101,3508
1992-04-15,1.9070086479187012,2.040833666479087,1.9070086479187012,1.9070086479187012,8769
1992-04-16,1.940463662147522,2.0408323251253733,1.9404636621475222,1.9404636621475222,438
1992-04-20,1.940463662147522,1.9404636621475222,1.9404636621475222,1.9404636621475222,0
1992-04-21,1.940463662147522,2.0408323251253733,1.9404636621475222,1.9404636621475222,4385
1992-04-22,1.940463662147522,2.0408323251253733,1.9404636621475222,1.9404636621475222,438
1992-04-23,1.940463662147522,2.0408323251253733,1.9404636621475222,1.9404636621475222,7892
1992-04-24,1.940463662147522,1.9404636621475222,1.9404636621475222,1.9404636621475222,0
1992-04-27,1.940463662147522,1.9404636621475222,1.9404636621475222,1.9404636621475222,0
1992-04-28,1.940463662147522,1.9404636621475222,1.9404636621475222,1.9404636621475222,0
1992-04-29,1.940463662147522,2.0408323251253733,1.9404636621475222,1.9404636621475222,4385
1992-04-30,1.940463662147522,1.9404636621475222,1.9404636621475222,1.9404636621475222,0
1992-05-01,1.940463662147522,1.9404636621475222,1.9404636621475222,1.9404636621475222,0
1992-05-04,1.9070086479187012,2.007377376864676,1.9070086479187012,2.007377376864676,1462
1992-05-05,1.9070086479187012,1.9070086479187012,1.9070086479187012,1.9070086479187012,0
1992-05-06,1.9070086479187012,2.007377376864676,1.9070086479187012,1.9070086479187012,7892
1992-05-07,1.9070086479187012,2.007377376864676,1.9070086479187012,1.9070086479187012,292
1992-05-08,1.9070086479187012,1.9070086479187012,1.9070086479187012,1.9070086479187012,0
1992-05-11,1.9070086479187012,2.007377376864676,1.9070086479187012,1.9070086479187012,0
1992-05-12,2.0575616359710693,2.157930346128725,2.0575616359710693,2.0575616359710693,12862
1992-05-13,2.157930612564087,2.308483836286308,2.157930612564087,2.157930612564087,292
1992-05-14,2.157930612564087,2.308483836286308,2.157930612564087,2.157930612564087,1169
1992-05-15,2.157930612564087,2.308483836286308,2.157930612564087,2.157930612564087,0
1992-05-18,2.157930612564087,2.157930612564087,2.157930612564087,2.157930612564087,0
1992-05-19,2.157930612564087,2.157930612564087,2.157930612564087,2.157930612564087,0
1992-05-20,2.157930612564087,2.157930612564087,2.157930612564087,2.157930612564087,0
1992-05-21,2.157930612564087,2.157930612564087,2.157930612564087,2.157930612564087,0
1992-05-22,2.157930612564087,2.308483836286308,2.157930612564087,2.157930612564087,292
1992-05-26,2.157930612564087,2.308483836286308,2.157930612564087,2.157930612564087,585
1992-05-27,2.157930612564087,2.157930612564087,2.157930612564087,2.157930612564087,0
1992-05-28,2.157930612564087,2.308483836286308,2.157930612564087,2.157930612564087,585
1992-05-29,2.157930612564087,2.308483836286308,2.157930612564087,2.157930612564087,585
1992-06-01,2.157930612564087,2.308483836286308,2.157930612564087,2.157930612564087,877
1992-06-02,2.157930612564087,2.308483836286308,2.157930612564087,2.157930612564087,0
1992-06-03,2.157930612564087,2.157930612564087,2.157930612564087,2.157930612564087,0
1992-06-04,2.157930612564087,2.308483836286308,2.157930612564087,2.157930612564087,1462
1992-06-05,2.157930612564087,2.308483836286308,2.157930612564087,2.157930612564087,5846
1992-06-08,2.157930612564087,2.308483836286308,2.157930612564087,2.157930612564087,0
1992-06-09,2.177170753479004,2.329066311946719,2.177170753479004,2.177170753479004,585
1992-06-10,2.177170753479004,2.177170753479004,2.177170753479004,2.177170753479004,0
1992-06-11,2.177170753479004,2.329066311946719,2.177170753479004,2.177170753479004,585
1992-06-12,2.177170753479004,2.177170753479004,2.177170753479004,2.177170753479004,0
1992-06-15,2.177170753479004,2.177170753479004,2.177170753479004,2.177170753479004,0
1992-06-16,2.177170753479004,2.177170753479004,2.177170753479004,2.177170753479004,877
1992-06-17,2.3290646076202393,2.3290646076202393,2.3290646076202393,2.3290646076202393,292
1992-06-18,2.3290646076202393,2.3290646076202393,2.3290646076202393,2.3290646076202393,0
1992-06-19,2.3290646076202393,2.3290646076202393,2.3290646076202393,2.3290646076202393,0
1992-06-22,2.3290646076202393,2.3290646076202393,2.3290646076202393,2.3290646076202393,0
1992-06-23,2.3290646076202393,2.3290646076202393,2.3290646076202393,2.3290646076202393,0
1992-06-24,2.2784335613250732,2.2784335613250732,2.227801638539301,2.227801638539301,17831
1992-06-25,2.177170753479004,2.177170753479004,2.177170753479004,2.177170753479004,877
1992-06-26,2.177170753479004,2.177170753479004,2.177170753479004,2.177170753479004,0
1992-06-29,2.253117799758911,2.253117799758911,2.1771700452313545,2.1771700452313545,13446
1992-06-30,2.3290646076202393,2.3290646076202393,2.1771691603041994,2.3290646076202393,19877
1992-07-01,2.3290646076202393,2.3290646076202393,2.3290646076202393,2.3290646076202393,0
1992-07-02,2.4809606075286865,2.4809606075286865,2.3796967825202273,2.3796967825202273,10231
1992-07-06,2.430330276489258,2.480962221940713,2.430330276489258,2.480962221940713,15492
1992-07-07,2.556908369064331,2.582224327049797,2.556908369064331,2.582224327049797,1754
1992-07-08,2.556908369064331,2.582224327049797,2.4303288614259797,2.4303288614259797,6723
1992-07-09,2.430330276489258,2.430330276489258,2.430330276489258,2.430330276489258,292
1992-07-10,2.430330276489258,2.430330276489258,2.430330276489258,2.430330276489258,0
1992-07-13,2.430330276489258,2.430330276489258,2.430330276489258,2.430330276489258,0
1992-07-14,2.5822255611419678,2.5822255611419678,2.430330022924533,2.5822255611419678,1754
1992-07-15,2.5822255611419678,2.5822255611419678,2.5822255611419678,2.5822255611419678,0
1992-07-16,2.5822255611419678,2.5822255611419678,2.5822255611419678,2.5822255611419678,0
1992-07-17,2.5822255611419678,2.5822255611419678,2.5822255611419678,2.5822255611419678,0
1992-07-20,2.632856607437134,2.632856607437134,2.632856607437134,2.632856607437134,877
1992-07-21,2.632856607437134,2.632856607437134,2.632856607437134,2.632856607437134,0
1992-07-22,2.632856607437134,2.632856607437134,2.4303291978103556,2.4303291978103556,1462
1992-07-23,2.632856607437134,2.632856607437134,2.632856607437134,2.632856607437134,585
1992-07-24,2.632856607437134,2.632856607437134,2.632856607437134,2.632856607437134,0
1992-07-27,2.632856607437134,2.632856607437134,2.632856607437134,2.632856607437134,292
1992-07-28,2.632856607437134,2.632856607437134,2.632856607437134,2.632856607437134,0
1992-07-29,2.632856607437134,2.632856607437134,2.632856607437134,2.632856607437134,0
1992-07-30,2.632856607437134,2.632856607437134,2.632856607437134,2.632856607437134,0
1992-07-31,2.632856607437134,2.632856607437134,2.632856607437134,2.632856607437134,0
1992-08-03,2.632856607437134,2.632856607437134,2.632856607437134,2.632856607437134,0
1992-08-04,2.632856607437134,2.632856607437134,2.632856607437134,2.632856607437134,0
1992-08-05,2.632856607437134,2.632856607437134,2.632856607437134,2.632856607437134,0
1992-08-06,2.9366490840911865,2.9366490840911865,2.6328579552757745,2.6328579552757745,17538
1992-08-07,2.83538556098938,2.8353855609893803,2.8353855609893803,2.8353855609893803,19000
1992-08-10,2.83538556098938,2.8353855609893803,2.8353855609893803,2.8353855609893803,0
1992-08-11,2.9366490840911865,2.9366490840911865,2.9366490840911865,2.9366490840911865,292
1992-08-12,2.9366490840911865,2.9366490840911865,2.9366490840911865,2.9366490840911865,0
1992-08-13,2.9366490840911865,2.9366490840911865,2.9366490840911865,2.9366490840911865,877
1992-08-14,2.9366490840911865,2.9366490840911865,2.9366490840911865,2.9366490840911865,0
1992-08-17,2.83538556098938,2.9366491797983727,2.8353855609893803,2.9366491797983727,13446
1992-08-18,2.83538556098938,2.8353855609893803,2.8353855609893803,2.8353855609893803,0
1992-08-19,2.83538556098938,2.9366491797983727,2.8353855609893803,2.9366491797983727,9354
1992-08-20,2.9366490840911865,2.9366490840911865,2.9366490840911865,2.9366490840911865,1462
1992-08-21,2.9366490840911865,2.9366490840911865,2.9366490840911865,2.9366490840911865,0
1992-08-24,2.9366490840911865,2.9366490840911865,2.9366490840911865,2.9366490840911865,0
1992-08-25,2.9366490840911865,2.9366490840911865,2.9366490840911865,2.9366490840911865,0
1992-08-26,2.9366490840911865,2.9366490840911865,2.9366490840911865,2.9366490840911865,0
1992-08-27,2.78475284576416,2.78475284576416,2.78475284576416,2.78475284576416,1462
1992-08-28,2.78475284576416,2.78475284576416,2.78475284576416,2.78475284576416,0
1992-08-31,2.78475284576416,2.78475284576416,2.78475284576416,2.78475284576416,0
1992-09-01,2.5822255611419678,2.683489159190553,2.5822255611419678,2.683489159190553,9354
1992-09-02,2.5822255611419678,2.5822255611419678,2.5822255611419678,2.5822255611419678,0
1992-09-03,2.683488130569458,2.683488130569458,2.4809610121039585,2.4809610121039585,2631
1992-09-04,2.683488130569458,2.683488130569458,2.683488130569458,2.683488130569458,4385
1992-09-08,2.683488130569458,2.683488130569458,2.683488130569458,2.683488130569458,585
1992-09-09,2.702867269515991,2.702867269515991,2.702867269515991,2.702867269515991,0
1992-09-10,2.626370429992676,2.626370429992676,2.626370429992676,2.626370429992676,585
1992-09-11,2.626370429992676,2.626370429992676,2.626370429992676,2.626370429992676,0
1992-09-14,2.626370429992676,2.626370429992676,2.626370429992676,2.626370429992676,0
1992-09-15,2.626370429992676,2.626370429992676,2.626370429992676,2.626370429992676,0
1992-09-16,2.6008734703063965,2.6008734703063965,2.6008734703063965,2.6008734703063965,2046
1992-09-17,2.5243771076202393,2.5243771076202393,2.5243771076202393,2.5243771076202393,2923
1992-09-18,2.5498762130737305,2.5498762130737305,2.49887890490134,2.49887890490134,2923
1992-09-21,2.702867269515991,2.702867269515991,2.702867269515991,2.702867269515991,2923
1992-09-22,2.702867269515991,2.702867269515991,2.702867269515991,2.702867269515991,0
1992-09-23,2.702867269515991,2.702867269515991,2.6263709214280286,2.6263709214280286,4969
1992-09-24,2.702867269515991,2.702867269515991,2.702867269515991,2.702867269515991,0
1992-09-25,2.702867269515991,2.702867269515991,2.702867269515991,2.702867269515991,0
1992-09-28,2.702867269515991,2.702867269515991,2.702867269515991,2.702867269515991,0
1992-09-29,2.702867269515991,2.702867269515991,2.702867269515991,2.702867269515991,0
1992-09-30,2.702867269515991,2.702867269515991,2.702867269515991,2.702867269515991,0
1992-10-01,2.702867269515991,2.702867269515991,2.702867269515991,2.702867269515991,0
1992-10-02,2.702867269515991,2.702867269515991,2.702867269515991,2.702867269515991,0
1992-10-05,2.702867269515991,2.702867269515991,2.702867269515991,2.702867269515991,0
1992-10-06,2.6518709659576416,2.6518709659576416,2.6518709659576416,2.6518709659576416,585
1992-10-07,2.6518709659576416,2.6518709659576416,2.6518709659576416,2.6518709659576416,0
1992-10-08,2.5498762130737305,2.5498762130737305,2.5498762130737305,2.5498762130737305,2923
1992-10-09,2.5498762130737305,2.5498762130737305,2.5498762130737305,2.5498762130737305,0
1992-10-12,2.5498762130737305,2.5498762130737305,2.5498762130737305,2.5498762130737305,0
1992-10-13,2.5498762130737305,2.5498762130737305,2.5498762130737305,2.5498762130737305,585
1992-10-14,2.5498762130737305,2.5498762130737305,2.5498762130737305,2.5498762130737305,0
1992-10-15,2.5498762130737305,2.5498762130737305,2.5498762130737305,2.5498762130737305,0
1992-10-16,2.5498762130737305,2.5498762130737305,2.5498762130737305,2.5498762130737305,0
1992-10-19,2.6008734703063965,2.6008734703063965,2.6008734703063965,2.6008734703063965,585
1992-10-20,2.6008734703063965,2.6008734703063965,2.6008734703063965,2.6008734703063965,0
1992-10-21,2.575373649597168,2.600872432384577,2.575373649597168,2.600872432384577,5262
1992-10-22,2.575373649597168,2.575373649597168,2.575373649597168,2.575373649597168,0
1992-10-23,2.575373649597168,2.575373649597168,2.575373649597168,2.575373649597168,0
1992-10-26,2.575373649597168,2.575373649597168,2.575373649597168,2.575373649597168,0
1992-10-27,2.575373649597168,2.575373649597168,2.575373649597168,2.575373649597168,0
1992-10-28,2.575373649597168,2.575373649597168,2.575373649597168,2.575373649597168,0
1992-10-29,2.575373649597168,2.575373649597168,2.575373649597168,2.575373649597168,0
1992-10-30,2.575373649597168,2.575373649597168,2.575373649597168,2.575373649597168,0
1992-11-02,2.575373649597168,2.575373649597168,2.575373649597168,2.575373649597168,0
1992-11-03,2.702867269515991,2.702867269515991,2.6518699884516073,2.6518699884516073,4385
1992-11-04,2.702867269515991,2.702867269515991,2.702867269515991,2.702867269515991,0
1992-11-05,2.702867269515991,2.702867269515991,2.702867269515991,2.702867269515991,0
1992-11-06,2.702867269515991,2.702867269515991,2.702867269515991,2.702867269515991,0
1992-11-09,2.75386643409729,2.75386643409729,2.75386643409729,2.75386643409729,1754
1992-11-10,2.75386643409729,2.75386643409729,2.75386643409729,2.75386643409729,0
1992-11-11,2.6518709659576416,2.6518709659576416,2.6518709659576416,2.6518709659576416,2631
1992-11-12,2.8048617839813232,2.8048617839813232,2.753864229795156,2.753864229795156,38292
1992-11-13,2.8048617839813232,2.8048617839813232,2.8048617839813232,2.8048617839813232,0
1992-11-16,2.8048617839813232,2.8048617839813232,2.8048617839813232,2.8048617839813232,0
1992-11-17,2.8048617839813232,2.8048617839813232,2.8048617839813232,2.8048617839813232,0
1992-11-18,2.830361843109131,2.8303618431091304,2.8303618431091304,2.8303618431091304,292
1992-11-19,2.830361843109131,2.8303618431091304,2.8303618431091304,2.8303618431091304,1462
1992-11-20,2.830361843109131,2.8303618431091304,2.8303618431091304,2.8303618431091304,0
1992-11-23,2.830361843109131,2.8303618431091304,2.8303618431091304,2.8303618431091304,0
1992-11-24,2.830361843109131,2.8303618431091304,2.8303618431091304,2.8303618431091304,1169
1992-11-25,2.830361843109131,2.8303618431091304,2.8303618431091304,2.8303618431091304,0
1992-11-27,2.830361843109131,2.8303618431091304,2.8303618431091304,2.8303618431091304,0
1992-11-30,2.8176136016845703,2.830363144029956,2.8176136016845703,2.830363144029956,29523
1992-12-01,2.75386643409729,2.830362826607238,2.7411171775095102,2.830362826607238,179477
1992-12-02,2.75386643409729,2.75386643409729,2.75386643409729,2.75386643409729,0
1992-12-03,2.75386643409729,2.75386643409729,2.75386643409729,2.75386643409729,0
1992-12-04,2.90685772895813,2.90685772895813,2.90685772895813,2.90685772895813,877
1992-12-07,2.90685772895813,2.90685772895813,2.90685772895813,2.90685772895813,0
1992-12-08,2.90685772895813,2.90685772895813,2.90685772895813,2.90685772895813,0
1992-12-09,2.927401065826416,2.927401065826416,2.927401065826416,2.927401065826416,0
1992-12-10,2.927401065826416,2.927401065826416,2.927401065826416,2.927401065826416,0
1992-12-11,2.927401065826416,2.927401065826416,2.927401065826416,2.927401065826416,0
1992-12-14,2.927401065826416,2.927401065826416,2.927401065826416,2.927401065826416,0
1992-12-15,2.7733280658721924,2.7733280658721924,2.7733280658721924,2.7733280658721924,1169
1992-12-16,2.7733280658721924,2.7733280658721924,2.7733280658721924,2.7733280658721924,0
1992-12-17,2.7733280658721924,2.7733280658721924,2.7733280658721924,2.7733280658721924,0
1992-12-18,2.7733280658721924,2.7733280658721924,2.7733280658721924,2.7733280658721924,0
1992-12-21,2.927401065826416,2.978759049590362,2.927401065826416,2.927401065826416,10231
1992-12-22,3.0814735889434814,3.0814735889434814,2.978757945813831,2.978757945813831,7308
1992-12-23,3.2355480194091797,3.3382639659000963,3.081474099672805,3.1071533726325136,43554
1992-12-24,3.2098708152770996,3.2098708152770996,3.2098708152770996,3.2098708152770996,13154
1992-12-28,3.2098708152770996,3.28690781792512,3.2098708152770996,3.28690781792512,4969
1992-12-29,3.2355480194091797,3.2355480194091797,3.2098690327864507,3.2098690327864507,98800
1992-12-30,3.2098708152770996,3.28690781792512,3.2098708152770996,3.2098708152770996,18415
1992-12-31,3.2355480194091797,3.2355480194091797,3.2098690327864507,3.2098690327864507,15785
1993-01-04,3.2098708152770996,3.2483894597696787,3.2098708152770996,3.2098708152770996,10231
1993-01-05,3.2098708152770996,3.2098708152770996,3.2098708152770996,3.2098708152770996,0
1993-01-06,3.28690505027771,3.28690505027771,3.28690505027771,3.28690505027771,1169
1993-01-07,3.2098708152770996,3.28690781792512,3.2098708152770996,3.28690781792512,5554
1993-01-08,3.2098708152770996,3.2098708152770996,3.2098708152770996,3.2098708152770996,0
1993-01-11,3.2098708152770996,3.28690781792512,3.2098708152770996,3.28690781792512,9938
1993-01-12,3.28690505027771,3.28690505027771,3.28690505027771,3.28690505027771,3215
1993-01-13,3.2098708152770996,3.2098708152770996,3.2098708152770996,3.2098708152770996,9062
1993-01-14,3.261226177215576,3.261226177215576,3.261226177215576,3.261226177215576,2631
1993-01-15,3.261226177215576,3.261226177215576,3.261226177215576,3.261226177215576,0
1993-01-18,3.261226177215576,3.261226177215576,3.261226177215576,3.261226177215576,0
1993-01-19,3.3382654190063477,3.3382654190063477,3.28690742340538,3.28690742340538,877
1993-01-20,3.3382654190063477,3.3382654190063477,3.3382654190063477,3.3382654190063477,0
1993-01-21,3.3382654190063477,3.3382654190063477,3.3382654190063477,3.3382654190063477,0
1993-01-22,3.2098708152770996,3.2098708152770996,3.2098708152770996,3.2098708152770996,1754
1993-01-25,3.2098708152770996,3.28690781792512,3.1970314580043317,3.1970314580043317,119261
1993-01-26,3.2355480194091797,3.3382639659000963,3.1970296826435756,3.3382639659000963,11985
1993-01-27,3.2098708152770996,3.2098708152770996,3.2098708152770996,3.2098708152770996,7308
1993-01-28,3.1841933727264404,3.1841933727264404,3.1841933727264404,3.1841933727264404,2923
1993-01-29,3.1841933727264404,3.1841933727264404,3.1841933727264404,3.1841933727264404,0
1993-02-01,3.3382654190063477,3.3382654190063477,3.3382654190063477,3.3382654190063477,292
1993-02-02,3.1841933727264404,3.1841933727264404,3.1841933727264404,3.1841933727264404,1462
1993-02-03,3.3382654190063477,3.3382654190063477,3.3382654190063477,3.3382654190063477,1754
1993-02-04,3.3382654190063477,3.3382654190063477,3.3382654190063477,3.3382654190063477,585
1993-02-05,3.1841933727264404,3.1841933727264404,3.1841933727264404,3.1841933727264404,2923
1993-02-08,3.1841933727264404,3.338267453425744,3.1841933727264404,3.338267453425744,9354
1993-02-09,3.1841933727264404,3.1841933727264404,3.1841933727264404,3.1841933727264404,0
1993-02-10,3.1841933727264404,3.1841933727264404,3.1841933727264404,3.1841933727264404,0
1993-02-11,3.28690505027771,3.28690505027771,3.184189133236111,3.184189133236111,1754
1993-02-12,3.28690505027771,3.28690505027771,3.28690505027771,3.28690505027771,0
1993-02-16,3.28690505027771,3.28690505027771,3.28690505027771,3.28690505027771,0
1993-02-17,3.2355480194091797,3.2355480194091797,3.2355480194091797,3.2355480194091797,3215
1993-02-18,3.3382654190063477,3.3382654190063477,3.3382654190063477,3.3382654190063477,292
1993-02-19,3.1328325271606445,3.338264449928904,3.1328325271606445,3.1328325271606445,585
1993-02-22,3.1328325271606445,3.1328325271606445,3.1328325271606445,3.1328325271606445,0
1993-02-23,3.1328325271606445,3.1328325271606445,3.1328325271606445,3.1328325271606445,1169
1993-02-24,3.3382654190063477,3.3382654190063477,3.3382654190063477,3.3382654190063477,877
1993-02-25,3.3382654190063477,3.3382654190063477,3.3382654190063477,3.3382654190063477,0
1993-02-26,3.3382654190063477,3.3382654190063477,3.3382654190063477,3.3382654190063477,0
1993-03-01,3.3382654190063477,3.3382654190063477,3.3382654190063477,3.3382654190063477,0
1993-03-02,3.3382654190063477,3.3382654190063477,3.3382654190063477,3.3382654190063477,0
1993-03-03,3.1328325271606445,3.338264449928904,3.1328325271606445,3.235548488544774,2046
1993-03-04,3.1328325271606445,3.1328325271606445,3.1328325271606445,3.1328325271606445,0
1993-03-05,3.1328325271606445,3.1328325271606445,3.1328325271606445,3.1328325271606445,0
1993-03-08,3.1328325271606445,3.1328325271606445,3.1328325271606445,3.1328325271606445,0
1993-03-09,3.3603005409240723,3.360300540924072,3.360300540924072,3.360300540924072,2046
1993-03-10,3.3603005409240723,3.360300540924072,3.360300540924072,3.360300540924072,0
1993-03-11,3.1535112857818604,3.1535112857818604,3.1535112857818604,3.1535112857818604,2923
1993-03-12,3.1535112857818604,3.1535112857818604,3.1535112857818604,3.1535112857818604,0
1993-03-15,3.1535112857818604,3.1535112857818604,3.1535112857818604,3.1535112857818604,0
1993-03-16,3.2569050788879395,3.256905078887939,3.256905078887939,3.256905078887939,2923
1993-03-17,3.2569050788879395,3.256905078887939,3.256905078887939,3.256905078887939,0
1993-03-18,3.2569050788879395,3.256905078887939,3.256905078887939,3.256905078887939,0
1993-03-19,3.3603005409240723,3.360300540924072,3.2569065450984933,3.2569065450984933,2046
1993-03-22,3.3603005409240723,3.360300540924072,3.360300540924072,3.360300540924072,877
1993-03-23,3.1535112857818604,3.1535112857818604,3.1535112857818604,3.1535112857818604,1169
1993-03-24,3.3603005409240723,3.360300540924072,3.360300540924072,3.360300540924072,5262
1993-03-25,3.3603005409240723,3.360300540924072,3.205209547185704,3.360300540924072,3215
1993-03-26,3.3603005409240723,3.360300540924072,3.205209547185704,3.205209547185704,3215
1993-03-29,3.3603005409240723,3.360300540924072,3.360300540924072,3.360300540924072,0
1993-03-30,3.3603005409240723,3.360300540924072,3.360300540924072,3.360300540924072,0
1993-03-31,3.3603005409240723,3.360300540924072,3.360300540924072,3.360300540924072,0
1993-04-01,3.3603005409240723,3.360300540924072,3.360300540924072,3.360300540924072,0
1993-04-02,3.2052111625671387,3.2052111625671387,3.2052111625671387,3.2052111625671387,877
1993-04-05,3.4119973182678223,3.4119973182678223,3.4119973182678223,3.4119973182678223,877
1993-04-06,3.2569050788879395,3.256905078887939,3.256905078887939,3.256905078887939,585
1993-04-07,3.2052111625671387,3.2052111625671387,3.2052111625671387,3.2052111625671387,1462
1993-04-08,3.308600664138794,3.308600664138794,3.308600664138794,3.308600664138794,292
1993-04-12,3.2569050788879395,3.2827535662077265,3.205208104248364,3.205208104248364,11400
1993-04-13,3.4119973182678223,3.4119973182678223,3.2052093399845023,3.2052093399845023,1169
1993-04-14,3.4119973182678223,3.4119973182678223,3.4119973182678223,3.4119973182678223,0
1993-04-15,3.4119973182678223,3.4119973182678223,3.4119973182678223,3.4119973182678223,0
1993-04-16,3.4119973182678223,3.4119973182678223,3.4119973182678223,3.4119973182678223,0
1993-04-19,3.308600664138794,3.308600664138794,3.308600664138794,3.308600664138794,4385
1993-04-20,3.4119973182678223,3.4119973182678223,3.4119973182678223,3.4119973182678223,585
1993-04-21,3.4119973182678223,3.4119973182678223,3.4119973182678223,3.4119973182678223,0
1993-04-22,3.4119973182678223,3.4119973182678223,3.4119973182678223,3.4119973182678223,877
1993-04-23,3.4119973182678223,3.4119973182678223,3.4119973182678223,3.4119973182678223,0
1993-04-26,3.2569050788879395,3.256905078887939,3.256905078887939,3.256905078887939,292
1993-04-27,3.43784499168396,3.43784499168396,3.43784499168396,3.43784499168396,292
1993-04-28,3.43784499168396,3.43784499168396,3.43784499168396,3.43784499168396,877
1993-04-29,3.43784499168396,3.43784499168396,3.43784499168396,3.43784499168396,0
1993-04-30,3.43784499168396,3.43784499168396,3.43784499168396,3.43784499168396,0
1993-05-03,3.3603005409240723,3.360300540924072,3.2569065450984933,3.308603543011283,33908
1993-05-04,3.3603005409240723,3.360300540924072,3.360300540924072,3.360300540924072,0
1993-05-05,3.3603005409240723,3.360300540924072,3.360300540924072,3.360300540924072,877
1993-05-06,3.3603005409240723,3.4119975388368613,3.360300540924072,3.4119975388368613,7892
1993-05-07,3.43784499168396,3.43784499168396,3.43784499168396,3.43784499168396,292
1993-05-10,3.3603005409240723,3.437845749566107,3.308603543011283,3.308603543011283,16662
1993-05-11,3.43784499168396,3.43784499168396,3.3602998001369704,3.3602998001369704,11400
1993-05-12,3.3603005409240723,3.360300540924072,3.360300540924072,3.360300540924072,8769
1993-05-13,3.5412375926971436,3.541237592697144,3.541237592697144,3.541237592697144,877
1993-05-14,3.5412375926971436,3.541237592697144,3.541237592697144,3.541237592697144,0
1993-05-17,3.4119973182678223,3.4119973182678223,3.4119973182678223,3.4119973182678223,2338
1993-05-18,3.5412375926971436,3.541237592697144,3.541237592697144,3.541237592697144,3215
1993-05-19,3.489541530609131,3.489541530609131,3.4119963490085814,3.4119963490085814,2923
1993-05-20,3.489541530609131,3.489541530609131,3.489541530609131,3.489541530609131,0
1993-05-21,3.489541530609131,3.489541530609131,3.489541530609131,3.489541530609131,0
1993-05-24,3.489541530609131,3.489541530609131,3.489541530609131,3.489541530609131,0
1993-05-25,3.567087173461914,3.5670871734619145,3.411996514510937,3.411996514510937,4092
1993-05-26,3.567087173461914,3.5670871734619145,3.5670871734619145,3.5670871734619145,0
1993-05-27,3.5153894424438477,3.515389442443848,3.515389442443848,3.515389442443848,877
1993-05-28,3.5153894424438477,3.515389442443848,3.515389442443848,3.515389442443848,0
1993-06-01,3.5153894424438477,3.515389442443848,3.515389442443848,3.515389442443848,0
1993-06-02,3.5153894424438477,3.515389442443848,3.411995787903912,3.411995787903912,6431
1993-06-03,3.5153894424438477,3.515389442443848,3.515389442443848,3.515389442443848,0
1993-06-04,3.5153894424438477,3.515389442443848,3.515389442443848,3.515389442443848,0
1993-06-07,3.567087173461914,3.5670871734619145,3.5670871734619145,3.5670871734619145,292
1993-06-08,3.489541530609131,3.489541530609131,3.489541530609131,3.489541530609131,20754
1993-06-09,3.4323370456695557,3.4323370456695557,3.4323370456695557,3.4323370456695557,7308
1993-06-10,3.4323370456695557,3.4323370456695557,3.4323370456695557,3.4323370456695557,0
1993-06-11,3.4323370456695557,3.4323370456695557,3.4323370456695557,3.4323370456695557,0
1993-06-14,3.5233442783355713,3.5363454203463225,3.432335414424763,3.432335414424763,4969
1993-06-15,3.5233442783355713,3.5233442783355713,3.5233442783355713,3.5233442783355713,0
1993-06-16,3.5233442783355713,3.5233442783355713,3.5233442783355713,3.5233442783355713,0
1993-06-17,3.614352226257324,3.614352226257324,3.614352226257324,3.614352226257324,585
1993-06-18,3.614352226257324,3.614352226257324,3.614352226257324,3.614352226257324,292
1993-06-21,3.4323370456695557,3.5883522736719335,3.4323370456695557,3.523345952833053,2046
1993-06-22,3.4323370456695557,3.4323370456695557,3.4323370456695557,3.4323370456695557,585
1993-06-23,3.4323370456695557,3.4323370456695557,3.4323370456695557,3.4323370456695557,0
1993-06-24,3.4323370456695557,3.4323370456695557,3.4323370456695557,3.4323370456695557,585
1993-06-25,3.4323370456695557,3.4323370456695557,3.4323370456695557,3.4323370456695557,0
1993-06-28,3.4323370456695557,3.4323370456695557,3.4323370456695557,3.4323370456695557,877
1993-06-29,3.4323370456695557,3.4323370456695557,3.4323370456695557,3.4323370456695557,0
1993-06-30,3.4323370456695557,3.4323370456695557,3.4323370456695557,3.4323370456695557,0
1993-07-01,3.4323370456695557,3.4323370456695557,3.4323370456695557,3.4323370456695557,0
1993-07-02,3.4323370456695557,3.4323370456695557,3.4323370456695557,3.4323370456695557,0
1993-07-06,3.4323370456695557,3.4323370456695557,3.4323370456695557,3.4323370456695557,0
1993-07-07,3.614352226257324,3.666357365182858,3.614352226257324,3.614352226257324,2923
1993-07-08,3.6663577556610107,3.6663577556610103,3.6663577556610103,3.6663577556610103,1462
1993-07-09,3.6663577556610107,3.6663577556610103,3.6663577556610103,3.6663577556610103,0
1993-07-12,3.692359685897827,3.692359685897827,3.666357118186808,3.666357118186808,2046
1993-07-13,3.484339475631714,3.484339475631714,3.484339475631714,3.484339475631714,292
1993-07-14,3.588351249694824,3.5883512496948247,3.5883512496948247,3.5883512496948247,1754
1993-07-15,3.692359685897827,3.692359685897827,3.692359685897827,3.692359685897827,292
1993-07-16,3.692359685897827,3.692359685897827,3.692359685897827,3.692359685897827,0
1993-07-19,3.6663577556610107,3.6663577556610103,3.6663577556610103,3.6663577556610103,585
1993-07-20,3.5363471508026123,3.5363471508026127,3.5363471508026127,3.5363471508026127,292
1993-07-21,3.6663577556610107,3.6663577556610103,3.6663577556610103,3.6663577556610103,292
1993-07-22,3.6663577556610107,3.6663577556610103,3.6663577556610103,3.6663577556610103,0
1993-07-23,3.588351249694824,3.640356117558552,3.5883512496948247,3.640356117558552,20754
1993-07-26,3.6663577556610107,3.6663577556610103,3.6663577556610103,3.6663577556610103,585
1993-07-27,3.6663577556610107,3.6663577556610103,3.6663577556610103,3.6663577556610103,0
1993-07-28,3.6663577556610107,3.6663577556610103,3.6663577556610103,3.6663577556610103,0
1993-07-29,3.6663577556610107,3.6663577556610103,3.6663577556610103,3.6663577556610103,0
1993-07-30,3.6663577556610107,3.6663577556610103,3.6663577556610103,3.6663577556610103,2046
1993-08-02,3.588351249694824,3.640356117558552,3.5883512496948247,3.640356117558552,11692
1993-08-03,3.6663577556610107,3.6663577556610103,3.588350328909817,3.588350328909817,1462
1993-08-04,3.6663577556610107,3.6663577556610103,3.6663577556610103,3.6663577556610103,585
1993-08-05,3.6663577556610107,3.6663577556610103,3.6663577556610103,3.6663577556610103,6138
1993-08-06,3.588351249694824,3.5883512496948247,3.5883512496948247,3.5883512496948247,1462
1993-08-09,3.588351249694824,3.5883512496948247,3.5883512496948247,3.5883512496948247,12277
1993-08-10,3.718364953994751,3.7963730098074606,3.640357478072734,3.7963730098074606,4969
1993-08-11,3.6403560638427734,3.6403560638427734,3.6403560638427734,3.6403560638427734,5846
1993-08-12,3.7443645000457764,3.744364500045776,3.744364500045776,3.744364500045776,3508
1993-08-13,3.7443645000457764,3.744364500045776,3.744364500045776,3.744364500045776,0
1993-08-16,3.7443645000457764,3.744364500045776,3.744364500045776,3.744364500045776,0
1993-08-17,3.7443645000457764,3.744364500045776,3.744364500045776,3.744364500045776,0
1993-08-18,3.6273534297943115,3.692359704425494,3.6143520009010057,3.692359704425494,70738
1993-08-19,3.7443645000457764,3.744364500045776,3.6273531003585617,3.6403542381259903,32154
1993-08-20,3.692359685897827,3.692359685897827,3.614351982764769,3.627353411592835,36246
1993-08-23,3.718364953994751,3.7963730098074606,3.5883525907731717,3.718364953994751,3800
1993-08-24,3.718364953994751,3.718364953994751,3.718364953994751,3.718364953994751,0
1993-08-25,3.718364953994751,3.718364953994751,3.718364953994751,3.718364953994751,0
1993-08-26,3.718364953994751,3.718364953994751,3.6143548894502797,3.6143548894502797,3800
1993-08-27,3.718364953994751,3.718364953994751,3.718364953994751,3.718364953994751,0
1993-08-30,3.718364953994751,3.718364953994751,3.718364953994751,3.718364953994751,292
1993-08-31,3.7443645000457764,3.744364500045776,3.744364500045776,3.744364500045776,292
1993-09-01,3.588351249694824,3.7443664331764834,3.5883512496948247,3.7443664331764834,8769
1993-09-02,3.6663577556610107,3.7443654723573676,3.614352611196772,3.7443654723573676,11692
1993-09-03,3.7443645000457764,3.744364500045776,3.744364500045776,3.744364500045776,1462
1993-09-07,3.7443645000457764,3.744364500045776,3.744364500045776,3.744364500045776,0
1993-09-08,3.7443645000457764,3.744364500045776,3.744364500045776,3.744364500045776,292
1993-09-09,3.6083974838256836,3.712988558894466,3.6083974838256836,3.712988558894466,1169
1993-09-10,3.6083974838256836,3.6083974838256836,3.6083974838256836,3.6083974838256836,0
1993-09-13,3.6083974838256836,3.6083974838256836,3.6083974838256836,3.6083974838256836,0
1993-09-14,3.6083974838256836,3.6083974838256836,3.6083974838256836,3.6083974838256836,5554
1993-09-15,3.76528263092041,3.76528263092041,3.76528263092041,3.76528263092041,877
1993-09-16,3.76528263092041,3.76528263092041,3.76528263092041,3.76528263092041,0
1993-09-17,3.6083974838256836,3.6083974838256836,3.6083974838256836,3.6083974838256836,292
1993-09-20,3.6083974838256836,3.6083974838256836,3.6083974838256836,3.6083974838256836,0
1993-09-21,3.6083974838256836,3.6083974838256836,3.6083974838256836,3.6083974838256836,0
1993-09-22,3.6083974838256836,3.6083974838256836,3.6083974838256836,3.6083974838256836,0
1993-09-23,3.6083974838256836,3.6083974838256836,3.6083974838256836,3.6083974838256836,0
1993-09-24,3.76528263092041,3.76528263092041,3.76528263092041,3.76528263092041,3508
1993-09-27,3.76528263092041,3.76528263092041,3.76528263092041,3.76528263092041,0
1993-09-28,3.76528263092041,3.76528263092041,3.76528263092041,3.76528263092041,2046
1993-09-29,3.76528263092041,3.76528263092041,3.76528263092041,3.76528263092041,0
1993-09-30,3.76528263092041,3.76528263092041,3.76528263092041,3.76528263092041,0
1993-10-01,3.7129874229431152,3.7652830902606755,3.660691755625555,3.7652830902606755,12277
1993-10-04,3.6606924533843994,3.660692453384399,3.660692453384399,3.660692453384399,20462
1993-10-05,3.686840057373047,3.686840057373047,3.686840057373047,3.686840057373047,19292
1993-10-06,3.6083974838256836,3.6083974838256836,3.6083974838256836,3.6083974838256836,2046
1993-10-07,3.6345441341400146,3.660691969325223,3.6345441341400146,3.660691969325223,4385
1993-10-08,3.6345441341400146,3.6345441341400146,3.6345441341400146,3.6345441341400146,0
1993-10-11,3.7391364574432373,3.7391364574432373,3.712988904913072,3.712988904913072,877
1993-10-12,3.6737678050994873,3.686841583217031,3.6737678050994873,3.686841583217031,70738
1993-10-13,3.6737678050994873,3.6737678050994873,3.6737678050994873,3.6737678050994873,0
1993-10-14,3.6737678050994873,3.6737678050994873,3.6737678050994873,3.6737678050994873,0
1993-10-15,3.76528263092041,3.76528263092041,3.76528263092041,3.76528263092041,2631
1993-10-18,3.76528263092041,3.76528263092041,3.76528263092041,3.76528263092041,0
1993-10-19,3.76528263092041,3.76528263092041,3.76528263092041,3.76528263092041,0
1993-10-20,3.6083974838256836,3.6606928755775696,3.4515107254400044,3.6083974838256836,22800
1993-10-21,3.6083974838256836,3.6083974838256836,3.4122888171698276,3.4122888171698276,11400
1993-10-22,3.3992154598236084,3.3992154598236084,3.3992154598236084,3.3992154598236084,1462
1993-10-25,3.6083974838256836,3.6083974838256836,3.6083974838256836,3.6083974838256836,292
1993-10-26,3.6083974838256836,3.6083974838256836,3.6083974838256836,3.6083974838256836,2923
1993-10-27,3.6083974838256836,3.6083974838256836,3.6083974838256836,3.6083974838256836,0
1993-10-28,3.6083974838256836,3.6083974838256836,3.6083974838256836,3.6083974838256836,585
1993-10-29,3.6083974838256836,3.6083974838256836,3.6083974838256836,3.6083974838256836,7308
1993-11-01,3.6083974838256836,3.6083974838256836,3.6083974838256836,3.6083974838256836,1462
1993-11-02,3.6083974838256836,3.6083974838256836,3.3992150421231084,3.3992150421231084,2046
1993-11-03,3.6083974838256836,3.6083974838256836,3.6083974838256836,3.6083974838256836,585
1993-11-04,3.4776580333709717,3.4776580333709717,3.438436127831964,3.438436127831964,160769
1993-11-05,3.6083974838256836,3.6083974838256836,3.6083974838256836,3.6083974838256836,585
1993-11-08,3.4515111446380615,3.4515111446380615,3.4515111446380615,3.4515111446380615,2631
1993-11-09,3.6083974838256836,3.6083974838256836,3.6083974838256836,3.6083974838256836,877
1993-11-10,3.6083974838256836,3.6083974838256836,3.6083974838256836,3.6083974838256836,4092
1993-11-11,3.4515111446380615,3.6083979220781863,3.4515111446380615,3.503806542741406,3800
1993-11-12,3.6083974838256836,3.6083974838256836,3.6083974838256836,3.6083974838256836,292
1993-11-15,3.6083974838256836,3.6083974838256836,3.529953958850339,3.529953958850339,1462
1993-11-16,3.6083974838256836,3.6083974838256836,3.6083974838256836,3.6083974838256836,0
1993-11-17,3.6083974838256836,3.6083974838256836,3.4515107254400044,3.4515107254400044,1169
1993-11-18,3.556103229522705,3.556103229522705,3.556103229522705,3.556103229522705,877
1993-11-19,3.5299558639526367,3.5299558639526367,3.5299558639526367,3.5299558639526367,1754
1993-11-22,3.5299558639526367,3.5299558639526367,3.5299558639526367,3.5299558639526367,585
1993-11-23,3.5299558639526367,3.5299558639526367,3.5299558639526367,3.5299558639526367,1169
1993-11-24,3.5299558639526367,3.5299558639526367,3.5299558639526367,3.5299558639526367,0
1993-11-26,3.5299558639526367,3.5299558639526367,3.5299558639526367,3.5299558639526367,0
1993-11-29,3.4776580333709717,3.4776580333709717,3.4776580333709717,3.4776580333709717,292
1993-11-30,3.4776580333709717,3.4776580333709717,3.4776580333709717,3.4776580333709717,6138
1993-12-01,3.6606924533843994,3.660692453384399,3.5038057130927043,3.608397067663818,12862
1993-12-02,3.8960235118865967,3.8960235118865962,3.5561018565362152,3.686840775323276,26015
1993-12-03,4.026762008666992,4.131353373560553,3.9221709353384364,3.9221709353384364,30985
1993-12-06,4.235944747924805,4.235944747924805,4.183648773796096,4.183648773796096,5554
1993-12-07,4.079056739807129,4.235943750558704,4.079056739807129,4.235943750558704,2046
1993-12-08,4.235944747924805,4.235944747924805,4.235944747924805,4.235944747924805,292
1993-12-09,4.259608745574951,4.259608745574951,4.259608745574951,4.259608745574951,0
1993-12-10,4.101846694946289,4.101846694946289,4.101846694946289,4.101846694946289,3215
1993-12-13,4.101846694946289,4.101846694946289,4.101846694946289,4.101846694946289,0
1993-12-14,4.101846694946289,4.101846694946289,4.101846694946289,4.101846694946289,0
1993-12-15,4.101846694946289,4.101846694946289,4.101846694946289,4.101846694946289,0
1993-12-16,4.128139019012451,4.128139019012451,4.101845104428407,4.101845104428407,8185
1993-12-17,4.259608745574951,4.259608745574951,4.259608745574951,4.259608745574951,7600
1993-12-20,4.312197685241699,4.312197685241699,4.312197685241699,4.312197685241699,2923
1993-12-21,4.364786624908447,4.364786624908447,4.364786624908447,4.364786624908447,1169
1993-12-22,4.522549152374268,4.522549152374268,4.364785898489608,4.364785898489608,13154
1993-12-23,4.522549152374268,4.522549152374268,4.522549152374268,4.522549152374268,2923
1993-12-27,4.522549152374268,4.522549152374268,4.522549152374268,4.522549152374268,0
1993-12-28,4.627725124359131,4.627725124359131,4.627725124359131,4.627725124359131,292
1993-12-29,4.627725124359131,4.627725124359131,4.627725124359131,4.627725124359131,585
1993-12-30,4.41737174987793,4.41737174987793,4.41737174987793,4.41737174987793,5846
1993-12-31,4.627725124359131,4.627725124359131,4.417373995669805,4.469961851140627,5262
1994-01-03,4.627725124359131,4.627725124359131,4.469961851140627,4.627725124359131,1169
1994-01-04,4.627725124359131,4.627725124359131,4.614578307088406,4.614578307088406,877
1994-01-05,4.469960689544678,4.6277239217657,4.469960689544678,4.6277239217657,4969
1994-01-06,4.627725124359131,4.627725124359131,4.469961851140627,4.469961851140627,7308
1994-01-07,4.680311679840088,4.680311679840088,4.680311679840088,4.680311679840088,5846
1994-01-10,4.7328996658325195,4.7328996658325195,4.522548589119555,4.627723980879093,13446
1994-01-11,4.7328996658325195,4.7328996658325195,4.7328996658325195,4.7328996658325195,0
1994-01-12,4.7328996658325195,4.7328996658325195,4.7328996658325195,4.7328996658325195,0
1994-01-13,4.7328996658325195,4.7328996658325195,4.7328996658325195,4.7328996658325195,0
1994-01-14,4.7328996658325195,4.7328996658325195,4.7328996658325195,4.7328996658325195,0
1994-01-17,4.7328996658325195,4.7328996658325195,4.7328996658325195,4.7328996658325195,0
1994-01-18,4.601429462432861,4.601429462432861,4.601429462432861,4.601429462432861,585
1994-01-19,4.7328996658325195,4.785487215115343,4.627723980879093,4.680311823355806,16369
1994-01-20,4.7328996658325195,4.7328996658325195,4.7328996658325195,4.7328996658325195,0
1994-01-21,4.785486698150635,4.785486698150635,4.575135644161393,4.575135644161393,877
1994-01-24,4.575135707855225,4.575135707855225,4.575135707855225,4.575135707855225,1754
1994-01-25,4.575135707855225,4.575135707855225,4.575135707855225,4.575135707855225,585
1994-01-26,4.575135707855225,4.7854867647729185,4.575135707855225,4.7854867647729185,4677
1994-01-27,4.654017925262451,4.654017925262451,4.575136449379608,4.575136449379608,9354
1994-01-28,4.7328996658325195,4.7328996658325195,4.719752558616396,4.719752558616396,4092
1994-01-31,4.7328996658325195,4.7328996658325195,4.7328996658325195,4.7328996658325195,1169
1994-02-01,4.7328996658325195,4.7328996658325195,4.7328996658325195,4.7328996658325195,1462
1994-02-02,5.048424243927002,5.048424243927002,5.048424243927002,5.048424243927002,390
1994-02-03,4.890665054321289,5.206191661777748,4.890665054321289,5.206191661777748,1754
1994-02-04,4.890665054321289,4.890665054321289,4.890665054321289,4.890665054321289,0
1994-02-07,4.811782360076904,4.811782360076904,4.811782360076904,4.811782360076904,6431
1994-02-08,5.1273064613342285,5.1273064613342285,5.1273064613342285,5.1273064613342285,2533
1994-02-09,5.048424243927002,5.048424243927002,5.048424243927002,5.048424243927002,974
1994-02-10,5.048424243927002,5.048424243927002,4.732897618733904,4.732897618733904,2923
1994-02-11,5.048424243927002,5.048424243927002,5.048424243927002,5.048424243927002,0
1994-02-14,5.048424243927002,5.048424243927002,5.048424243927002,5.048424243927002,1949
1994-02-15,5.048424243927002,5.048424243927002,5.048424243927002,5.048424243927002,11497
1994-02-16,5.048424243927002,5.048424243927002,4.732897618733904,4.890660784733571,12082
1994-02-17,4.890665054321289,4.890665054321289,4.732901750593059,4.732901750593059,3508
1994-02-18,5.048424243927002,5.048424243927002,5.048424243927002,5.048424243927002,195
1994-02-22,4.811782360076904,5.1273088895676855,4.811782360076904,5.048427403791963,3313
1994-02-23,4.811782360076904,4.811782360076904,4.811782360076904,4.811782360076904,0
1994-02-24,5.2061896324157715,5.521716116880658,4.890663147950884,5.127308157896501,45015
1994-02-25,5.2061896324157715,5.2061896324157715,5.2061896324157715,5.2061896324157715,0
1994-02-28,5.442835330963135,5.442835330963135,5.285072361965172,5.285072361965172,3313
1994-03-01,5.442835330963135,5.442835330963135,5.048427322080346,5.048427322080346,1169
1994-03-02,5.1273064613342285,5.1273064613342285,5.1273064613342285,5.1273064613342285,2338
1994-03-03,5.363954544067383,5.363954544067383,5.285073049309555,5.285073049309555,7405
1994-03-04,5.521716117858887,5.521716117858887,5.048426684271614,5.048426684271614,35467
1994-03-07,5.521716117858887,5.521716117858887,5.521716117858887,5.521716117858887,2338
1994-03-08,5.285072326660156,5.363953810632198,5.127308772328193,5.206190256300235,13641
1994-03-09,5.071133136749268,5.071133136749268,5.071133136749268,5.071133136749268,1364
1994-03-10,5.130562782287598,5.130562782287598,5.071135411878763,5.071135411878763,4872
1994-03-11,5.130562782287598,5.130562782287598,5.130562782287598,5.130562782287598,0
1994-03-14,5.388079643249512,5.388079643249512,5.388079643249512,5.388079643249512,195
1994-03-15,4.912661075592041,5.07113422252336,4.912661075592041,5.07113422252336,7405
1994-03-16,5.2296061515808105,5.2296061515808105,4.912660484855534,5.2296061515808105,5651
1994-03-17,4.912661075592041,4.912661075592041,4.912661075592041,4.912661075592041,3703
1994-03-18,5.2296061515808105,5.2296061515808105,4.912660484855534,4.912660484855534,779
1994-03-21,5.031514644622803,5.031514644622803,5.031514644622803,5.031514644622803,195
1994-03-22,5.031514644622803,5.031514644622803,5.031514644622803,5.031514644622803,0
1994-03-23,5.031514644622803,5.031514644622803,5.031514644622803,5.031514644622803,0
1994-03-24,5.031514644622803,5.031514644622803,5.031514644622803,5.031514644622803,2923
1994-03-25,4.912661075592041,5.07113422252336,4.912661075592041,5.031515788534193,20462
1994-03-28,4.912661075592041,5.1503705014763455,4.912661075592041,4.912661075592041,9354
1994-03-29,4.991897106170654,4.991897106170654,4.754187986626363,4.833424556149566,5456
1994-03-30,4.991897106170654,4.991897106170654,4.991897106170654,4.991897106170654,0
1994-03-31,4.595714569091797,4.912660533465864,4.51647800437012,4.912660533465864,18708
1994-04-04,4.595714569091797,4.595714569091797,4.595714569091797,4.595714569091797,0
1994-04-05,4.912661075592041,4.912661075592041,4.912661075592041,4.912661075592041,195
1994-04-06,4.912661075592041,4.912661075592041,4.595715076242079,4.912661075592041,15395
1994-04-07,4.912661075592041,4.912661075592041,4.912661075592041,4.912661075592041,0
1994-04-08,4.793807506561279,4.912662247864873,4.595716172884375,4.912662247864873,4287
1994-04-11,4.793807506561279,4.793807506561279,4.793807506561279,4.793807506561279,0
1994-04-12,4.595714569091797,4.912660533465864,4.595714569091797,4.793805833639669,12277
1994-04-13,4.991897106170654,4.991897106170654,4.991897106170654,4.991897106170654,390
1994-04-14,4.991897106170654,4.991897106170654,4.991897106170654,4.991897106170654,0
1994-04-15,4.912661075592041,4.912661075592041,4.912661075592041,4.912661075592041,1169
1994-04-18,4.595714569091797,4.595714569091797,4.595714569091797,4.595714569091797,2338
1994-04-19,4.7541890144348145,4.7541890144348145,4.674952133268724,4.674952133268724,4872
1994-04-20,4.7541890144348145,4.7541890144348145,4.7541890144348145,4.7541890144348145,0
1994-04-21,4.8334245681762695,4.8334245681762695,4.8334245681762695,4.8334245681762695,195
1994-04-22,4.6749491691589355,4.6749491691589355,4.516476390843176,4.516476390843176,585
1994-04-25,4.6749491691589355,4.6749491691589355,4.6749491691589355,4.6749491691589355,0
1994-04-26,4.7541890144348145,4.833425601088181,4.516479254474714,4.833425601088181,13641
1994-04-28,4.7541890144348145,4.7541890144348145,4.7541890144348145,4.7541890144348145,3118
1994-04-29,4.7541890144348145,4.7541890144348145,4.7541890144348145,4.7541890144348145,0
1994-05-02,4.516476631164551,4.754186253055506,4.516476631164551,4.754186253055506,1559
1994-05-03,4.516476631164551,4.754186253055506,4.516476631164551,4.754186253055506,2728
1994-05-04,4.516476631164551,4.516476631164551,4.516476631164551,4.516476631164551,0
1994-05-05,4.516476631164551,4.833422793685824,4.516476631164551,4.833422793685824,1559
1994-05-06,4.516476631164551,4.516476631164551,4.516476631164551,4.516476631164551,779
1994-05-09,4.516476631164551,4.516476631164551,4.516476631164551,4.516476631164551,0
1994-05-10,4.595714569091797,4.595714569091797,4.51647800437012,4.51647800437012,5456
1994-05-11,4.516476631164551,4.516476631164551,4.516476631164551,4.516476631164551,974
1994-05-12,4.516476631164551,4.516476631164551,4.516476631164551,4.516476631164551,0
1994-05-13,4.516476631164551,4.516476631164551,4.516476631164551,4.516476631164551,0
1994-05-16,4.516476631164551,4.516476631164551,4.516476631164551,4.516476631164551,0
1994-05-17,4.516476631164551,4.516476631164551,4.516476631164551,4.516476631164551,585
1994-05-18,4.516476631164551,4.516476631164551,4.516476631164551,4.516476631164551,0
1994-05-19,4.8334245681762695,4.8334245681762695,4.516478289294818,4.516478289294818,2533
1994-05-20,4.8334245681762695,4.8334245681762695,4.8334245681762695,4.8334245681762695,0
1994-05-23,4.8334245681762695,4.8334245681762695,4.8334245681762695,4.8334245681762695,0
1994-05-24,4.7541890144348145,4.833425601088181,4.7541890144348145,4.833425601088181,2338
1994-05-25,4.7541890144348145,4.7541890144348145,4.7541890144348145,4.7541890144348145,974
1994-05-26,4.7541890144348145,4.7541890144348145,4.694761353560247,4.694761353560247,2338
1994-05-27,4.8334245681762695,4.8334245681762695,4.8334245681762695,4.8334245681762695,195
1994-05-31,4.8334245681762695,4.8334245681762695,4.8334245681762695,4.8334245681762695,195
1994-06-01,4.8334245681762695,4.8334245681762695,4.8334245681762695,4.8334245681762695,0
1994-06-02,4.8334245681762695,4.8334245681762695,4.8334245681762695,4.8334245681762695,0
1994-06-03,4.7541890144348145,4.7541890144348145,4.595715841128081,4.595715841128081,779
1994-06-06,4.8334245681762695,4.8334245681762695,4.8334245681762695,4.8334245681762695,195
1994-06-07,4.595714569091797,4.595714569091797,4.595714569091797,4.595714569091797,1949
1994-06-08,4.595714569091797,4.595714569091797,4.595714569091797,4.595714569091797,0
1994-06-09,4.6196088790893555,4.858554487503719,4.6196088790893555,4.858554487503719,2144
1994-06-10,4.6196088790893555,4.6196088790893555,4.6196088790893555,4.6196088790893555,0
1994-06-13,4.460311412811279,4.460311412811279,4.460311412811279,4.460311412811279,1949
1994-06-14,4.460311412811279,4.460311412811279,4.460311412811279,4.460311412811279,0
1994-06-15,4.778907299041748,4.778907299041748,4.778907299041748,4.778907299041748,390
1994-06-16,4.480225086212158,4.480225086212158,4.480225086212158,4.480225086212158,1559
1994-06-17,4.460311412811279,4.778905212030875,4.460311412811279,4.778905212030875,23190
1994-06-20,4.380663871765137,4.380663871765137,4.380663871765137,4.380663871765137,195
1994-06-21,4.380663871765137,4.380663871765137,4.380663871765137,4.380663871765137,3897
1994-06-22,4.380663871765137,4.380663871765137,4.380663871765137,4.380663871765137,390
1994-06-23,4.6196088790893555,4.6196088790893555,4.380663566718881,4.380663566718881,1169
1994-06-24,4.6196088790893555,4.6196088790893555,4.500136518948008,4.6196088790893555,9159
1994-06-27,4.6196088790893555,4.6196088790893555,4.6196088790893555,4.6196088790893555,0
1994-06-28,4.380663871765137,4.539960659090076,4.380663871765137,4.380663871765137,974
1994-06-29,4.380663871765137,4.380663871765137,4.380663871765137,4.380663871765137,974
1994-06-30,4.778907299041748,4.778907299041748,4.778907299041748,4.778907299041748,974
1994-07-01,4.778907299041748,4.778907299041748,4.778907299041748,4.778907299041748,585
1994-07-05,4.380663871765137,4.539960659090076,4.380663871765137,4.380663871765137,23385
1994-07-06,4.301013946533203,4.4603106716510865,4.301013946533203,4.380662161070248,10523
1994-07-07,4.380663871765137,4.6196092007745,4.301015626124623,4.301015626124623,10523
1994-07-08,4.301013946533203,4.301013946533203,4.301013946533203,4.301013946533203,1949
1994-07-11,4.301013946533203,4.380662161070248,4.301013946533203,4.380662161070248,5846
1994-07-12,4.460311412811279,4.460311412811279,4.460311412811279,4.460311412811279,19487
1994-07-13,4.460311412811279,4.460311412811279,4.460311412811279,4.460311412811279,0
1994-07-14,4.460311412811279,4.460311412811279,4.460311412811279,4.460311412811279,0
1994-07-15,4.6196088790893555,4.6196088790893555,4.30101532662465,4.30101532662465,1754
1994-07-18,4.460311412811279,4.460311412811279,4.221366137407543,4.3010146612234035,13251
1994-07-19,4.460311412811279,4.460311412811279,4.460311412811279,4.460311412811279,0
1994-07-20,4.26119327545166,4.26119327545166,4.26119327545166,4.26119327545166,14615
1994-07-21,4.26119327545166,4.26119327545166,4.26119327545166,4.26119327545166,4872
1994-07-22,4.26119327545166,4.26119327545166,4.26119327545166,4.26119327545166,0
1994-07-25,4.460311412811279,4.460311412811279,4.062069385819667,4.062069385819667,4287
1994-07-26,4.460311412811279,4.460311412811279,4.460311412811279,4.460311412811279,0
1994-07-27,4.460311412811279,4.460311412811279,4.460311412811279,4.460311412811279,0
1994-07-28,4.062069892883301,4.062069892883301,4.062069892883301,4.062069892883301,1754
1994-07-29,4.380663871765137,4.380663871765137,4.380663871765137,4.380663871765137,195
1994-08-01,4.062069892883301,4.380663435828728,4.062069892883301,4.380663435828728,779
1994-08-02,4.380663871765137,4.380663871765137,4.06207029711526,4.06207029711526,390
1994-08-03,4.380663871765137,4.380663871765137,4.380663871765137,4.380663871765137,0
1994-08-04,4.380663871765137,4.380663871765137,4.380663871765137,4.380663871765137,0
1994-08-05,4.301013946533203,4.301013946533203,4.062068710834481,4.062068710834481,3508
1994-08-08,4.301013946533203,4.301013946533203,4.301013946533203,4.301013946533203,0
1994-08-09,4.221366882324219,4.221366882324219,4.221366882324219,4.221366882324219,195
1994-08-10,4.221366882324219,4.221366882324219,4.221366882324219,4.221366882324219,0
1994-08-11,4.221366882324219,4.221366882324219,4.221366882324219,4.221366882324219,0
1994-08-12,4.221366882324219,4.221366882324219,4.221366882324219,4.221366882324219,0
1994-08-15,4.221366882324219,4.221366882324219,4.221366882324219,4.221366882324219,0
1994-08-16,4.221366882324219,4.221366882324219,4.221366882324219,4.221366882324219,0
1994-08-17,3.982421636581421,3.982421636581421,3.982421636581421,3.982421636581421,585
1994-08-18,3.982421636581421,4.1815428368280525,3.982421636581421,4.141718419152386,32349
1994-08-19,3.982421636581421,3.982421636581421,3.982421636581421,3.982421636581421,0
1994-08-22,3.982421636581421,3.982421636581421,3.982421636581421,3.982421636581421,1169
1994-08-23,3.982421636581421,3.982421636581421,3.982421636581421,3.982421636581421,0
1994-08-24,3.982421636581421,3.982421636581421,3.982421636581421,3.982421636581421,195
1994-08-25,4.062069892883301,4.062069892883301,4.062069892883301,4.062069892883301,974
1994-08-26,4.221366882324219,4.221366882324219,3.9027733229283696,4.022245685668891,32544
1994-08-29,3.9425971508026123,3.9824215677903654,3.9425971508026127,3.9425971508026127,3118
1994-08-30,3.9425971508026123,3.9425971508026127,3.9425971508026127,3.9425971508026127,0
1994-08-31,4.221366882324219,4.221366882324219,3.9027733229283696,3.9027733229283696,3508
1994-09-01,3.982421636581421,4.141718419152386,3.982421636581421,4.141718419152386,3897
1994-09-02,4.141719341278076,4.141719341278076,3.9824225232407566,3.9824225232407566,779
1994-09-06,3.982421636581421,4.141718419152386,3.9027733933178896,3.9027733933178896,585
1994-09-07,3.982421636581421,4.141718419152386,3.982421636581421,4.141718419152386,5067
1994-09-08,4.141719341278076,4.141719341278076,3.9824225232407566,3.9824225232407566,1559
1994-09-09,4.165753364562988,4.165753364562988,4.165753364562988,4.165753364562988,0
1994-09-12,4.005531311035156,4.165752480103253,4.005531311035156,4.005531311035156,4677
1994-09-13,4.165753364562988,4.165753364562988,4.005532161477227,4.165753364562988,6041
1994-09-14,4.005531311035156,4.165752480103253,4.005531311035156,4.165752480103253,1169
1994-09-15,4.165753364562988,4.165753364562988,4.005532161477227,4.165753364562988,3703
1994-09-16,4.005531311035156,4.165752480103253,4.005531311035156,4.165752480103253,14226
1994-09-19,4.005531311035156,4.165752480103253,3.9254208753820183,3.9254208753820183,2144
1994-09-20,4.165753364562988,4.165753364562988,4.005532161477227,4.085642911901049,13251
1994-09-21,4.165753364562988,4.165753364562988,4.005532161477227,4.045587387808196,9354
1994-09-22,3.7651991844177246,4.165752232124796,3.765199184417724,4.165752232124796,74246
1994-09-23,3.9254186153411865,4.005529004871154,3.7651972407579533,3.7651972407579533,13446
1994-09-26,3.9654757976531982,3.9654757976531987,3.8453101441066297,3.9254208775661628,38974
1994-09-27,3.9254186153411865,3.9254186153411865,3.7651972407579533,3.7651972407579533,32349
1994-09-28,3.8453104496002197,3.8453104496002193,3.8453104496002193,3.8453104496002193,9354
1994-09-29,3.9254186153411865,3.9254186153411865,3.84530792804957,3.84530792804957,14226
1994-09-30,3.8453104496002197,3.9254211894242106,3.7651997097762284,3.9254211894242106,44820
1994-10-03,3.8453104496002197,3.9254211894242106,3.8453104496002193,3.9254211894242106,14615
1994-10-04,3.8653366565704346,3.9254196128669876,3.845308905217675,3.9254196128669876,49303
1994-10-05,3.8453104496002197,3.9254211894242106,3.7651997097762284,3.9254211894242106,30010
1994-10-06,3.9254186153411865,3.9254186153411865,3.805252435522937,3.805252435522937,7405
1994-10-07,3.7651991844177246,3.9254206417099953,3.765199184417724,3.765199184417724,48133
1994-10-10,3.8453104496002197,3.9254211894242106,3.8453104496002193,3.9254211894242106,3703
1994-10-11,3.7651991844177246,3.9254206417099953,3.765199184417724,3.9254206417099953,8185
1994-10-12,3.9254186153411865,3.9254186153411865,3.9254186153411865,3.9254186153411865,195
1994-10-13,3.8453104496002197,3.9254211894242106,3.8453104496002193,3.9254211894242106,3508
1994-10-14,3.9254186153411865,3.9254186153411865,3.9254186153411865,3.9254186153411865,195
1994-10-17,3.9254186153411865,3.9254186153411865,3.524865774406401,3.6149898881872025,23774
1994-10-18,3.524866819381714,3.9254197790636685,3.4447561083406284,3.5248668193817143,29231
1994-10-19,3.524866819381714,3.685087943702148,3.284534686258457,3.685087943702148,56708
1994-10-20,3.444755792617798,3.6049769022534575,3.444755792617798,3.444755792617798,41703
1994-10-21,3.3646457195281982,3.5048394028358687,3.3646457195281987,3.3646457195281987,14421
1994-10-24,3.3646457195281982,3.604977577906053,3.2845350008149916,3.4447564382414053,31374
1994-10-25,3.685088872909546,3.6850888729095463,3.5248677081888133,3.5248677081888133,6821
1994-10-26,3.9254186153411865,3.9254186153411865,3.7651972407579533,3.9254186153411865,3118
1994-10-27,3.9254186153411865,3.9254186153411865,3.9254186153411865,3.9254186153411865,3313
1994-10-28,4.005531311035156,4.005531311035156,4.005531311035156,4.005531311035156,585
1994-10-31,3.685088872909546,3.6850888729095463,3.5248677081888133,3.6049781416682736,53395
1994-11-01,3.7651991844177246,3.765199184417724,3.765199184417724,3.765199184417724,9938
1994-11-02,4.005531311035156,4.005531311035156,3.7651994085521014,3.7651994085521014,8185
1994-11-03,4.005531311035156,4.245863213518211,4.005531311035156,4.005531311035156,27672
1994-11-04,4.165753364562988,4.325974865410633,4.165753364562988,4.325974865410633,4872
1994-11-07,4.005531311035156,4.005531311035156,4.005531311035156,4.005531311035156,195
1994-11-08,4.165753364562988,4.165753364562988,4.165753364562988,4.165753364562988,195
1994-11-09,4.165753364562988,4.165753364562988,4.165753364562988,4.165753364562988,3508
1994-11-10,4.245861530303955,4.486193337510723,4.165750828647798,4.325972231960112,14031
1994-11-11,4.32597017288208,4.486191202170584,4.32597017288208,4.486191202170584,4092
1994-11-14,4.32597017288208,4.32597017288208,4.32597017288208,4.32597017288208,0
1994-11-15,4.4060821533203125,4.4060821533203125,4.4060821533203125,4.4060821533203125,1169
1994-11-16,4.32597017288208,4.32597017288208,4.165748845832017,4.165748845832017,1559
1994-11-17,4.245861530303955,4.245861530303955,4.245861530303955,4.245861530303955,974
1994-11-18,4.245861530303955,4.245861530303955,4.245861530303955,4.245861530303955,0
1994-11-21,4.125695705413818,4.125695705413818,4.005529510428801,4.005529510428801,7015
1994-11-22,4.005531311035156,4.005531311035156,4.005531311035156,4.005531311035156,779
1994-11-23,4.005531311035156,4.005531311035156,4.005531311035156,4.005531311035156,0
1994-11-25,4.005531311035156,4.005531311035156,4.005531311035156,4.005531311035156,0
1994-11-28,4.085641384124756,4.085641384124756,4.085641384124756,4.085641384124756,390
1994-11-29,4.085641384124756,4.085641384124756,4.085641384124756,4.085641384124756,585
1994-11-30,3.885366678237915,3.885366678237915,3.885366678237915,3.885366678237915,195
1994-12-01,3.885366678237915,3.885366678237915,3.885366678237915,3.885366678237915,0
1994-12-02,3.885366678237915,3.885366678237915,3.885366678237915,3.885366678237915,0
1994-12-05,4.085641384124756,4.085641384124756,3.8853647318371785,3.8853647318371785,6431
1994-12-06,4.125695705413818,4.125695705413818,4.085640207831584,4.085640207831584,2338
1994-12-07,4.125695705413818,4.125695705413818,4.085640207831584,4.125695705413818,1559
1994-12-08,3.8453104496002197,3.8453104496002193,3.8453104496002193,3.8453104496002193,779
1994-12-09,4.005531311035156,4.005531311035156,3.84531014196706,3.9855035532409615,9744
1994-12-12,4.085641384124756,4.085641384124756,4.085641384124756,4.085641384124756,195
1994-12-13,4.045587062835693,4.085642583710981,3.845310649506696,4.085642583710981,3313
1994-12-14,4.045587062835693,4.045587062835693,3.925421393495411,3.925421393495411,3703
1994-12-15,4.045587062835693,4.045587062835693,3.7651999055179814,3.805255128631409,4287
1994-12-16,3.8453104496002197,4.045586852517431,3.7651997097762284,3.7651997097762284,2923
1994-12-19,4.045587062835693,4.045587062835693,4.045587062835693,4.045587062835693,3703
1994-12-20,3.7651991844177246,3.765199184417724,3.765199184417724,3.765199184417724,5262
1994-12-21,3.7651991844177246,4.045586288036494,3.765199184417724,4.045586288036494,6236
1994-12-22,3.7651991844177246,3.8352958858819663,3.765199184417724,3.765199184417724,5067
1994-12-23,3.7651991844177246,3.765199184417724,3.765199184417724,3.765199184417724,8574
1994-12-27,3.7651991844177246,3.765199184417724,3.765199184417724,3.765199184417724,0
1994-12-28,3.7651991844177246,3.765199184417724,3.765199184417724,3.765199184417724,1949
1994-12-29,3.805250644683838,3.9254167679491263,3.8052506446838383,3.9254167679491263,5846
1994-12-30,4.205804824829102,4.205804824829102,3.845307242892756,3.845307242892756,62359
1995-01-03,3.8453104496002197,4.085642371310349,3.8453104496002193,3.9654761126934397,15979
1995-01-04,4.085641384124756,4.085641384124756,3.845309520484372,3.845309520484372,2144
1995-01-05,3.885366678237915,4.005532670256074,3.8453114468191694,4.005532670256074,5456
1995-01-06,4.005531311035156,4.005531311035156,3.84531014196706,3.84531014196706,6236
1995-01-09,4.005531311035156,4.005531311035156,4.005531311035156,4.005531311035156,0
1995-01-10,3.8453104496002197,3.8453104496002193,3.8453104496002193,3.8453104496002193,1949
1995-01-11,3.885366678237915,3.885366678237915,3.8453114468191694,3.8453114468191694,9744
1995-01-12,3.8453104496002197,3.8453104496002193,3.8453104496002193,3.8453104496002193,4872
1995-01-13,3.8453104496002197,3.8453104496002193,3.8453104496002193,3.8453104496002193,0
1995-01-16,4.005531311035156,4.005531311035156,4.005531311035156,4.005531311035156,195
1995-01-17,4.005531311035156,4.005531311035156,4.005531311035156,4.005531311035156,195
1995-01-18,3.8453104496002197,3.8453104496002193,3.8453104496002193,3.8453104496002193,585
1995-01-19,4.005531311035156,4.005531311035156,4.005531311035156,4.005531311035156,195
1995-01-20,3.8453104496002197,3.8453104496002193,3.8453104496002193,3.8453104496002193,195
1995-01-23,4.005531311035156,4.005531311035156,3.84531014196706,3.84531014196706,585
1995-01-24,4.005531311035156,4.005531311035156,3.84531014196706,3.84531014196706,1169
1995-01-25,4.005531311035156,4.005531311035156,4.005531311035156,4.005531311035156,0
1995-01-26,4.005531311035156,4.005531311035156,4.005531311035156,4.005531311035156,0
1995-01-27,3.8453104496002197,3.885365670631293,3.8453104496002193,3.885365670631293,5262
1995-01-30,3.8453104496002197,3.8553241804175267,3.8453104496002193,3.8553241804175267,1559
1995-01-31,4.005531311035156,4.005531311035156,3.84531014196706,4.005531311035156,1949
1995-02-01,4.005531311035156,4.005531311035156,4.005531311035156,4.005531311035156,0
1995-02-02,4.005531311035156,4.005531311035156,3.84531014196706,3.84531014196706,9549
1995-02-03,3.8453104496002197,3.8453104496002193,3.8453104496002193,3.8453104496002193,9354
1995-02-06,3.8453104496002197,3.8453104496002193,3.8453104496002193,3.8453104496002193,0
1995-02-07,3.9254186153411865,3.9254186153411865,3.9254186153411865,3.9254186153411865,195
1995-02-08,3.685088872909546,3.6850888729095463,3.6850888729095463,3.6850888729095463,1559
1995-02-09,3.685088872909546,3.6850888729095463,3.6850888729095463,3.6850888729095463,779
1995-02-10,3.685088872909546,3.6850888729095463,3.6850888729095463,3.6850888729095463,0
1995-02-13,3.685088872909546,3.6850888729095463,3.6850888729095463,3.6850888729095463,0
1995-02-14,3.685088872909546,3.6850888729095463,3.6850888729095463,3.6850888729095463,0
1995-02-15,3.685088872909546,3.6850888729095463,3.6850888729095463,3.6850888729095463,0
1995-02-16,3.685088872909546,3.6850888729095463,3.6850888729095463,3.6850888729095463,0
1995-02-17,3.685088872909546,3.6850888729095463,3.6850888729095463,3.6850888729095463,390
1995-02-21,3.7051148414611816,3.7051148414611816,3.7051148414611816,3.7051148414611816,390
1995-02-22,3.7051148414611816,3.7051148414611816,3.7051148414611816,3.7051148414611816,0
1995-02-23,3.7251439094543457,3.7251439094543457,3.6850886946521904,3.6850886946521904,8964
1995-02-24,3.7051148414611816,3.7051148414611816,3.6850873900312644,3.6850873900312644,7405
1995-02-27,3.685088872909546,3.6850888729095463,3.6850888729095463,3.6850888729095463,15005
1995-02-28,3.685088872909546,3.925420768871552,3.6850888729095463,3.6850888729095463,31179
1995-03-01,3.685088872909546,3.7651993063890066,3.6850888729095463,3.6850888729095463,9744
1995-03-02,3.685088872909546,3.6850888729095463,3.6850888729095463,3.6850888729095463,0
1995-03-03,3.685088872909546,3.925420768871552,3.6850888729095463,3.925420768871552,7210
1995-03-06,3.685088872909546,3.6850888729095463,3.6850888729095463,3.6850888729095463,0
1995-03-07,3.8453104496002197,3.8453104496002193,3.8453104496002193,3.8453104496002193,390
1995-03-08,3.8453104496002197,3.8453104496002193,3.8453104496002193,3.8453104496002193,0
1995-03-09,3.6291725635528564,3.629172563552857,3.629172563552857,3.629172563552857,779
1995-03-10,3.6291725635528564,3.629172563552857,3.629172563552857,3.629172563552857,0
1995-03-13,3.871116876602173,3.871116876602173,3.6291720530795266,3.6291720530795266,8574
1995-03-14,3.871116876602173,3.871116876602173,3.6291720530795266,3.6291720530795266,2338
1995-03-15,3.6291725635528564,3.629172563552857,3.629172563552857,3.629172563552857,2728
1995-03-16,3.871116876602173,3.871116876602173,3.871116876602173,3.871116876602173,2338
1995-03-17,3.6291725635528564,3.669496606558488,3.629172563552857,3.629172563552857,14615
1995-03-20,3.790469169616699,3.7904691696166997,3.6291726921198793,3.6291726921198793,5067
1995-03-21,3.790469169616699,3.8711175582452193,3.6291726921198793,3.6291726921198793,4872
1995-03-22,3.871116876602173,3.871116876602173,3.6291720530795266,3.6291720530795266,585
1995-03-23,3.8509552478790283,3.8711174192522875,3.6291725618140065,3.8711174192522875,5067
1995-03-24,3.790469169616699,3.8711175582452193,3.6291726921198793,3.6291726921198793,6626
1995-03-27,3.790469169616699,3.7904691696166997,3.7904691696166997,3.7904691696166997,0
1995-03-28,3.790469169616699,3.7904691696166997,3.7904691696166997,3.7904691696166997,0
1995-03-29,3.790469169616699,3.7904691696166997,3.7904691696166997,3.7904691696166997,0
1995-03-30,3.6291725635528564,3.7904690353355903,3.629172563552857,3.7904690353355903,390
1995-03-31,3.6291725635528564,3.629172563552857,3.629172563552857,3.629172563552857,0
1995-04-03,3.7098212242126465,3.7098212242126465,3.7098212242126465,3.7098212242126465,2728
1995-04-04,3.790469169616699,3.7904691696166997,3.6291726921198793,3.7904691696166997,2338
1995-04-05,3.6291725635528564,3.7904690353355903,3.629172563552857,3.7904690353355903,8379
1995-04-06,3.6291725635528564,3.629172563552857,3.629172563552857,3.629172563552857,0
1995-04-07,3.6291725635528564,3.7904690353355903,3.629172563552857,3.7904690353355903,3897
1995-04-10,3.790469169616699,3.7904691696166997,3.6291726921198793,3.6291726921198793,5651
1995-04-11,3.6291725635528564,3.750144992329959,3.629172563552857,3.629172563552857,5846
1995-04-12,3.5888478755950928,3.5888478755950928,3.5888478755950928,3.5888478755950928,779
1995-04-13,3.669496536254883,3.6694965362548833,3.6694965362548833,3.6694965362548833,3897
1995-04-17,3.6291725635528564,3.629172563552857,3.5485244775415943,3.588848220787017,12472
1995-04-18,3.6291725635528564,3.629172563552857,3.629172563552857,3.629172563552857,0
1995-04-19,3.7098212242126465,3.7098212242126465,3.7098212242126465,3.7098212242126465,195
1995-04-20,3.7098212242126465,3.7098212242126465,3.7098212242126465,3.7098212242126465,0
1995-04-21,3.7098212242126465,3.7098212242126465,3.7098212242126465,3.7098212242126465,195
1995-04-24,3.7098212242126465,3.7098212242126465,3.7098212242126465,3.7098212242126465,390
1995-04-25,3.5485236644744873,3.5485236644744873,3.5485236644744873,3.5485236644744873,2533
1995-04-26,3.649336338043213,3.6694985199392676,3.6493363380432133,3.6694985199392676,390
1995-04-27,3.669496536254883,3.6694965362548833,3.3872276411030158,3.3872276411030158,8574
1995-04-28,3.669496536254883,3.6694965362548833,3.3872276411030158,3.6291724940218173,67815
1995-05-01,3.3872275352478027,3.3872275352478027,3.3872275352478027,3.3872275352478027,7990
1995-05-02,3.669496536254883,3.6694965362548833,3.3872276411030158,3.3872276411030158,6821
1995-05-03,3.669496536254883,3.6694965362548833,3.6694965362548833,3.6694965362548833,0
1995-05-04,3.3872275352478027,3.3872275352478027,3.3872275352478027,3.3872275352478027,7015
1995-05-05,3.3872275352478027,3.3872275352478027,3.3872275352478027,3.3872275352478027,0
1995-05-08,3.3872275352478027,3.3872275352478027,3.3872275352478027,3.3872275352478027,390
1995-05-09,3.3872275352478027,3.6694964215784047,3.3872275352478027,3.6694964215784047,2533
1995-05-10,3.3872275352478027,3.6694964215784047,3.3872275352478027,3.6694964215784047,585
1995-05-11,3.3872275352478027,3.5485242986597414,3.3872275352478027,3.5485242986597414,2338
1995-05-12,3.6291725635528564,3.629172563552857,3.629172563552857,3.629172563552857,390
1995-05-15,3.669496536254883,3.6694965362548833,3.3872276411030158,3.3872276411030158,10133
1995-05-16,3.5485236644744873,3.629171732006997,3.3872269298891884,3.629171732006997,6626
1995-05-17,3.669496536254883,3.6694965362548833,3.6694965362548833,3.6694965362548833,585
1995-05-18,3.6291725635528564,3.669496606558488,3.387227705998652,3.669496606558488,974
1995-05-19,3.4678752422332764,3.4678752422332764,3.4678752422332764,3.4678752422332764,585
1995-05-22,3.5485236644744873,3.5485236644744873,3.427550963655443,3.427550963655443,2533
1995-05-23,3.669496536254883,3.6694965362548833,3.6694965362548833,3.6694965362548833,390
1995-05-24,3.3872275352478027,3.6694964215784047,3.3872275352478027,3.6694964215784047,974
1995-05-25,3.3872275352478027,3.5283621282932005,3.3872275352478027,3.5283621282932005,7405
1995-05-26,3.3872275352478027,3.5888480398724356,3.3872275352478027,3.5888480398724356,779
1995-05-30,3.3872275352478027,3.3872275352478027,3.3872275352478027,3.3872275352478027,0
1995-05-31,3.3872275352478027,3.3872275352478027,3.3872275352478027,3.3872275352478027,0
1995-06-01,3.2662546634674072,3.588847546415213,3.2662546634674072,3.588847546415213,585
1995-06-02,3.5888478755950928,3.5888478755950928,3.548524136228193,3.548524136228193,2338
1995-06-05,3.5888478755950928,3.5888478755950928,3.5888478755950928,3.5888478755950928,974
1995-06-06,3.5888478755950928,3.5888478755950928,3.3872273801995165,3.5888478755950928,10328
1995-06-07,3.5888478755950928,3.5888478755950928,3.5888478755950928,3.5888478755950928,1754
1995-06-08,3.5888478755950928,3.5888478755950928,3.5888478755950928,3.5888478755950928,195
1995-06-09,3.5888478755950928,3.5888478755950928,3.5888478755950928,3.5888478755950928,0
1995-06-12,3.5485236644744873,3.5888473984806026,3.5485236644744873,3.5888473984806026,1559
1995-06-13,3.4526610374450684,3.4526610374450684,3.4526610374450684,3.4526610374450684,390
1995-06-14,3.5745198726654053,3.5745198726654053,3.5745198726654053,3.5745198726654053,195
1995-06-15,3.615139961242676,3.615139961242676,3.533901050984968,3.615139961242676,3313
1995-06-16,3.615139961242676,3.615139961242676,3.615139961242676,3.615139961242676,195
1995-06-19,3.4932804107666016,3.493280410766601,3.412041226112912,3.412041226112912,1754
1995-06-20,3.4120423793792725,3.5339010465698264,3.4120423793792725,3.4120423793792725,30985
1995-06-21,3.5745198726654053,3.5745198726654053,3.41204149075596,3.5745198726654053,3313
1995-06-22,3.5745198726654053,3.5745198726654053,3.4932806817106825,3.4932806817106825,1754
1995-06-23,3.4120423793792725,3.4120423793792725,3.4120423793792725,3.4120423793792725,3118
1995-06-26,3.4120423793792725,3.4120423793792725,3.4120423793792725,3.4120423793792725,16954
1995-06-27,3.4120423793792725,3.4323519559402063,3.4120423793792725,3.4323519559402063,2923
1995-06-28,3.4526610374450684,3.4526610374450684,3.290182952682852,3.371422146042044,1169
1995-06-29,3.3308022022247314,3.4932805793743404,3.1683241270312728,3.2901827589154045,29231
1995-06-30,3.3714232444763184,3.3714232444763184,3.1683253458856453,3.1683253458856453,2338
1995-07-03,3.3714232444763184,3.3714232444763184,3.3714232444763184,3.3714232444763184,974
1995-07-05,3.4120423793792725,3.4120423793792725,3.1683250449981646,3.4120423793792725,4872
1995-07-06,3.2495625019073486,3.2901822407760113,3.2495625019073486,3.2901822407760113,28841
1995-07-07,3.4120423793792725,3.4120423793792725,3.1683250449981646,3.1683250449981646,1949
1995-07-10,3.168325424194336,3.2901841059693595,3.168325424194336,3.2901841059693595,4872
1995-07-11,3.4932804107666016,3.493280410766601,3.3308020414592225,3.3308020414592225,585
1995-07-12,3.4932804107666016,3.493280410766601,3.2495628568055333,3.452660667461689,5067
1995-07-13,3.4932804107666016,3.493280410766601,3.493280410766601,3.493280410766601,6431
1995-07-14,3.7369987964630127,3.7369987964630127,3.4120422612224877,3.5745206798208637,31179
1995-07-17,3.5542123317718506,3.554212331771851,3.554212331771851,3.554212331771851,195
1995-07-18,3.4120423793792725,3.4120423793792725,3.4120423793792725,3.4120423793792725,10133
1995-07-19,3.4120423793792725,3.4120423793792725,3.4120423793792725,3.4120423793792725,0
1995-07-20,3.4120423793792725,3.4120423793792725,3.4120423793792725,3.4120423793792725,0
1995-07-21,3.7369987964630127,3.7369987964630127,3.7369987964630127,3.7369987964630127,1949
1995-07-24,3.4932804107666016,3.5542097237678343,3.493280410766601,3.5542097237678343,4092
1995-07-25,3.4932804107666016,3.5745195954202904,3.493280410766601,3.493280410766601,21046
1995-07-26,3.5745198726654053,3.5745198726654053,3.5745198726654053,3.5745198726654053,1949
1995-07-27,3.5745198726654053,3.5745198726654053,3.554209999437685,3.554209999437685,35467
1995-07-28,3.7369987964630127,3.7369987964630127,3.7369987964630127,3.7369987964630127,1364
1995-07-31,3.7369987964630127,3.7369987964630127,3.7369987964630127,3.7369987964630127,974
1995-08-01,3.43234920501709,3.635446921543472,3.412039644733649,3.493278791735401,7405
1995-08-02,3.4120423793792725,3.6557597137603803,3.4120423793792725,3.493281591491721,7015
1995-08-03,3.4932804107666016,3.493280410766601,3.493280410766601,3.493280410766601,390
1995-08-04,3.4932804107666016,3.493280410766601,3.493280410766601,3.493280410766601,0
1995-08-07,3.4120423793792725,3.4120423793792725,3.4120423793792725,3.4120423793792725,2144
1995-08-08,3.4120423793792725,3.4120423793792725,3.4120423793792725,3.4120423793792725,5846
1995-08-09,3.4120423793792725,3.4729717129745494,3.4120423793792725,3.4120423793792725,2338
1995-08-10,3.4120423793792725,3.4120423793792725,3.4120423793792725,3.4120423793792725,1364
1995-08-11,3.4120423793792725,3.4120423793792725,3.4120423793792725,3.4120423793792725,0
1995-08-14,3.4120423793792725,3.5339010465698264,3.4120423793792725,3.493281591491721,6431
1995-08-15,3.4120423793792725,3.4120423793792725,3.4120423793792725,3.4120423793792725,0
1995-08-16,3.5339012145996094,3.574520973565339,3.4120425416149245,3.4120425416149245,3703
1995-08-17,3.4120423793792725,3.5745208036041696,3.4120423793792725,3.5745208036041696,3313
1995-08-18,3.4932804107666016,3.493280410766601,3.412041226112912,3.412041226112912,1559
1995-08-21,3.4932804107666016,3.493280410766601,3.3308020414592225,3.422196010961072,10718
1995-08-22,3.4932804107666016,3.493280410766601,3.493280410766601,3.493280410766601,0
1995-08-23,3.3714232444763184,3.3714232444763184,3.249564263756901,3.249564263756901,7795
1995-08-24,3.3714232444763184,3.3714232444763184,3.3714232444763184,3.3714232444763184,0
1995-08-25,3.4932804107666016,3.493280410766601,3.493280410766601,3.493280410766601,195
1995-08-28,3.4932804107666016,3.493280410766601,3.2495628568055333,3.493280410766601,8185
1995-08-29,3.4932804107666016,3.493280410766601,3.493280410766601,3.493280410766601,195
1995-08-30,3.3511123657226562,3.4932808825792714,3.351112365722656,3.4932808825792714,585
1995-08-31,3.2495625019073486,3.4932800292510153,3.2495625019073486,3.4932800292510153,2728
1995-09-01,3.3308022022247314,3.3308022022247314,3.310492631548143,3.3308022022247314,27672
1995-09-05,3.4932804107666016,3.493280410766601,3.493280410766601,3.493280410766601,779
1995-09-06,3.3714232444763184,3.3714232444763184,3.290184024648796,3.290184024648796,7015
1995-09-07,3.3714232444763184,3.3714232444763184,3.3714232444763184,3.3714232444763184,0
1995-09-08,3.3714232444763184,3.3714232444763184,3.3714232444763184,3.3714232444763184,0
1995-09-11,3.4932804107666016,3.493280410766601,3.493280410766601,3.493280410766601,195
1995-09-12,3.3308022022247314,3.452660834108863,3.2901827589154045,3.452660834108863,6431
1995-09-13,3.3570032119750977,3.3570032119750977,3.3570032119750977,3.3570032119750977,0
1995-09-14,3.479820966720581,3.479820966720581,3.3160647682822453,3.3160647682822453,2144
1995-09-15,3.3160645961761475,3.4798207861154213,3.3160645961761475,3.4798207861154213,2338
1995-09-18,3.3160645961761475,3.438881814713466,3.3160645961761475,3.3160645961761475,2338
1995-09-19,3.3979437351226807,3.4516762062523108,3.3160654664978635,3.3160654664978635,6236
1995-09-20,3.3979437351226807,3.3979437351226807,3.3979437351226807,3.3979437351226807,0
1995-09-21,3.3160645961761475,3.3774732054448067,3.3160645961761475,3.3774732054448067,12862
1995-09-22,3.3160645961761475,3.3160645961761475,3.3160645961761475,3.3160645961761475,0
1995-09-25,3.3160645961761475,3.5207600618488293,3.3160645961761475,3.5002904239821255,1364
1995-09-26,3.3160645961761475,3.3160645961761475,3.3160645961761475,3.3160645961761475,0
1995-09-27,3.3160645961761475,3.3160645961761475,3.3160645961761475,3.3160645961761475,0
1995-09-28,3.43888258934021,3.43888258934021,3.316065343137648,3.316065343137648,8769
1995-09-29,3.3160645961761475,3.459351148248717,3.3160645961761475,3.459351148248717,12667
1995-10-02,3.3518855571746826,3.351885557174683,3.2751246589274303,3.2751246589274303,22800
1995-10-03,3.2751243114471436,3.5207589771784584,3.2751243114471436,3.5207589771784584,3118
1995-10-04,3.479820966720581,3.479820966720581,3.479820966720581,3.479820966720581,585
1995-10-05,3.2751243114471436,3.2751243114471436,3.2751243114471436,3.2751243114471436,974
1995-10-06,3.5207598209381104,3.52075982093811,3.2751250963397665,3.2751250963397665,3118
1995-10-09,3.5207598209381104,3.52075982093811,3.2751250963397665,3.52075982093811,6236
1995-10-10,3.2751243114471436,3.5207589771784584,3.2751243114471436,3.5207589771784584,1364
1995-10-11,3.285360336303711,3.5207601098179624,3.285360336303711,3.4388818615670362,16954
1995-10-12,3.5207598209381104,3.52075982093811,3.3979426108046544,3.3979426108046544,2533
1995-10-13,3.43888258934021,3.43888258934021,3.43888258934021,3.43888258934021,3313
1995-10-16,3.285360336303711,3.285360336303711,3.285360336303711,3.285360336303711,585
1995-10-17,3.43888258934021,3.5207608549190916,3.2853610315870077,3.5207608549190916,4287
1995-10-18,3.3160645961761475,3.3160645961761475,3.3160645961761475,3.3160645961761475,1949
1995-10-19,3.3160645961761475,3.3160645961761475,3.3160645961761475,3.3160645961761475,0
1995-10-20,3.3979437351226807,3.438882717269323,3.3979437351226807,3.438882717269323,8964
1995-10-23,3.3570032119750977,3.438881450437205,3.193247039382303,3.2751249735129897,13056
1995-10-24,3.3570032119750977,3.3570032119750977,3.193247039382303,3.193247039382303,4482
1995-10-25,3.1932477951049805,3.2751257486131253,3.1932477951049805,3.1932477951049805,2338
1995-10-26,3.3570032119750977,3.3570032119750977,3.193247039382303,3.193247039382303,7795
1995-10-27,3.213717460632324,3.2751257740750965,3.1932478199304035,3.1932478199304035,4287
1995-10-30,3.1932477951049805,3.213717435647763,3.1932477951049805,3.213717435647763,2144
1995-10-31,3.1932477951049805,3.2751257486131253,3.1932477951049805,3.2751257486131253,2728
1995-11-01,3.1932477951049805,3.3570040064527635,3.1932477951049805,3.1932477951049805,7015
1995-11-02,3.1932477951049805,3.3570040064527635,3.1932477951049805,3.1932477951049805,14421
1995-11-03,3.43888258934021,3.43888258934021,3.1932480969350863,3.43888258934021,1949
1995-11-06,3.43888258934021,3.43888258934021,3.1932480969350863,3.43888258934021,1754
1995-11-07,3.43888258934021,3.43888258934021,3.43888258934021,3.43888258934021,974
1995-11-08,3.3570032119750977,3.3570032119750977,3.3570032119750977,3.3570032119750977,390
1995-11-09,3.3570032119750977,3.3570032119750977,3.3570032119750977,3.3570032119750977,0
1995-11-10,3.1932477951049805,3.1932477951049805,3.1932477951049805,3.1932477951049805,390
1995-11-13,3.1932477951049805,3.1932477951049805,3.1932477951049805,3.1932477951049805,0
1995-11-14,3.2751243114471436,3.4388807552680203,3.2751243114471436,3.2751243114471436,8379
1995-11-15,3.2751243114471436,3.4388807552680203,3.2751243114471436,3.2751243114471436,3313
1995-11-16,3.2751243114471436,3.2751243114471436,3.2751243114471436,3.2751243114471436,2338
1995-11-17,3.43888258934021,3.43888258934021,3.43888258934021,3.43888258934021,1949
1995-11-20,3.2751243114471436,3.4388807552680203,3.2751243114471436,3.2751243114471436,4872
1995-11-21,3.3570032119750977,3.3979424833718617,3.2751249735129897,3.2751249735129897,1559
1995-11-22,3.2751243114471436,3.4388807552680203,3.2751243114471436,3.4388807552680203,2923
1995-11-24,3.2751243114471436,3.2751243114471436,3.2751243114471436,3.2751243114471436,2728
1995-11-27,3.43888258934021,3.5207608549190916,3.275126058182446,3.275126058182446,8185
1995-11-28,3.3570032119750977,3.3570032119750977,3.2751249735129897,3.2751249735129897,779
1995-11-29,3.43888258934021,3.43888258934021,3.357004323761328,3.357004323761328,585
1995-11-30,3.3570032119750977,3.3570032119750977,3.2751249735129897,3.2751249735129897,9549
1995-12-01,3.5207598209381104,3.52075982093811,3.52075982093811,3.52075982093811,390
1995-12-04,3.43888258934021,3.5207608549190916,3.275126058182446,3.275126058182446,9159
1995-12-05,3.43888258934021,3.5207608549190916,3.316065343137648,3.316065343137648,2923
1995-12-06,3.3160645961761475,3.3570035675781025,3.3160645961761475,3.3160645961761475,6041
1995-12-07,3.3160645961761475,3.397942843311511,3.3160645961761475,3.3160645961761475,6821
1995-12-08,3.3160645961761475,3.3160645961761475,3.3160645961761475,3.3160645961761475,974
1995-12-11,3.3160645961761475,3.3160645961761475,3.3160645961761475,3.3160645961761475,585
1995-12-12,3.3570032119750977,3.438881450437205,3.316064244909754,3.316064244909754,1169
1995-12-13,3.407393217086792,3.469345826616142,3.3454406075574425,3.3454406075574425,13641
1995-12-14,3.386741876602173,3.469345449334201,3.2215350381655155,3.3454402437498585,16174
1995-12-15,3.386741876602173,3.386741876602173,3.138931465433487,3.3660912136897156,19292
1995-12-18,3.2628355026245117,3.3867403451529574,3.1389300460415446,3.3867403451529574,1754
1995-12-19,3.20088267326355,3.20088267326355,3.20088267326355,3.20088267326355,1364
1995-12-20,3.386741876602173,3.386741876602173,3.386741876602173,3.386741876602173,5262
1995-12-21,3.469343900680542,3.469343900680542,3.138930064270711,3.138930064270711,4872
1995-12-22,3.3041374683380127,3.428042949617218,3.1802326011134516,3.428042949617218,585
1995-12-26,3.1802327632904053,3.428043124431338,3.1802327632904053,3.1802327632904053,9744
1995-12-27,3.42804217338562,3.4280421733856197,3.1802318809949846,3.1802318809949846,24164
1995-12-28,3.1802327632904053,3.3867411928896236,3.1802327632904053,3.3867411928896236,12277
1995-12-29,3.1802327632904053,3.2008837290612626,3.1802327632904053,3.1802327632904053,7405
1996-01-02,3.20088267326355,3.428041993706077,3.180231714304325,3.428041993706077,974
1996-01-03,3.20088267326355,3.428041993706077,3.180231714304325,3.428041993706077,35272
1996-01-04,3.1802327632904053,3.2215343878047817,3.1802327632904053,3.1802327632904053,8769
1996-01-05,3.469343900680542,3.469343900680542,3.469343900680542,3.469343900680542,974
1996-01-08,3.1802327632904053,3.304137636833534,3.1802327632904053,3.304137636833534,4677
1996-01-09,3.283487558364868,3.469345362066317,3.1802333253176385,3.469345362066317,6431
1996-01-10,3.1802327632904053,3.1802327632904053,3.1802327632904053,3.1802327632904053,3313
1996-01-11,3.3041374683380127,3.3867410201817085,3.1802326011134516,3.3454393977735215,36246
1996-01-12,3.3041374683380127,3.3041374683380127,3.1389306716779424,3.200883565831206,17538
1996-01-15,3.1389310359954834,3.2834871917429163,3.1389310359954834,3.2834871917429163,3897
1996-01-16,3.1389310359954834,3.304137851830151,3.1389310359954834,3.304137851830151,5456
1996-01-17,3.3041374683380127,3.3041374683380127,3.1389306716779424,3.3041374683380127,1559
1996-01-18,3.3041374683380127,3.3041374683380127,3.1389306716779424,3.1389306716779424,11692
1996-01-19,3.3041374683380127,3.3041374683380127,3.3041374683380127,3.3041374683380127,1169
1996-01-22,3.3041374683380127,3.3041374683380127,3.3041374683380127,3.3041374683380127,1949
1996-01-23,3.3041374683380127,3.3041374683380127,3.3041374683380127,3.3041374683380127,1949
1996-01-24,3.3041374683380127,3.3041374683380127,3.3041374683380127,3.3041374683380127,6431
1996-01-25,3.2215335369110107,3.2215335369110107,3.0563267754617236,3.2215335369110107,2144
1996-01-26,3.3041374683380127,3.3041374683380127,3.1389306716779424,3.1389306716779424,3118
1996-01-29,3.3041374683380127,3.3041374683380127,3.3041374683380127,3.3041374683380127,195
1996-01-30,3.3041374683380127,3.3041374683380127,3.1389306716779424,3.1389306716779424,13446
1996-01-31,3.551948070526123,3.551948070526123,3.13893062453764,3.13893062453764,25138
1996-02-01,3.3041374683380127,3.551948123869101,3.3041374683380127,3.551948123869101,5846
1996-02-02,3.593250036239624,3.593250036239624,3.469344851989039,3.469344851989039,1559
1996-02-05,3.593250036239624,3.593250036239624,3.386741293479533,3.386741293479533,8185
1996-02-06,3.386741876602173,3.593250654918544,3.386741876602173,3.593250654918544,4287
1996-02-07,3.3041374683380127,3.3041374683380127,3.3041374683380127,3.3041374683380127,22215
1996-02-08,3.3041374683380127,3.593249746277288,3.3041374683380127,3.593249746277288,8379
1996-02-09,3.593250036239624,3.593250036239624,3.304137734970027,3.593250036239624,14031
1996-02-12,3.5106453895568848,3.5106453895568848,3.469343776617813,3.469343776617813,11692
1996-02-13,3.386741876602173,3.593250654918544,3.304138303870144,3.304138303870144,5846
1996-02-14,3.3041374683380127,3.510646194433592,3.3041374683380127,3.4073919848994634,5067
1996-02-15,3.3041374683380127,3.4486939143349726,3.3041374683380127,3.4486939143349726,5262
1996-02-16,3.3041374683380127,3.593249746277288,3.3041374683380127,3.3041374683380127,6431
1996-02-20,3.386741876602173,3.469345449334201,3.304138303870144,3.304138303870144,26892
1996-02-21,3.572598934173584,3.572598934173584,3.3041376094839494,3.3041376094839494,7405
1996-02-22,3.42804217338562,3.593248932636959,3.3041367201630494,3.3041367201630494,5067
1996-02-23,3.6345505714416504,3.63455057144165,3.5932486545547393,3.5932486545547393,1169
1996-02-26,3.551948070526123,3.551948070526123,3.3041374187166426,3.5106461417108843,67815
1996-02-27,3.551948070526123,3.551948070526123,3.551948070526123,3.551948070526123,0
1996-02-28,3.3041374683380127,3.551948123869101,3.3041374683380127,3.3041374683380127,7015
1996-02-29,3.386741876602173,3.5519490220662298,3.304138303870144,3.304138303870144,7210
1996-03-01,3.3041374683380127,3.551948123869101,3.3041374683380127,3.314463104210551,2533
1996-03-04,3.42804217338562,3.5519473195809375,3.3041367201630494,3.3041367201630494,11887
1996-03-05,3.386741876602173,3.386741876602173,3.304138303870144,3.304138303870144,4287
1996-03-06,3.3041374683380127,3.3041374683380127,3.3041374683380127,3.3041374683380127,3897
1996-03-07,3.3041374683380127,3.3041374683380127,3.3041374683380127,3.3041374683380127,1559
1996-03-08,3.3041374683380127,3.551948123869101,3.3041374683380127,3.551948123869101,6431
1996-03-11,3.469343900680542,3.469343900680542,3.3041368289619952,3.3041368289619952,8769
1996-03-12,3.3454394340515137,3.4280429867909636,3.3041375041681253,3.3041375041681253,20656
1996-03-13,3.417116165161133,3.6671493952984124,3.3754441150287535,3.6671493952984124,6626
1996-03-14,3.667147159576416,3.667147159576416,3.3754420571484105,3.4587864163822424,11497
1996-03-15,3.3754429817199707,3.5838037819864965,3.3754429817199707,3.3754429817199707,19682
1996-03-18,3.4796245098114014,3.5838047841879517,3.375443925653867,3.375443925653867,6236
1996-03-19,3.3754429817199707,3.417115017860917,3.3754429817199707,3.3754429817199707,18903
1996-03-20,3.4796245098114014,3.5004603788181208,3.33377156807846,3.33377156807846,98800
1996-03-21,3.625476360321045,3.6671487124750306,3.3754434865209078,3.625476360321045,20462
1996-03-22,3.417116165161133,3.6671493952984124,3.417116165161133,3.6671493952984124,10133
1996-03-25,3.417116165161133,3.6671493952984124,3.417116165161133,3.417116165161133,24749
1996-03-26,3.5004589557647705,3.5838033272523333,3.4171145842772073,3.4171145842772073,2533
1996-03-27,3.458787202835083,3.458787202835083,3.4171148588523774,3.4171148588523774,11108
1996-03-28,3.3754429817199707,3.500459399923707,3.333770635798127,3.333770635798127,17344
1996-03-29,3.667147159576416,3.667147159576416,3.333769722641088,3.333769722641088,56903
1996-04-01,3.417116165161133,3.6671493952984124,3.417116165161133,3.6671493952984124,3118
1996-04-02,3.417116165161133,3.5838049852526526,3.417116165161133,3.417116165161133,25138
1996-04-03,3.58380389213562,3.58380389213562,3.417115122886819,3.417115122886819,15395
1996-04-04,3.4796245098114014,3.4796245098114014,3.4171159734482903,3.4171159734482903,11692
1996-04-08,3.458787202835083,3.458787202835083,3.3337704806678503,3.4171148588523774,7210
1996-04-09,3.5004589557647705,3.5838033272523333,3.4171145842772073,3.4796230952285234,16369
1996-04-10,3.58380389213562,3.58380389213562,3.417115122886819,3.5004595075112195,9744
1996-04-11,3.58380389213562,3.58380389213562,3.417115122886819,3.417115122886819,5846
1996-04-12,3.417116165161133,3.5004605752068927,3.417116165161133,3.5004605752068927,12082
1996-04-15,3.417116165161133,3.417116165161133,3.417116165161133,3.417116165161133,3897
1996-04-16,3.4275317192077637,3.6671465163639136,3.417113482517871,3.6671465163639136,22410
1996-04-17,3.458787202835083,3.458787202835083,3.458787202835083,3.458787202835083,4092
1996-04-18,3.667147159576416,3.667147159576416,3.41711408187492,3.41711408187492,1364
1996-04-19,3.4275317192077637,3.6671465163639136,3.4275317192077637,3.6671465163639136,8964
1996-04-22,3.4275317192077637,3.4275317192077637,3.4275317192077637,3.4275317192077637,0
1996-04-23,3.542130708694458,3.667147411007136,3.5004586811107883,3.667147411007136,11303
1996-04-24,3.417116165161133,3.625477035385032,3.417116165161133,3.417116165161133,3703
1996-04-25,3.58380389213562,3.6671482767600208,3.417115122886819,3.417115122886819,6236
1996-04-26,3.750492572784424,3.750492572784424,3.750492572784424,3.750492572784424,2144
1996-04-29,3.750492572784424,3.750492572784424,3.500459713946734,3.500459713946734,7015
1996-04-30,3.5004589557647705,3.750491760446601,3.5004589557647705,3.7296555901294957,10718
1996-05-01,3.5212936401367188,3.7504905077271498,3.500457786559956,3.500457786559956,6041
1996-05-02,3.5004589557647705,3.5004589557647705,3.5004589557647705,3.5004589557647705,390
1996-05-03,3.5004589557647705,3.5004589557647705,3.5004589557647705,3.5004589557647705,0
1996-05-06,3.58380389213562,3.7504923516035142,3.5004595075112195,3.7504923516035142,5456
1996-05-07,3.542130708694458,3.667147411007136,3.542130708694458,3.667147411007136,5067
1996-05-08,3.8338358402252197,3.8338358402252197,3.8338358402252197,3.8338358402252197,1364
1996-05-09,3.5004589557647705,3.5004589557647705,3.5004589557647705,3.5004589557647705,2533
1996-05-10,3.542130708694458,3.6254750736426318,3.542130708694458,3.6254750736426318,7990
1996-05-13,3.542130708694458,3.542130708694458,3.542130708694458,3.542130708694458,974
1996-05-14,3.646313190460205,3.750493469970754,3.5421326011686567,3.6671493702747147,27672
1996-05-15,3.646313190460205,3.646313190460205,3.646313190460205,3.646313190460205,0
1996-05-16,3.58380389213562,3.59422182404583,3.58380389213562,3.59422182404583,27477
1996-05-17,3.667147159576416,3.667147159576416,3.583802800342584,3.583802800342584,2338
1996-05-20,3.667147159576416,3.667147159576416,3.667147159576416,3.667147159576416,585
1996-05-21,3.750492572784424,3.750492572784424,3.583804103486272,3.583804103486272,3313
1996-05-22,3.750492572784424,3.750492572784424,3.750492572784424,3.750492572784424,974
1996-05-23,3.667147159576416,3.667147159576416,3.583802800342584,3.583802800342584,5262
1996-05-24,3.625476360321045,3.625476360321045,3.625476360321045,3.625476360321045,3118
1996-05-28,3.750492572784424,3.750492572784424,3.625476143365579,3.625476143365579,14031
1996-05-29,3.625476360321045,3.625476360321045,3.625476360321045,3.625476360321045,1754
1996-05-30,3.646313190460205,3.917181979143832,3.6254770106456955,3.6254770106456955,28062
1996-05-31,3.625476360321045,3.9171812764942238,3.625476360321045,3.625476360321045,779
1996-06-03,3.625476360321045,3.625476360321045,3.625476360321045,3.625476360321045,0
1996-06-04,3.625476360321045,3.625476360321045,3.625476360321045,3.625476360321045,1169
1996-06-05,3.625476360321045,3.625476360321045,3.625476360321045,3.625476360321045,1169
1996-06-06,3.625476360321045,3.625476360321045,3.625476360321045,3.625476360321045,7210
1996-06-07,3.625476360321045,3.625476360321045,3.625476360321045,3.625476360321045,1169
1996-06-10,3.625476360321045,3.625476360321045,3.625476360321045,3.625476360321045,1559
1996-06-11,3.625476360321045,3.625476360321045,3.625476360321045,3.625476360321045,1754
1996-06-12,3.7817904949188232,3.7817904949188237,3.655730801342661,3.655730801342661,5651
1996-06-13,3.655730724334717,3.6977508295523194,3.655730724334717,3.655730724334717,44041
1996-06-14,3.655730724334717,3.8658303133245924,3.655730724334717,3.655730724334717,24164
1996-06-17,3.655730724334717,3.676740776943518,3.655730724334717,3.655730724334717,8574
1996-06-18,3.655730724334717,3.655730724334717,3.655730724334717,3.655730724334717,1949
1996-06-19,3.676741361618042,3.8658309280680934,3.6767413616180424,3.8658309280680934,1364
1996-06-20,3.7817904949188232,3.865830394758283,3.655730801342661,3.7817904949188237,33518
1996-06-21,3.8658292293548584,3.8658292293548584,3.8658292293548584,3.8658292293548584,18903
1996-06-24,3.655730724334717,3.8658303133245924,3.655730724334717,3.8658303133245924,42677
1996-06-25,3.655730724334717,3.781790415255433,3.655730724334717,3.781790415255433,974
1996-06-26,3.739769220352173,3.8658291869078614,3.65572965913632,3.8658291869078614,6041
1996-06-27,3.655730724334717,3.9918896918792623,3.655730724334717,3.760780362646632,2338
1996-06-28,3.655730724334717,3.9918896918792623,3.655730724334717,3.655730724334717,11497
1996-07-01,3.655730724334717,3.6977508295523194,3.655730724334717,3.655730724334717,8185
1996-07-02,3.8658292293548584,3.991888572562775,3.8658292293548584,3.991888572562775,585
1996-07-03,3.655730724334717,3.655730724334717,3.655730724334717,3.655730724334717,779
1996-07-05,3.655730724334717,3.655730724334717,3.655730724334717,3.655730724334717,0
1996-07-08,3.697749137878418,3.9918878656405785,3.6557290518844785,3.6557290518844785,18318
1996-07-09,3.7817904949188232,3.844820341706905,3.7817904949188237,3.844820341706905,20267
1996-07-10,3.7817904949188232,3.7817904949188237,3.7817904949188237,3.7817904949188237,0
1996-07-11,3.697749137878418,3.865828544756468,3.6977491378784184,3.865828544756468,2338
1996-07-12,3.697749137878418,3.6977491378784184,3.6977491378784184,3.6977491378784184,0
1996-07-15,3.8658292293548584,3.991888572562775,3.8658292293548584,3.991888572562775,390
1996-07-16,3.697749137878418,3.8448185017594985,3.6977491378784184,3.6977491378784184,1559
1996-07-17,3.697749137878418,3.6977491378784184,3.6977491378784184,3.6977491378784184,1949
1996-07-18,3.697749137878418,3.6977491378784184,3.6977491378784184,3.6977491378784184,390
1996-07-19,3.697749137878418,3.6977491378784184,3.6977491378784184,3.6977491378784184,16369
1996-07-22,3.697749137878418,3.6977491378784184,3.6977491378784184,3.6977491378784184,195
1996-07-23,3.697749137878418,3.6977491378784184,3.6977491378784184,3.6977491378784184,1169
1996-07-24,3.697749137878418,3.9498680920125415,3.6977491378784184,3.6977491378784184,7405
1996-07-25,3.8238096237182617,3.8238096237182617,3.6977502644291085,3.6977502644291085,1364
1996-07-26,3.697749137878418,3.6977491378784184,3.6977491378784184,3.6977491378784184,7600
1996-07-29,3.697749137878418,3.6977491378784184,3.6977491378784184,3.6977491378784184,0
1996-07-30,3.7187600135803223,3.718760013580322,3.697750276479992,3.697750276479992,3313
1996-07-31,3.7187600135803223,3.718760013580322,3.718760013580322,3.718760013580322,12082
1996-08-01,3.613710641860962,3.8238099016463076,3.6137106418609624,3.8238099016463076,1559
1996-08-02,3.7817904949188232,3.7817904949188237,3.6137110076059575,3.6137110076059575,11497
1996-08-05,3.613710641860962,3.6137106418609624,3.6137106418609624,3.6137106418609624,974
1996-08-06,3.613710641860962,3.6137106418609624,3.6137106418609624,3.6137106418609624,1949
1996-08-07,3.697749137878418,3.6977491378784184,3.613709278256442,3.613709278256442,6821
1996-08-08,3.697749137878418,3.6977491378784184,3.6977491378784184,3.6977491378784184,0
1996-08-09,3.739769220352173,3.739769220352173,3.739769220352173,3.739769220352173,390
1996-08-12,3.613710641860962,3.739770010312557,3.6137106418609624,3.739770010312557,2923
1996-08-13,3.739769220352173,3.739769220352173,3.4876502243386605,3.4876502243386605,24164
1996-08-14,3.739769220352173,3.739769220352173,3.739769220352173,3.739769220352173,0
1996-08-15,3.529669761657715,3.8238088303710414,3.4876499839460777,3.6137096294469226,15785
1996-08-16,3.613710641860962,3.697750533194713,3.6137106418609624,3.697750533194713,4872
1996-08-19,3.529669761657715,3.529669761657715,3.529669761657715,3.529669761657715,1364
1996-08-20,3.5716893672943115,3.5716893672943115,3.5716893672943115,3.5716893672943115,779
1996-08-21,3.697749137878418,3.6977491378784184,3.4876496450064285,3.5296694186344655,11692
1996-08-22,3.487650156021118,3.613709807741543,3.487650156021118,3.487650156021118,5651
1996-08-23,3.487650156021118,3.6977496796771425,3.487650156021118,3.487650156021118,2338
1996-08-26,3.697749137878418,3.6977491378784184,3.6977491378784184,3.6977491378784184,2728
1996-08-27,3.487650156021118,3.5296699358059436,3.487650156021118,3.4981550228758373,57487
1996-08-28,3.487650156021118,3.487650156021118,3.487650156021118,3.487650156021118,20072
1996-08-29,3.487650156021118,3.487650156021118,3.487650156021118,3.487650156021118,7795
1996-08-30,3.487650156021118,3.487650156021118,3.487650156021118,3.487650156021118,0
1996-09-03,3.487650156021118,3.487650156021118,3.487650156021118,3.487650156021118,585
1996-09-04,3.613710641860962,3.6137106418609624,3.4876509610433466,3.4876509610433466,13056
1996-09-05,3.613710641860962,3.697750533194713,3.4876509610433466,3.5086610119682895,31569
1996-09-06,3.529669761657715,3.69774949723613,3.4876499839460777,3.69774949723613,4677
1996-09-09,3.613710641860962,3.6137106418609624,3.4876509610433466,3.4876509610433466,585
1996-09-10,3.487650156021118,3.487650156021118,3.487650156021118,3.487650156021118,390
1996-09-11,3.5181684494018555,3.85726883301934,3.5181684494018555,3.85726883301934,7990
1996-09-12,3.5181684494018555,3.7301064254872376,3.5181684494018555,3.5181684494018555,12472
1996-09-13,3.5181684494018555,3.772493579565333,3.5181684494018555,3.772493579565333,1169
1996-09-16,3.5181684494018555,3.772493579565333,3.5181684494018555,3.772493579565333,7795
1996-09-17,3.687720775604248,3.772495763025386,3.6453332818936786,3.687720775604248,13836
1996-09-18,3.7301065921783447,3.7724937481506386,3.7301065921783447,3.7724937481506386,4092
1996-09-19,3.6453325748443604,3.645332574844361,3.518169803277711,3.518169803277711,3703
1996-09-20,3.5181684494018555,3.7301064254872376,3.5181684494018555,3.5181684494018555,22410
1996-09-23,3.5181684494018555,3.5181684494018555,3.5181684494018555,3.5181684494018555,0
1996-09-24,3.6453325748443604,3.7301078609219247,3.518169803277711,3.518169803277711,13251
1996-09-25,3.772493600845337,3.7724936008453374,3.7724936008453374,3.7724936008453374,390
1996-09-26,3.581749677658081,3.666524935420729,3.5605560995418855,3.5605560995418855,28646
1996-09-27,3.6029434204101562,3.6877186746324835,3.602943420410156,3.645331205070957,14031
1996-09-30,3.772493600845337,3.7724936008453374,3.6029434080801908,3.6029434080801908,2728
1996-10-01,3.6029434204101562,3.772493613755536,3.602943420410156,3.772493613755536,33128
1996-10-02,3.772493600845337,3.7724936008453374,3.6029434080801908,3.6029434080801908,2923
1996-10-03,3.7936899662017822,3.7936899662017827,3.645333568981281,3.7724960601276485,21241
1996-10-04,3.7301065921783447,3.7301065921783447,3.7301065921783447,3.7301065921783447,12667
1996-10-07,3.7301065921783447,3.899656791563951,3.7301065921783447,3.899656791563951,3313
1996-10-08,3.7301065921783447,3.942044262635531,3.7301065921783447,3.899656791563951,16954
1996-10-09,3.6665265560150146,3.6665265560150146,3.6665265560150146,3.6665265560150146,4677
1996-10-10,3.6029434204101562,3.645331205070957,3.433393227064776,3.602943420410156,30985
1996-10-11,3.4333934783935547,3.5181687388215392,3.4333934783935547,3.4333934783935547,3118
1996-10-14,3.4333934783935547,3.4333934783935547,3.4333934783935547,3.4333934783935547,0
1996-10-15,3.6029434204101562,3.602943420410156,3.602943420410156,3.602943420410156,3703
1996-10-16,3.6029434204101562,3.6877186746324835,3.602943420410156,3.6877186746324835,7405
1996-10-17,3.814882755279541,3.8572702399172893,3.6029447018920275,3.6029447018920275,22410
1996-10-18,3.687720775604248,3.687720775604248,3.687720775604248,3.687720775604248,1169
1996-10-21,3.7301065921783447,3.8148815343215046,3.6877188060074784,3.6877188060074784,3118
1996-10-22,3.6665265560150146,3.814883243898059,3.6665265560150146,3.814883243898059,8964
1996-10-23,3.687720775604248,3.7301085844142716,3.687720775604248,3.7301085844142716,10133
1996-10-24,3.7936899662017822,3.814883872275917,3.645333568981281,3.645333568981281,9159
1996-10-25,3.814882755279541,3.814882755279541,3.708913886135478,3.7513013707732257,12472
1996-10-28,3.814882755279541,3.814882755279541,3.6453325016291624,3.814882755279541,8185
1996-10-29,3.7301065921783447,3.8148815343215046,3.6453313349358982,3.6453313349358982,5067
1996-10-30,3.6453325748443604,3.814882831900096,3.645332574844361,3.645332574844361,30400
1996-10-31,3.7301065921783447,3.7301065921783447,3.6453313349358982,3.7301065921783447,32544
1996-11-01,3.7301065921783447,3.7301065921783447,3.7089126990929113,3.7301065921783447,38390
1996-11-04,3.814882755279541,3.814882755279541,3.6453325016291624,3.6453325016291624,9159
1996-11-05,3.814882755279541,3.814882755279541,3.814882755279541,3.814882755279541,0
1996-11-06,3.8572700023651123,3.8996577994917705,3.73010755628324,3.8996577994917705,10718
1996-11-07,3.772493600845337,3.7724936008453374,3.7724936008453374,3.7724936008453374,1169
1996-11-08,3.7301065921783447,3.899656791563951,3.7301065921783447,3.7301065921783447,19097
1996-11-11,3.687720775604248,3.687720775604248,3.687720775604248,3.687720775604248,195
1996-11-12,3.8572700023651123,3.984432763546352,3.687719759156582,3.8148825203378216,8574
1996-11-13,3.814882755279541,3.814882755279541,3.6877199862669103,3.814882755279541,30595
1996-11-14,3.7301065921783447,3.7513001701644915,3.6029435487650323,3.6029435487650323,7405
1996-11-15,3.8572700023651123,3.8572700023651123,3.6453322771292913,3.6453322771292913,2144
1996-11-18,3.6029434204101562,3.7301064592932844,3.602943420410156,3.602943420410156,29815
1996-11-19,3.687720775604248,3.772495763025386,3.602945473083655,3.602945473083655,6236
1996-11-20,3.772493600845337,3.7724936008453374,3.7089125542702717,3.7089125542702717,8185
1996-11-21,3.772493600845337,3.7724936008453374,3.730106446528143,3.730106446528143,779
1996-11-22,3.6453325748443604,3.772495031311617,3.645332574844361,3.7301078609219247,37220
1996-11-25,3.8996574878692627,3.8996574878692627,3.6453319858299915,3.772494421750285,8185
1996-11-26,3.8996574878692627,3.8996574878692627,3.6453319858299915,3.8996574878692627,4287
1996-11-27,3.7301065921783447,3.899656791563951,3.6877188060074784,3.899656791563951,18903
1996-11-29,3.687720775604248,3.687720775604248,3.687720775604248,3.687720775604248,2923
1996-12-02,3.8996574878692627,3.8996574878692627,3.8996574878692627,3.8996574878692627,9938
1996-12-03,3.942044734954834,3.942044734954834,3.85726946755497,3.85726946755497,3313
1996-12-04,3.8572700023651123,3.8572700023651123,3.7724947232111634,3.8148825203378216,5846
1996-12-05,4.069206714630127,4.069206714630127,3.8572687434652995,3.899656526757824,13251
1996-12-06,3.8572700023651123,4.069208042700301,3.8572700023651123,3.9632391800823905,5262
1996-12-09,3.9844329357147217,4.069208218531832,3.8996579679969923,4.069208218531832,4092
1996-12-10,3.942044734954834,4.0692074785049686,3.942044734954834,4.0692074785049686,12277
1996-12-11,4.019004821777344,4.14727094663549,3.933494283760858,4.14727094663549,14226
1996-12-12,3.9334933757781982,3.997626423403205,3.9334933757781982,3.9334933757781982,4872
1996-12-13,4.104516983032227,4.190027866078101,4.019006099986351,4.019006099986351,15005
1996-12-16,4.147270202636719,4.232780725313061,4.104514941298548,4.104514941298548,16564
1996-12-17,4.232784271240234,4.3610507983740865,4.147273676929166,4.254162078734813,31959
1996-12-18,4.361048698425293,4.361048698425293,4.232782233054798,4.27553782745612,12277
1996-12-19,4.361048698425293,4.361048698425293,4.19002727432042,4.361048698425293,11497
1996-12-20,4.446558952331543,4.446558952331543,4.403803996474344,4.403803996474344,3118
1996-12-23,4.1900248527526855,4.446556681734185,4.1900248527526855,4.446556681734185,2728
1996-12-24,4.446558952331543,4.446558952331543,4.446558952331543,4.446558952331543,1949
1996-12-26,4.446558952331543,4.446558952331543,4.361048404950242,4.361048404950242,2144
1996-12-27,4.361048698425293,4.446559251560993,4.19002727432042,4.19002727432042,3897
1996-12-30,4.361048698425293,4.446559251560993,4.19002727432042,4.446559251560993,32154
1996-12-31,4.1900248527526855,4.318290608326791,4.1900248527526855,4.318290608326791,21241
1997-01-02,4.361048698425293,4.361048698425293,4.19002727432042,4.19002727432042,3897
1997-01-03,4.318293571472168,4.361049170501714,4.1900277278840505,4.339671370986941,34882
1997-01-06,4.1900248527526855,4.318290608326791,4.1900248527526855,4.1900248527526855,7015
1997-01-07,4.275538921356201,4.361049814203405,4.190028346342552,4.190028346342552,40533
1997-01-08,4.1900248527526855,4.2755353564687555,4.1900248527526855,4.2755353564687555,19487
1997-01-09,4.232784271240234,4.275539886229393,4.190029291918326,4.190029291918326,33908
1997-01-10,4.1900248527526855,4.1900248527526855,4.1900248527526855,4.1900248527526855,1559
1997-01-13,4.361048698425293,4.361048698425293,4.19002727432042,4.19002727432042,4677
1997-01-14,4.1900248527526855,4.446556681734185,4.1900248527526855,4.446556681734185,26697
1997-01-15,4.296914577484131,4.361047635623199,4.27553678549331,4.361047635623199,974
1997-01-16,4.232784271240234,4.3610507983740865,4.211407099412906,4.211407099412906,54369
1997-01-17,4.318293571472168,4.361049170501714,4.232782691246583,4.232782691246583,53979
1997-01-20,4.275538921356201,4.361049814203405,4.232783316015823,4.232783316015823,34297
1997-01-21,4.232784271240234,4.3610507983740865,4.232784271240234,4.232784271240234,25138
1997-01-22,4.232784271240234,4.339672990879507,4.232784271240234,4.339672990879507,17344
1997-01-23,4.232784271240234,4.243473333904337,4.232784271240234,4.232784271240234,43067
1997-01-24,4.232784271240234,4.232784271240234,4.190029291918326,4.190029291918326,24554
1997-01-27,4.232784271240234,4.275539886229393,4.190029291918326,4.190029291918326,7795
1997-01-28,4.1900248527526855,4.296913141314418,4.1900248527526855,4.296913141314418,78923
1997-01-29,4.1900248527526855,4.2327797867774315,4.1900248527526855,4.2327797867774315,6821
1997-01-30,4.1900248527526855,4.2755353564687555,4.1900248527526855,4.1900248527526855,42482
1997-01-31,4.1900248527526855,4.446556681734185,4.1900248527526855,4.446556681734185,12277
1997-02-03,4.1900248527526855,4.446556681734185,4.1900248527526855,4.1900248527526855,9159
1997-02-04,4.254160404205322,4.254160404205322,4.1900276426328755,4.1900276426328755,13641
1997-02-05,4.1900248527526855,4.296913141314418,4.1900248527526855,4.296913141314418,3703
1997-02-06,4.446558952331543,4.446558952331543,4.3396706091881905,4.3396706091881905,6626
1997-02-07,4.40380334854126,4.446558298107909,4.232781325440833,4.232781325440833,6821
1997-02-10,4.275538921356201,4.403805419543783,4.232783316015823,4.232783316015823,6626
1997-02-11,4.40380334854126,4.40380334854126,4.232781325440833,4.232781325440833,3118
1997-02-12,4.318293571472168,4.40380476953126,4.318293571472168,4.40380476953126,43846
1997-02-13,4.232784271240234,4.403806413363246,4.232784271240234,4.403806413363246,3703
1997-02-14,4.361048698425293,4.4038042928266155,4.27553782745612,4.4038042928266155,22410
1997-02-18,4.446558952331543,4.446558952331543,4.275537539735489,4.382426200712293,10523
1997-02-19,4.3396687507629395,4.5320678767277975,4.3396687507629395,4.446557048132312,24359
1997-02-20,4.703092575073242,4.703092575073242,4.361049652068029,4.48931582765337,57877
1997-02-21,4.703092575073242,4.703092575073242,4.61758200323871,4.703092575073242,3897
1997-02-24,4.510692596435547,4.724469627790378,4.510692596435547,4.510692596435547,33908
1997-02-25,4.510692596435547,4.681714030819316,4.510692596435547,4.681714030819316,5846
1997-02-26,4.532069683074951,4.681713295468867,4.5106918879472016,4.596202750624756,10913
1997-02-27,4.681712627410889,4.681712627410889,4.596202094768721,4.681712627410889,7015
1997-02-28,4.681712627410889,4.681712627410889,4.510691244293156,4.510691244293156,5456
1997-03-03,4.767225742340088,4.767225742340088,4.510693086162394,4.681714539113997,23385
1997-03-04,4.532069683074951,4.66033581817456,4.532069683074951,4.617580545752505,10133
1997-03-05,4.767225742340088,4.767225742340088,4.617581772361482,4.767225742340088,3897
1997-03-06,4.681712627410889,4.681712627410889,4.553446828447637,4.617579886845961,10718
1997-03-07,4.617578983306885,4.638956453367719,4.596201195412717,4.617578983306885,6041
1997-03-10,4.660337448120117,4.660337448120117,4.553449070764217,4.553449070764217,14810
1997-03-11,4.852734565734863,4.852734565734863,4.59620231959322,4.713779705019277,37610
1997-03-12,4.831240177154541,4.925970408088148,4.736509946220934,4.925970408088148,8858
1997-03-13,4.736509799957275,4.831240027965608,4.736509799957275,4.831240027965608,12047
1997-03-14,4.831240177154541,4.831240177154541,4.641779715287328,4.736509946220934,8326
1997-03-17,4.712827682495117,4.925970464466259,4.689145044467696,4.831240232448458,11515
1997-03-18,4.689141750335693,4.925967003964014,4.689141750335693,4.925967003964014,17893
1997-03-19,4.689141750335693,4.878602081275012,4.689141750335693,4.8312368384943545,12755
1997-03-20,4.689141750335693,4.878602081275012,4.689141750335693,4.878602081275012,5846
1997-03-21,4.78387451171875,4.878604728592651,4.68914429484485,4.878604728592651,12047
1997-03-24,4.689141750335693,4.878602081275012,4.689141750335693,4.783871915805353,3897
1997-03-25,4.831240177154541,4.925970408088148,4.736509946220934,4.925970408088148,10275
1997-03-26,4.831240177154541,4.925970408088148,4.736509946220934,4.925970408088148,37203
1997-03-27,4.831240177154541,5.0207006390217535,4.783875221733677,4.831240177154541,35608
1997-03-31,4.854921340942383,4.902286602074891,4.736508508202893,4.736508508202893,15058
1997-04-01,4.854921340942383,4.878603971508637,4.783873769335401,4.8312387103761285,91058
1997-04-02,4.925968647003174,4.925968647003174,4.831238449936597,4.831238449936597,2303
1997-04-03,4.902287483215332,4.902287483215332,4.831239578746372,4.831239578746372,9921
1997-04-04,4.831240177154541,4.831240177154541,4.831240177154541,4.831240177154541,9035
1997-04-07,4.925968647003174,5.02069884406975,4.831238449936597,5.02069884406975,20550
1997-04-08,4.831240177154541,4.973335683600889,4.831240177154541,4.831240177154541,62713
1997-04-09,4.831240177154541,4.831240177154541,4.831240177154541,4.831240177154541,0
1997-04-10,4.902287483215332,4.902287483215332,4.831239578746372,4.831239578746372,11869
1997-04-11,4.949649810791016,4.949649810791016,4.949649810791016,4.949649810791016,177
1997-04-14,4.78387451171875,4.78387451171875,4.78387451171875,4.78387451171875,3720
1997-04-15,4.854921340942383,4.854921340942383,4.783873769335401,4.783873769335401,22676
1997-04-16,4.78387451171875,4.854922094351219,4.78387451171875,4.78387451171875,32774
1997-04-17,4.78387451171875,4.878604728592651,4.78387451171875,4.831239460109786,28876
1997-04-18,4.78387451171875,4.78387451171875,4.78387451171875,4.78387451171875,0
1997-04-21,4.736509799957275,4.831240027965608,4.736509799957275,4.783875074007375,17893
1997-04-22,4.973333358764648,4.973333358764648,4.7365077320912885,4.7365077320912885,23916
1997-04-23,4.78387451171875,4.78387451171875,4.78387451171875,4.78387451171875,3012
1997-04-24,4.878603458404541,4.878603458404541,4.783873266194494,4.783873266194494,29762
1997-04-25,4.80755615234375,4.831238461598739,4.80755615234375,4.831238461598739,10629
1997-04-28,4.902287483215332,4.925969797946481,4.902287483215332,4.925969797946481,7972
1997-04-29,4.831240177154541,5.068065914534496,4.831240177154541,5.068065914534496,65016
1997-04-30,4.736509799957275,4.783875074007375,4.736509799957275,4.783875074007375,8503
1997-05-01,4.736509799957275,4.92597025597394,4.736509799957275,4.831240027965608,10984
1997-05-02,4.831240177154541,4.831240177154541,4.831240177154541,4.831240177154541,17893
1997-05-05,4.878603458404541,5.0206985866737375,4.831238202253644,4.92596839446369,8503
1997-05-06,4.831240177154541,5.0207006390217535,4.783875221733677,5.0207006390217535,26396
1997-05-07,4.925968647003174,5.02069884406975,4.736508252870021,4.736508252870021,8681
1997-05-08,4.925968647003174,4.925968647003174,4.736508252870021,4.736508252870021,6732
1997-05-09,4.925968647003174,4.925968647003174,4.925968647003174,4.925968647003174,0
1997-05-12,4.736509799957275,4.92597025597394,4.736509799957275,4.736509799957275,2657
1997-05-13,4.831240177154541,4.831240177154541,4.736509946220934,4.736509946220934,14527
1997-05-14,4.736509799957275,4.831240027965608,4.736509799957275,4.736509799957275,11869
1997-05-15,4.689141750335693,4.760189294415024,4.689141750335693,4.689141750335693,6909
1997-05-16,4.689141750335693,4.8312368384943545,4.689141750335693,4.8312368384943545,7795
1997-05-19,4.689141750335693,4.760189294415024,4.689141750335693,4.689141750335693,18070
1997-05-20,4.76019287109375,4.76019287109375,4.6891452736311985,4.6891452736311985,10984
1997-05-21,4.689141750335693,4.8312368384943545,4.689141750335693,4.689141750335693,3543
1997-05-22,4.736509799957275,4.736509799957275,4.689144845999043,4.736509799957275,2657
1997-05-23,4.689141750335693,4.689141750335693,4.689141750335693,4.689141750335693,2303
1997-05-27,4.689141750335693,4.689141750335693,4.6417765075550355,4.6417765075550355,1949
1997-05-28,4.64177942276001,4.831239872687328,4.64177942276001,4.64177942276001,34900
1997-05-29,4.736509799957275,4.736509799957275,4.641779571948943,4.641779571948943,15590
1997-05-30,4.736509799957275,4.736509799957275,4.641779571948943,4.641779571948943,10807
1997-06-02,4.736509799957275,4.736509799957275,4.641779571948943,4.641779571948943,7086
1997-06-03,4.665461540222168,4.831239003985413,4.665461540222168,4.665461540222168,2834
1997-06-04,4.64177942276001,4.665462379115747,4.64177942276001,4.665462379115747,15058
1997-06-05,4.677303314208984,4.677303314208984,4.677303314208984,4.677303314208984,1772
1997-06-06,4.736509799957275,4.831240027965608,4.665462529065861,4.665462529065861,25688
1997-06-09,4.736509799957275,4.831240027965608,4.689144845999043,4.831240027965608,2834
1997-06-10,4.78387451171875,4.78387451171875,4.712826929086282,4.712826929086282,6023
1997-06-11,4.770898342132568,4.866316341216803,4.770898342132568,4.866316341216803,6909
1997-06-12,4.770898342132568,4.866316341216803,4.770898342132568,4.794752922507586,28699
1997-06-13,4.8663153648376465,4.8663153648376465,4.770897384898108,4.770897384898108,36848
1997-06-16,4.770898342132568,4.866316341216803,4.770898342132568,4.866316341216803,6023
1997-06-17,4.770898342132568,4.842462083257621,4.770898342132568,4.806680051487176,34545
1997-06-18,4.818607330322266,4.818607330322266,4.770898171280756,4.770898171280756,19487
1997-06-19,4.8663153648376465,4.8663153648376465,4.770897384898108,4.770897384898108,9035
1997-06-20,4.794754505157471,4.86631794748831,4.770899916908545,4.86631794748831,32597
1997-06-23,4.8663153648376465,4.8663153648376465,4.794751960486935,4.8663153648376465,105939
1997-06-24,4.842459201812744,4.866313445577757,4.794750069451433,4.866313445577757,12755
1997-06-25,4.794754505157471,4.842463681655325,4.794754505157471,4.842463681655325,14881
1997-06-26,4.914023399353027,4.914023399353027,4.794750870928141,4.842460011264374,89110
1997-06-27,4.961733341217041,4.961733341217041,4.842461108190025,4.914024512489388,7441
1997-06-30,5.104860305786133,5.176423385336392,4.890169777472317,4.890169777472317,80429
1997-07-01,5.057150840759277,5.176423062457803,4.961732869951014,5.152568811567542,28168
1997-07-02,4.961733341217041,5.057151321088116,4.961733341217041,4.961733341217041,139776
1997-07-03,4.961733341217041,4.961733341217041,4.961733341217041,4.961733341217041,1772
1997-07-07,5.104860305786133,5.1525691329582255,4.961733179438335,4.961733179438335,48364
1997-07-08,5.033296585083008,5.1525691367240505,5.009442332687407,5.009442332687407,5138
1997-07-09,5.057150840759277,5.057150840759277,5.057150840759277,5.057150840759277,3543
1997-07-10,5.3434062004089355,5.438824197060509,5.009443373336345,5.009443373336345,66965
1997-07-11,5.247984409332275,5.319547774474881,5.176420721774077,5.247984409332275,65548
1997-07-14,5.00944185256958,5.152568642888584,4.961732707519427,5.152568642888584,88224
1997-07-15,4.8663153648376465,4.961733344777186,4.770897384898108,4.8663153648376465,44643
1997-07-16,4.914023399353027,4.985586465025984,4.770896300760024,4.770896300760024,12047
1997-07-17,4.8663153648376465,4.8663153648376465,4.8663153648376465,4.8663153648376465,24270
1997-07-18,4.770898342132568,4.866316341216803,4.770898342132568,4.770898342132568,13464
1997-07-21,4.842459201812744,4.866313445577757,4.770895503270777,4.770895503270777,30117
1997-07-22,4.8663153648376465,4.8663153648376465,4.770897384898108,4.770897384898108,21082
1997-07-23,4.770898342132568,4.854389212237211,4.770898342132568,4.854389212237211,4075
1997-07-24,4.794754505157471,4.818609093406398,4.770899916908545,4.818609093406398,33837
1997-07-25,4.723186492919922,4.842458996346815,4.723186492919922,4.7708953008413015,13818
1997-07-28,4.78282356262207,4.79475068603836,4.723187300709253,4.723187300709253,6378
1997-07-29,4.69933557510376,4.69933557510376,4.69933557510376,4.69933557510376,1063
1997-07-30,4.69933557510376,4.7828261286424345,4.69933557510376,4.7828261286424345,8681
1997-07-31,5.00944185256958,5.0332961026789285,4.8663147398348485,4.937878457410079,23916
1997-08-01,4.818607330322266,5.0094433216566605,4.818607330322266,4.866316166947953,40214
1997-08-04,4.914023399353027,4.914023399353027,4.914023399353027,4.914023399353027,354
1997-08-05,4.818607330322266,4.866316166947953,4.794752750801511,4.818607330322266,173259
1997-08-06,4.842459201812744,4.890168011758413,4.794750069451433,4.890168011758413,13641
1997-08-07,4.794754505157471,4.890172535737236,4.794754505157471,4.794754505157471,43226
1997-08-08,4.818607330322266,4.842461909843021,4.794752750801511,4.842461909843021,27105
1997-08-11,4.747045040130615,4.818608473251236,4.747045040130615,4.747045040130615,2657
1997-08-12,4.747045040130615,4.782826756690926,4.747045040130615,4.747045040130615,9212
1997-08-13,4.770898342132568,4.770898342132568,4.747044084173385,4.747044084173385,2126
1997-08-14,4.78282356262207,4.78282356262207,4.78282356262207,4.78282356262207,1772
1997-08-15,4.747045040130615,4.782826756690926,4.747045040130615,4.747045040130615,9744
1997-08-18,4.78282356262207,4.78282356262207,4.78282356262207,4.78282356262207,31002
1997-08-19,4.770898342132568,4.782825793527994,4.747044084173385,4.747044084173385,65193
1997-08-20,4.770898342132568,4.818607502882603,4.758971213152977,4.818607502882603,274592
1997-08-21,4.770898342132568,4.806680051487176,4.747044084173385,4.747044084173385,21259
1997-08-22,4.8663153648376465,4.8663153648376465,4.74704313172505,4.74704313172505,24270
1997-08-25,4.747045040130615,4.866317321193017,4.747045040130615,4.866317321193017,5846
1997-08-26,4.747045040130615,4.818608473251236,4.747045040130615,4.747045040130615,3897
1997-08-27,4.806678295135498,4.8186057421726565,4.747042349612575,4.8186057421726565,51021
1997-08-28,4.8663153648376465,4.8663153648376465,4.74704313172505,4.74704313172505,5492
1997-08-29,4.8663153648376465,4.8663153648376465,4.74704313172505,4.74704313172505,2126
1997-09-02,4.8663153648376465,4.8663153648376465,4.74704313172505,4.74704313172505,709
1997-09-03,4.878243923187256,4.96173447311084,4.830534761160199,4.830534761160199,15590
1997-09-04,4.914023399353027,4.914023399353027,4.818605441096257,4.818605441096257,6023
1997-09-05,4.842459201812744,4.842459201812744,4.818604635632089,4.818604635632089,6555
1997-09-08,4.902096748352051,4.902096748352051,4.8186062228421145,4.842460796880275,2303
1997-09-09,4.848423004150391,4.961731799897907,4.818605035760274,4.818605035760274,26573
1997-09-10,4.902096748352051,4.902096748352051,4.866315048502686,4.866315048502686,5315
1997-09-11,4.901040077209473,4.997138934087741,4.901040077209473,4.901040077209473,13995
1997-09-12,4.973114490509033,5.09323781872421,4.9490896949794205,4.997138961322202,34900
1997-09-15,4.901040077209473,4.937077107949269,4.901040077209473,4.925064872608151,5492
1997-09-16,4.9490885734558105,5.045187409080655,4.901038993285203,5.045187409080655,7441
1997-09-17,4.997138977050781,4.997138977050781,4.937077150395925,4.997138977050781,9035
1997-09-18,4.9490885734558105,5.045187409080655,4.901038993285203,4.997137828910048,42872
1997-09-19,4.925065517425537,5.081226220887719,4.925065517425537,4.925065517425537,29585
1997-09-22,5.069212913513184,5.069212913513184,4.9250647928872935,5.069212913513184,4783
1997-09-23,5.093237400054932,5.093237400054932,4.901039701049761,5.069212606500181,8503
1997-09-24,5.045187950134277,5.069212418079631,4.99713836481076,5.069212418079631,61119
1997-09-25,5.093237400054932,5.093237400054932,4.9971385505523465,4.9971385505523465,42517
1997-09-26,5.057199001312256,5.1412855936037545,5.02116165838995,5.1412855936037545,32597
1997-09-29,5.117263317108154,5.1412884421785705,5.045189565479451,5.1412884421785705,6732
1997-09-30,5.045187950134277,5.045187950134277,5.045187950134277,5.045187950134277,709
1997-10-01,5.189335346221924,5.189335346221924,5.045187259418889,5.09323651344778,29585
1997-10-02,5.261411190032959,5.261411190032959,5.21336159484555,5.21336159484555,2480
1997-10-03,5.189335346221924,5.249397157295308,5.189335346221924,5.213359810878189,17538
1997-10-06,5.2854323387146,5.2854323387146,5.18933353940013,5.2854323387146,12755
1997-10-07,5.357510089874268,5.357510089874268,5.237386750572257,5.285436021349766,14881
1997-10-08,5.333486557006836,5.381535836254257,5.237387673795462,5.237387673795462,13110
1997-10-09,5.237384796142578,5.237384796142578,5.237384796142578,5.237384796142578,886
1997-10-10,5.381535053253174,5.381535053253174,5.237386911767605,5.333485780996812,12578
1997-10-13,5.501659393310547,5.621783082796029,5.33348674757734,5.381536028541607,77417
1997-10-14,5.429584503173828,5.501658247248119,5.333485636547316,5.429584503173828,82378
1997-10-15,5.429584503173828,5.429584503173828,5.285436040875822,5.333485636547316,18601
1997-10-16,5.477633953094482,5.6217820953856315,5.38153508332822,5.405559557232421,29231
1997-10-17,5.333486557006836,5.525683673996521,5.333486557006836,5.429585440218209,41277
1997-10-20,5.2854323387146,5.405555594320502,5.2854323387146,5.345494128875674,2834
1997-10-21,5.405558109283447,5.405558109283447,5.2854347977895735,5.2854347977895735,5846
1997-10-22,5.3695220947265625,5.405559127434029,5.333485386735555,5.381534655440024,10807
1997-10-23,5.381535053253174,5.381535053253174,5.309460657793905,5.333485780996812,8149
1997-10-24,5.237384796142578,5.381532879399985,5.237384796142578,5.285434048989596,9212
1997-10-27,5.189335346221924,5.285434178996066,5.141286092193033,5.237384924967175,14704
1997-10-28,5.141286849975586,5.141286849975586,4.949089156098972,5.141286849975586,27105
1997-10-29,5.069212913513184,5.2373861538653035,5.069212913513184,5.2373861538653035,354
1997-10-30,5.237384796142578,5.237384796142578,5.069211599387134,5.14128596573219,4429
1997-10-31,5.141286849975586,5.2373856969138926,5.141286849975586,5.2373856969138926,5846
1997-11-03,5.381535053253174,5.381535053253174,5.093238445565553,5.2854361840239665,18424
1997-11-04,5.57373046875,5.765928138303387,5.381533123912981,5.381533123912981,160858
1997-11-05,5.717878341674805,5.76592791959879,5.525680679411574,5.573730257335559,50667
1997-11-06,5.838003635406494,5.886052572327359,5.765928931159547,5.765928931159547,59524
1997-11-07,5.765929222106934,5.789954341212492,5.66983069398327,5.765929222106934,41455
1997-11-10,5.6938557624816895,5.813979422344377,5.621781696450661,5.801966861528231,20196
1997-11-11,5.741903305053711,5.741903305053711,5.669829264770691,5.669829264770691,17184
1997-11-12,5.621781826019287,5.7539174003106055,5.573732231080199,5.741905488650539,22676
1997-11-13,5.6938557624816895,5.729892795497203,5.669831290282321,5.669831290282321,8503
1997-11-14,5.6818437576293945,5.753917173041855,5.66983119701086,5.753917173041855,9212
1997-11-17,5.597756385803223,5.753916405858402,5.597756385803223,5.753916405858402,24625
1997-11-18,5.57373046875,5.645805163086163,5.57373046875,5.645805163086163,23207
1997-11-19,5.717878341674805,5.717878341674805,5.597755371013907,5.645804948937892,15590
1997-11-20,5.765929222106934,5.813978810885194,5.66983069398327,5.717879633328674,67496
1997-11-21,5.741903305053711,5.8380024583862005,5.717878192004242,5.765927768670487,40392
1997-11-24,5.8139777183532715,5.862027298102309,5.7659281386042345,5.7899532531951206,13110
1997-11-25,5.910078525543213,5.910078525543213,5.813979978126366,5.862029576551283,52261
1997-11-26,5.8620285987854,5.8620285987854,5.8380041282966335,5.8380041282966335,1772
1997-11-28,5.8139777183532715,5.8139777183532715,5.8139777183532715,5.8139777183532715,177
1997-12-01,5.8620285987854,5.910077539762934,5.8620285987854,5.910077539762934,24270
1997-12-02,5.898065567016602,5.910077477417833,5.8620285369471645,5.910077477417833,61473
1997-12-03,5.898065567016602,5.910077477417833,5.886053007182499,5.910077477417833,29939
1997-12-04,5.8620285987854,5.910077539762934,5.78995453788622,5.886053069274167,28345
1997-12-05,5.8139777183532715,5.862027298102309,5.7659281386042345,5.862027298102309,21967
1997-12-08,5.838003635406494,5.910077040787792,5.813978517513237,5.862028103866926,16476
1997-12-09,5.958126068115234,5.958126068115234,5.838003087650887,5.862027553857204,25865
1997-12-10,5.958126068115234,5.958126068115234,5.862027553857204,5.958126068115234,11161
1997-12-11,5.99681282043457,5.99681282043457,5.851728755265115,5.99681282043457,28522
1997-12-12,5.80336856842041,5.996814252732733,5.75500698392989,5.996814252732733,27991
1997-12-15,5.827548027038574,5.900090056279967,5.7550053441476114,5.803366914858397,66611
1997-12-16,5.80336856842041,5.827549687490548,5.75500698392989,5.827549687490548,24093
1997-12-17,6.069357872009277,6.0693578720092765,5.791279506347721,5.827551194331769,58816
1997-12-18,5.9242753982543945,6.1660827974831856,5.9242753982543945,6.0693595763316255,32065
1997-12-19,6.020995616912842,6.166080392041343,5.900092618113872,5.900092618113872,9212
1997-12-22,6.020995616912842,6.020995616912842,5.900092618113872,6.020995616912842,3897
1997-12-23,6.020995616912842,6.020995616912842,5.900092618113872,5.900092618113872,8681
1997-12-24,6.008906841278076,6.045177878481064,6.008906841278076,6.020996751245755,9744
1997-12-26,5.9000935554504395,5.948454501193097,5.9000935554504395,5.948454501193097,5315
1997-12-29,5.972635269165039,6.093538933563507,5.948454144095395,6.093538933563507,6732
1997-12-30,6.020995616912842,6.166080392041343,5.9968151478830185,6.020995616912842,18070
1997-12-31,6.020995616912842,6.21444133010099,6.020995616912842,6.020995616912842,3897
1998-01-02,5.9000935554504395,6.214442317377543,5.851731956057824,6.214442317377543,81492
1998-01-05,6.190258979797363,6.190258979797363,5.851729248012712,5.851729248012712,46238
1998-01-06,5.972635269165039,6.190261472892331,5.972635269165039,6.190261472892331,156429
1998-01-07,5.9242753982543945,5.9968174872930105,5.8033716986399995,5.9968174872930105,180522
1998-01-08,5.863824367523193,5.924275895580066,5.803372185816157,5.924275895580066,10807
1998-01-09,5.888001918792725,5.90009247984923,5.803369298696871,5.803369298696871,22499
1998-01-12,5.80336856842041,5.875911271981067,5.80336856842041,5.827549687490548,27991
1998-01-13,5.8517303466796875,5.875911466550536,5.803368760587768,5.875911466550536,12224
1998-01-14,5.9242753982543945,5.94845587671723,5.8033716986399995,5.8517333092157795,17893
1998-01-15,5.9000935554504395,5.948454501193097,5.9000935554504395,5.948454501193097,43935
1998-01-16,5.9000935554504395,5.924274028321768,5.851731956057824,5.851731956057824,64662
1998-01-20,5.9242753982543945,5.972637008830175,5.9000949197915595,5.9242753982543945,16830
1998-01-21,5.972635269165039,5.972635269165039,5.900093201255942,5.900093201255942,7618
1998-01-22,5.80336856842041,5.90009173740145,5.80336856842041,5.80336856842041,21613
1998-01-23,5.80336856842041,5.815459127955479,5.730826518509509,5.80336856842041,34545
1998-01-26,5.99681282043457,5.99681282043457,5.755005609385744,5.80336718232543,29762
1998-01-27,5.99681282043457,6.0693548530192984,5.80336718232543,6.0693548530192984,18247
1998-01-28,5.984725475311279,5.9968160384466405,5.900093494313607,5.900093494313607,15944
1998-01-29,5.99681282043457,6.093535966313941,5.9000903282048,5.9000903282048,20727
1998-01-30,5.888001918792725,5.99681500735175,5.803369298696871,5.99681500735175,7972
1998-02-02,5.8517303466796875,5.996814451305671,5.803368760587768,5.803368760587768,5846
1998-02-03,5.972635269165039,5.972635269165039,5.75500841178783,5.851731604766571,6023
1998-02-04,5.706648826599121,5.803371388938903,5.706648826599121,5.803371388938903,12047
1998-02-05,5.706648826599121,5.8275525197614035,5.706648826599121,5.706648826599121,2657
1998-02-06,5.80336856842041,5.827549687490548,5.706646053089127,5.827549687490548,1417
1998-02-09,5.80336856842041,5.80336856842041,5.706646053089127,5.706646053089127,6200
1998-02-10,5.80336856842041,5.80336856842041,5.706646053089127,5.706646053089127,4429
1998-02-11,5.80336856842041,5.80336856842041,5.658284468598607,5.80336856842041,6555
1998-02-12,5.658285617828369,5.658285617828369,5.658285617828369,5.658285617828369,1772
1998-02-13,5.80336856842041,5.80336856842041,5.658284468598607,5.80336856842041,2834
1998-02-17,5.80336856842041,5.80336856842041,5.609922884108088,5.609922884108088,531
1998-02-18,5.706648826599121,5.803371388938903,5.561564002614338,5.609925610609266,13641
1998-02-19,5.658285617828369,5.706647212141402,5.658285617828369,5.706647212141402,2126
1998-02-20,5.755006313323975,5.755006313323975,5.561560651553036,5.60992223040819,6378
1998-02-23,5.670374870300293,5.779187942137861,5.513200215318336,5.513200215318336,7795
1998-02-24,5.755006313323975,5.755006313323975,5.561560651553036,5.755006313323975,2834
1998-02-25,5.609924793243408,5.755008942439362,5.609924793243408,5.755008942439362,2834
1998-02-26,5.5615620613098145,5.706646834651681,5.5615620613098145,5.60992365242377,8858
1998-02-27,5.658285617828369,5.706647212141402,5.609924023515337,5.706647212141402,3366
1998-03-02,5.658285617828369,5.706647212141402,5.609924023515337,5.658285617828369,14527
1998-03-03,5.706648826599121,5.7550097809439755,5.609925610609266,5.706648826599121,60765
1998-03-04,5.706648826599121,5.7550097809439755,5.658287218604193,5.706648826599121,33305
1998-03-05,5.755006313323975,5.755006313323975,5.60992223040819,5.755006313323975,7618
1998-03-06,5.80336856842041,5.80336856842041,5.706646053089127,5.706646053089127,21082
1998-03-09,5.779189109802246,5.900092765266495,5.755007986519474,5.803369579435148,13641
1998-03-10,5.80336856842041,5.90009173740145,5.75500698392989,5.75500698392989,13995
1998-03-11,5.8179755210876465,5.891004441951471,5.793632108775191,5.8179755210876465,26751
1998-03-12,5.842316150665283,5.842316150665283,5.769287256360164,5.842316150665283,9744
1998-03-13,5.842316150665283,5.842316150665283,5.81797340524242,5.842316150665283,9389
1998-03-16,5.8910040855407715,5.8910040855407715,5.769289005452673,5.769289005452673,35077
1998-03-17,5.988377094268799,5.988377094268799,5.842319228707564,5.988377094268799,3720
1998-03-18,5.988377094268799,5.988377094268799,5.842319228707564,5.842319228707564,4252
1998-03-19,5.8910040855407715,6.085748082074384,5.830146216478356,5.988375754789212,35077
1998-03-20,5.939691066741943,6.085748919736853,5.842318726054123,5.842318726054123,35431
1998-03-23,5.939691066741943,5.939691066741943,5.891004896398033,5.939691066741943,19310
1998-03-24,6.037064552307129,6.134436922074319,5.964035604000246,6.134436922074319,18779
1998-03-25,6.134435653686523,6.134435653686523,6.012720545662494,6.134435653686523,30825
1998-03-26,6.2074666023254395,6.2074666023254395,5.939693540947132,6.183123177994714,4252
1998-03-27,6.23180627822876,6.23180627822876,6.134434603304347,6.207463524006849,7086
1998-03-30,6.23180627822876,6.329178611189943,6.037062270343164,6.23180627822876,27459
1998-03-31,6.23180627822876,6.23180627822876,6.134434603304347,6.134434603304347,9212
1998-04-01,6.085747241973877,6.256147804145066,6.03706108505212,6.03706108505212,10098
1998-04-02,6.329180717468262,6.329180717468262,6.231808352102679,6.231808352102679,22499
1998-04-03,6.23180627822876,6.280492444709351,6.183120111748169,6.25614903245067,24093
1998-04-06,6.158779144287109,6.329180447386952,6.158779144287109,6.280494266781718,19133
1998-04-07,6.146607398986816,6.231808050042721,6.01272122564493,6.231808050042721,15235
1998-04-08,6.012721061706543,6.183121701135378,5.9579493571004605,6.183121701135378,18424
1998-04-09,6.158779144287109,6.183121905571247,6.037064021792502,6.183121905571247,32774
1998-04-13,6.085747241973877,6.280491211624265,6.03706108505212,6.1831188977807505,29054
1998-04-14,6.183121204376221,6.280493554544209,6.183121204376221,6.280493554544209,27282
1998-04-15,6.280495643615723,6.329181834894129,6.15878049443826,6.231809452337317,25865
1998-04-16,6.134435653686523,6.280493520100606,6.134435653686523,6.207464586893565,29939
1998-04-17,6.280495643615723,6.280495643615723,6.13443772781761,6.280495643615723,11692
1998-04-20,6.183121204376221,6.280493554544209,6.183121204376221,6.280493554544209,86806
1998-04-21,6.280495643615723,6.280495643615723,6.037065345260797,6.183123261058911,63245
1998-04-22,6.23180627822876,6.280492444709351,6.146605651396917,6.23180627822876,30117
1998-04-23,6.23180627822876,6.280492444709351,6.037062270343164,6.268320738580011,89995
1998-04-24,6.256147384643555,6.268319087566989,6.170947438289303,6.2318046368332825,34900
1998-04-27,6.134435653686523,6.231807345283618,5.939691612455452,6.231807345283618,28522
1998-04-28,6.134435653686523,6.183121170466629,6.0370633040525465,6.134435653686523,12401
1998-04-29,6.280495643615723,6.329181834894129,6.231809452337317,6.231809452337317,15944
1998-04-30,6.280495643615723,6.280495643615723,6.207466685716666,6.280495643615723,4960
1998-05-01,6.23180627822876,6.280492444709351,6.23180627822876,6.280492444709351,24448
1998-05-04,6.243981838226318,6.280496321114791,6.231810124584435,6.231810124584435,27636
1998-05-05,6.280495643615723,6.329181834894129,6.231809452337317,6.329181834894129,13287
1998-05-06,6.23180627822876,6.280492444709351,6.23180627822876,6.280492444709351,9744
1998-05-07,6.195293426513672,6.280494075468251,6.134436196138653,6.280494075468251,19664
1998-05-08,6.23180627822876,6.280492444709351,6.000547809991913,6.23180627822876,4252
1998-05-11,6.110090255737305,6.231805324288739,6.110090255737305,6.231805324288739,13287
1998-05-12,6.329180717468262,6.329180717468262,6.231808352102679,6.25615111442558,68737
1998-05-13,6.377861499786377,6.499576536972333,6.1831175718961475,6.280489864859512,57753
1998-05-14,6.280495643615723,6.523925941970649,6.231809452337317,6.523925941970649,44820
1998-05-15,6.329180717468262,6.475238607479647,6.231808352102679,6.475238607479647,6378
1998-05-18,6.426551342010498,6.475237516490332,6.280493476607874,6.426551342010498,19487
1998-05-19,6.523927211761475,6.523927211761474,6.523927211761474,6.523927211761474,1063
1998-05-20,6.523927211761475,6.523927211761474,6.329183066780741,6.523927211761474,2480
1998-05-21,6.523927211761475,6.523927211761474,6.3048396373848785,6.426554810252491,1417
1998-05-22,6.195293426513672,6.475238133920029,6.146607247391493,6.475238133920029,12755
1998-05-26,6.037064552307129,6.164865211844174,6.037064552307129,6.146607974767454,17007
1998-05-27,5.8910040855407715,6.037061918431799,5.8910040855407715,5.939690249183358,10275
1998-05-28,6.085747241973877,6.085747241973877,5.842317115401731,5.891003272323488,4606
1998-05-29,5.939691066741943,6.085748919736853,5.939691066741943,6.085748919736853,1417
1998-06-01,5.957949161529541,6.085749801415319,5.87883404100421,6.085749801415319,4783
1998-06-02,5.842316150665283,6.037060088157779,5.842316150665283,5.951859492122963,13110
1998-06-03,6.037064552307129,6.134436922074319,6.037064552307129,6.037064552307129,9035
1998-06-04,5.842316150665283,6.085746237040036,5.842316150665283,6.037060088157779,4606
1998-06-05,5.842316150665283,6.085746237040036,5.842316150665283,6.037060088157779,1949
1998-06-08,6.085747241973877,6.1831188977807505,5.891003272323488,5.891003272323488,22499
1998-06-09,6.2074666023254395,6.23180936861907,6.024893551993383,6.122265933242093,7795
1998-06-10,6.0492353439331055,6.2318076869607735,6.037063635052289,6.08574981253864,3720
1998-06-11,6.085747241973877,6.134433398895633,5.939689429245245,6.03706108505212,29231
1998-06-12,6.037064552307129,6.037064552307129,5.939692840576958,6.037064552307129,709
1998-06-15,5.939691066741943,6.085748919736853,5.939691066741943,6.07357721264167,18070
1998-06-16,5.939691066741943,6.012719993239398,5.939691066741943,5.988376579049032,8681
1998-06-17,6.085747241973877,6.085747241973877,5.842317115401731,6.061403834494678,20196
1998-06-18,5.842316150665283,6.024888386428082,5.696258362055044,5.9275167467001,57044
1998-06-19,5.8301472663879395,5.891005146409816,5.8301472663879395,5.891005146409816,6023
1998-06-22,5.988377094268799,5.988377094268799,5.744947537679033,5.939691577772972,5846
1998-06-23,6.329180717468262,6.329180717468262,5.988378096725711,6.012721517085601,47478
1998-06-24,6.329180717468262,6.560439262665284,6.183122169419888,6.329180717468262,45883
1998-06-25,6.414377212524414,6.49957782119261,6.304833854823859,6.4752350721602525,6732
1998-06-26,6.329180717468262,6.523924790162438,6.329180717468262,6.523924790162438,25865
1998-06-29,6.475237846374512,6.475237846374512,6.402208251915793,6.414379960665065,13641
1998-06-30,6.475237846374512,6.475237846374512,6.377865492454162,6.475237846374512,24093
1998-07-01,6.414377212524414,6.4752350721602525,6.280491105791501,6.329177261892847,9212
1998-07-02,6.23180627822876,6.329178611189943,6.23180627822876,6.317006905060603,4783
1998-07-06,6.219638347625732,6.323096267435582,6.134438327111428,6.2318100611437055,13818
1998-07-07,6.304833889007568,6.304833889007568,6.183118827112603,6.2318049834779154,8149
1998-07-08,6.256147384643555,6.304833538300697,6.134432987555595,6.18311848317614,8681
1998-07-09,6.2074666023254395,6.23180936861907,6.183123177994714,6.23180936861907,11515
1998-07-10,6.085747241973877,6.1831188977807505,6.085747241973877,6.134433398895633,11161
1998-07-13,5.988377094268799,6.085749443334208,5.988377094268799,6.037063268801504,19664
1998-07-14,5.8910040855407715,5.8910040855407715,5.854489627318015,5.8910040855407715,9212
1998-07-15,5.793631076812744,5.866660642705302,5.793631076812744,5.866660642705302,10098
1998-07-16,5.939691066741943,5.939691066741943,5.7692897995566685,5.7692897995566685,1063
1998-07-17,5.939691066741943,5.939691066741943,5.891004896398033,5.891004896398033,6909
1998-07-20,5.939691066741943,5.9640338228954874,5.842318726054123,5.9640338228954874,14172
1998-07-21,5.842316150665283,5.9275167467001,5.842316150665283,5.89100229954754,11692
1998-07-22,5.769287586212158,5.8788309339328455,5.769287586212158,5.842316484692616,22322
1998-07-23,5.57454776763916,5.9396931886058315,5.57454776763916,5.769291860547307,38797
1998-07-24,5.696262359619141,5.696262359619141,5.550204468507341,5.647576176569543,35254
1998-07-27,5.647575378417969,5.647575378417969,5.4528316607975,5.4528316607975,9921
1998-07-28,5.538029670715332,5.550201374201103,5.404143564518348,5.550201374201103,17184
1998-07-29,5.379800319671631,5.562373245313691,5.379800319671631,5.42848647704529,69091
1998-07-30,5.379800319671631,5.5502015414611146,5.379800319671631,5.379800319671631,1949
1998-07-31,5.014655590057373,5.452829344341985,4.9903125123142535,5.452829344341985,51907
1998-08-03,5.188847064971924,5.299247974636813,5.029378863282188,5.029378863282188,46238
1998-08-04,5.152045249938965,5.348313697257501,5.152045249938965,5.348313697257501,13641
1998-08-05,5.127509117126465,5.372844738607115,5.102975820253418,5.102975820253418,19664
1998-08-06,5.336047172546387,5.336047172546387,5.2747132360170825,5.299246876947592,9921
1998-08-07,5.2992472648620605,5.421914815306214,5.2992472648620605,5.421914815306214,19841
1998-08-10,5.311514854431152,5.495516366763015,5.225646929352944,5.225646929352944,1594
1998-08-11,5.274713039398193,5.421914216306336,5.225645759366194,5.421914216306336,15767
1998-08-12,5.237911701202393,5.237911701202393,5.1520444756514925,5.1520444756514925,886
1998-08-13,5.072312831878662,5.262447848797329,5.072312831878662,5.250181191174649,14881
1998-08-14,5.053911209106445,5.201112384123437,5.053911209106445,5.201112384123437,12401
1998-08-17,5.102978229522705,5.102978229522705,5.004844000917083,5.004844000917083,5669
1998-08-18,5.213380336761475,5.213380336761475,5.004844858015827,5.213380336761475,5669
1998-08-19,5.250179290771484,5.274712597136545,5.102977794611617,5.102977794611617,18247
1998-08-20,5.102978229522705,5.115245215344613,5.102978229522705,5.102978229522705,2126
1998-08-21,5.109110355377197,5.115243846646999,5.0784435622158695,5.102976864107395,8326
1998-08-24,5.102978229522705,5.2133794439502354,5.102978229522705,5.102978229522705,39329
1998-08-25,5.102978229522705,5.102978229522705,5.102978229522705,5.102978229522705,1772
1998-08-26,5.053911209106445,5.102978156914134,4.9680436359505835,5.102978156914134,20904
1998-08-27,4.833110809326172,5.201113850630888,4.75950986947121,4.955778379229738,18247
1998-08-28,4.90670919418335,5.102977628269461,4.90670919418335,5.102977628269461,6200
1998-08-31,4.808574199676514,5.0048426020294,4.808574199676514,5.0048426020294,8503
1998-09-01,4.857641696929932,5.10297704573413,4.808574428212781,4.808574428212781,4783
1998-09-02,4.808574199676514,5.0048426020294,4.808574199676514,5.0048426020294,7263
1998-09-03,4.808574199676514,5.0048426020294,4.759507264885211,4.759507264885211,3720
1998-09-04,4.90670919418335,4.90670919418335,4.710440760097237,4.710440760097237,6378
1998-09-08,4.9557785987854,4.9557785987854,4.734976764220396,4.906711303374933,4960
1998-09-09,4.734972953796387,4.955774610673378,4.734972953796387,4.857640430419015,8681
1998-09-10,4.808574199676514,4.882175099254224,4.808574199676514,4.882175099254224,2126
1998-09-11,4.996566295623779,4.996566295623779,4.9470951601445945,4.9470951601445945,2657
1998-09-14,4.6502685546875,4.996565440829064,4.551326634978925,4.934726699220817,35254
1998-09-15,4.749210357666016,4.848152274942714,4.55132652311262,4.699739566189215,9212
1998-09-16,4.551324367523193,4.749208108355275,4.551324367523193,4.749208108355275,2480
1998-09-17,4.7986836433410645,4.7986836433410645,4.600799719720625,4.600799719720625,11338
1998-09-18,4.947093486785889,4.947093486785889,4.749209680449844,4.798680799195378,12224
1998-09-21,4.872888565063477,4.897623795634714,4.848152665845993,4.848152665845993,2657
1998-09-22,5.243919849395752,5.3923328897934635,4.699739481358022,4.699739481358022,24448
1998-09-23,5.243919849395752,5.441803680377307,5.095507143321131,5.095507143321131,30648
1998-09-24,4.996566295623779,5.361414833232493,4.996566295623779,5.243920970050219,7795
1998-09-25,5.008932113647461,5.3428609880885665,4.996564501380398,5.3428609880885665,14172
1998-09-28,4.996566295623779,4.996566295623779,4.996566295623779,4.996566295623779,10807
1998-09-29,5.144977569580078,5.243919478064606,4.996564874014821,4.996564874014821,9744
1998-09-30,5.194447994232178,5.194447994232178,5.046034984251073,5.046034984251073,7263
1998-10-01,5.144977569580078,5.243919478064606,5.027484074149894,5.243919478064606,13464
1998-10-02,5.095505714416504,5.2439183788725785,5.095505714416504,5.194447602161553,8326
1998-10-05,4.823417663574219,4.823417663574219,4.749210965378825,4.749210965378825,1417
1998-10-06,4.848153114318848,5.144978917539334,4.773947081417669,4.773947081417669,4429
1998-10-07,4.848153114318848,4.947095048725677,4.848153114318848,4.897624248683839,2834
1998-10-08,4.749210357666016,4.848152274942714,4.55132652311262,4.699739566189215,4429
1998-10-09,4.7986836433410645,4.7986836433410645,4.551328571653891,4.749212495274332,9921
1998-10-12,4.7986836433410645,4.872890365441164,4.7986836433410645,4.7986836433410645,11515
1998-10-13,4.5760626792907715,4.848152549295132,4.551326780667946,4.848152549295132,12932
1998-10-14,4.5760626792907715,4.5760626792907715,4.551326780667946,4.551326780667946,2126
1998-10-15,4.5760626792907715,4.5760626792907715,4.5760626792907715,4.5760626792907715,0
1998-10-16,4.897623062133789,4.897623062133789,4.798681151697675,4.798681151697675,23739
1998-10-19,4.749210357666016,4.872888172165758,4.749210357666016,4.872888172165758,8681
1998-10-20,4.897623062133789,4.922358623323586,4.650268118881969,4.650268118881969,31357
1998-10-21,4.848153114318848,4.897624248683839,4.67500514701084,4.897624248683839,4783
1998-10-22,4.749210357666016,4.848152274942714,4.53895924314729,4.848152274942714,30825
1998-10-23,5.021300315856934,5.021300315856934,4.650267917080408,4.749209823222871,19487
1998-10-26,5.095505714416504,5.095505714416504,5.046034603382482,5.095505714416504,8149
1998-10-27,4.971829891204834,5.1944492947515615,4.848152407642973,5.1697133968514635,52615
1998-10-28,4.92235803604126,5.008931988391875,4.7492094626939645,4.9965643764340815,21436
1998-10-29,5.021300315856934,5.046035541650256,4.79868094345563,4.79868094345563,5846
1998-10-30,5.095505714416504,5.14497649112753,5.008931437268464,5.0212993821884675,6909
1998-11-02,5.120243072509766,5.120243072509766,5.0460363798343435,5.0460363798343435,531
1998-11-03,4.897623062133789,4.996564972569902,4.699739241261562,4.996564972569902,21436
1998-11-04,4.848153114318848,4.897624248683839,4.699740379870182,4.699740379870182,24270
1998-11-05,4.823417663574219,5.144978685128368,4.699740167571702,4.749210965378825,12932
1998-11-06,4.92235803604126,4.947093259956845,4.848151361325405,4.848151361325405,8681
1998-11-09,4.860519886016846,5.095506881440013,4.69973923981719,4.835784324834651,20904
1998-11-10,4.848153114318848,4.959462999478502,4.699740379870182,4.959462999478502,8681
1998-11-11,4.848153114318848,5.144978917539334,4.848153114318848,4.947095048725677,12578
1998-11-12,4.897623062133789,5.046035760626422,4.86051988751063,4.86051988751063,23030
1998-11-13,4.897623062133789,4.971829411380106,4.897623062133789,4.922358623323586,18601
1998-11-16,4.848153114318848,4.971830615908172,4.848153114318848,4.897624248683839,11161
1998-11-17,4.848153114318848,4.9965661830906685,4.79868231427701,4.848153114318848,20904
1998-11-18,4.947093486785889,4.947093486785889,4.848151583617866,4.848151583617866,5138
1998-11-19,4.6502685546875,4.798681601411914,4.6502685546875,4.749210474396075,13110
1998-11-20,4.6502685546875,4.749210474396075,4.551326634978925,4.551326634978925,10452
1998-11-23,4.6502685546875,4.662636503603012,4.6502685546875,4.6502685546875,18601
1998-11-24,4.662635326385498,4.749209275320457,4.576061377450539,4.576061377450539,4429
1998-11-25,4.823417663574219,4.823417663574219,4.5760630058923235,4.749210965378825,16298
1998-11-27,4.6502685546875,4.749210474396075,4.6502685546875,4.749210474396075,1063
1998-11-30,4.551324367523193,4.675002123446917,4.551324367523193,4.650266237939235,4783
1998-12-01,4.4400200843811035,4.551329350777724,4.2050329266457265,4.551329350777724,23562
1998-12-02,4.551324367523193,4.600795469892683,4.378176512198794,4.378176512198794,20373
1998-12-03,4.501856327056885,4.650269055439634,4.501856327056885,4.551327125076754,8326
1998-12-04,4.427649021148682,4.501855369557105,4.427649021148682,4.501855369557105,17361
1998-12-07,4.6502685546875,4.6502685546875,4.427649486085534,4.501855842286189,3366
1998-12-08,4.402913570404053,4.5389589916542645,4.402913570404053,4.427649131933461,24448
1998-12-09,4.551324367523193,4.699737340308724,4.402911729060601,4.402911729060601,22676
1998-12-10,4.6502685546875,4.6502685546875,4.501855842286189,4.551326634978925,8681
1998-12-11,4.7920308113098145,4.7920308113098145,4.5923627905599345,4.7920308113098145,2480
1998-12-14,4.492531776428223,4.592365853386371,4.492531776428223,4.542448983576142,2480
1998-12-15,4.642281532287598,4.642281532287598,4.417655186082392,4.5923643415725,9921
1998-12-16,4.492531776428223,4.629803927416154,4.492531776428223,4.492531776428223,5315
1998-12-17,4.542447566986084,4.592364421229437,4.492530375405146,4.542447566986084,10984
1998-12-18,4.991702079772949,4.991702079772949,4.517490643631223,4.579886982879201,67851
1998-12-21,5.016659736633301,5.066576933550738,4.742116165600258,4.742116165600258,35077
1998-12-22,5.0540995597839355,5.0603392963184115,4.7421181304642674,4.7421181304642674,45706
1998-12-23,5.191370964050293,5.191370964050293,4.692200516863855,5.054099133241239,40037
1998-12-24,4.7920308113098145,5.191366852809576,4.742113974791076,4.742113974791076,12224
1998-12-28,5.029137134552002,5.029137134552002,4.792031374226069,4.792031374226069,7972
1998-12-29,4.966742992401123,5.041618452178566,4.866908933585323,4.866908933585323,5669
1998-12-30,4.966742992401123,5.004180722289845,4.891867195286053,4.891867195286053,6023
1998-12-31,4.692198753356934,4.866908597212874,4.692198753356934,4.866908597212874,41455
1999-01-04,4.8918681144714355,4.916827055537222,4.704679429854946,4.704679429854946,13641
1999-01-05,4.9417853355407715,4.991702205796778,4.816992991231909,4.841951257691067,9921
1999-01-06,4.916825294494629,4.991700404185771,4.816991252677156,4.816991252677156,7441
1999-01-07,4.8918681144714355,4.9917021920461275,4.8918681144714355,4.9917021920461275,1949
1999-01-08,4.991702079772949,5.191370230431404,4.717158794289678,4.991702079772949,70154
1999-01-11,5.191370964050293,5.191370964050293,4.792034606301144,5.054099133241239,16653
1999-01-12,4.8918681144714355,5.166412080805106,4.7920340368967445,5.166412080805106,16830
1999-01-13,5.066578388214111,5.1414538677501165,4.5923662306980715,4.692200315858651,25156
1999-01-14,4.991702079772949,5.141453361435632,4.991702079772949,5.116494758268904,27636
1999-01-15,5.016659736633301,5.141452391589273,4.742116165600258,4.742116165600258,5315
1999-01-19,5.066578388214111,5.091536656500969,5.066578388214111,5.091536656500969,6200
1999-01-20,5.016659736633301,5.104014662570005,5.016659736633301,5.041618335092019,15590
1999-01-21,4.954264163970947,5.035379368317017,4.954264163970947,5.035379368317017,9035
1999-01-22,4.816991329193115,4.991700483476913,4.59236430986373,4.991700483476913,11515
1999-01-25,4.991702079772949,4.991702079772949,4.792033929114495,4.792033929114495,5846
1999-01-26,4.816991329193115,4.991700483476913,4.816991329193115,4.991700483476913,6200
1999-01-27,4.991702079772949,5.091536155102176,4.717158794289678,4.84195113544795,13110
1999-01-28,4.991702079772949,4.991702079772949,4.866909738614678,4.866909738614678,12047
1999-01-29,4.8419508934021,4.891867759902562,4.8419508934021,4.891867759902562,7441
1999-02-01,4.866909980773926,4.991702328141399,4.866909980773926,4.866909980773926,2480
1999-02-02,4.866909980773926,5.041619536958548,4.816993109294477,5.041619536958548,5669
1999-02-03,4.916825294494629,4.916825294494629,4.792032320550826,4.792032320550826,8326
1999-02-04,4.866909980773926,4.8793891143093635,4.841951376365351,4.841951376365351,15590
1999-02-05,4.866909980773926,4.991702328141399,4.792034167548202,4.792034167548202,6378
1999-02-08,4.954264163970947,5.0416191032167665,4.8169926948778095,4.866909562062799,21613
1999-02-09,4.7920308113098145,4.991698832059695,4.7920308113098145,4.991698832059695,4252
1999-02-10,4.854428768157959,4.991700537146199,4.792032448192836,4.792032448192836,9921
1999-02-11,4.804512977600098,4.804512977600098,4.792033508443409,4.804512977600098,14350
1999-02-12,4.760834693908691,4.792032686775731,4.717157571362355,4.792032686775731,11692
1999-02-16,4.7920308113098145,4.879385696889436,4.717155725200439,4.717155725200439,5138
1999-02-17,4.692198753356934,4.798272538935525,4.692198753356934,4.692198753356934,7086
1999-02-18,4.879387378692627,4.879387378692627,4.692198418218696,4.74211560928011,9035
1999-02-19,4.592365264892578,4.8918674573869785,4.592365264892578,4.742116529808601,10098
1999-02-22,4.592365264892578,4.592365264892578,4.592365264892578,4.592365264892578,7263
1999-02-23,4.692198753356934,4.916825791839601,4.592364701441084,4.592364701441084,5846
1999-02-24,4.617326259613037,4.617326259613037,4.592367310780632,4.592367310780632,5669
1999-02-25,4.8419508934021,4.8419508934021,4.592365548886793,4.617324488143523,7263
1999-02-26,4.673480033874512,4.673480033874512,4.592364511624435,4.654760833660009,22676
1999-03-01,4.5798845291137695,4.5798845291137695,4.5798845291137695,4.5798845291137695,177
1999-03-02,4.592365264892578,4.592365264892578,4.592365264892578,4.592365264892578,16298
1999-03-03,4.542447566986084,4.792032512878018,4.542447566986084,4.542447566986084,12578
1999-03-04,4.692198753356934,4.692198753356934,4.517489584176201,4.692198753356934,8858
1999-03-05,4.592365264892578,4.692199329057378,4.592365264892578,4.642282465643801,17007
1999-03-08,4.642281532287598,4.642281532287598,4.5923643415725,4.5923643415725,7441
1999-03-09,4.642281532287598,4.642281532287598,4.5923643415725,4.5923643415725,7972
1999-03-10,4.642281532287598,4.642281532287598,4.5923643415725,4.5923643415725,4606
1999-03-11,4.583852291107178,4.785340371237426,4.583852291107178,4.684596331172302,6732
1999-03-12,4.63422155380249,4.681445583442415,4.63422155380249,4.63422155380249,5315
1999-03-15,4.63422155380249,4.63422155380249,4.63422155380249,4.63422155380249,177
1999-03-16,4.734965801239014,4.747559012675671,4.596443198733922,4.634221811807091,20550
1999-03-17,4.903713703155518,5.042237037225691,4.876009240588918,5.014532234246699,11435
1999-03-18,4.931416988372803,4.931416988372803,4.876007739880736,4.876007739880736,2577
1999-03-19,4.986827850341797,5.09764604276862,4.80674798978736,4.80674798978736,18199
1999-03-22,4.765191555023193,4.88986250972522,4.682078152575931,4.88986250972522,6120
1999-03-23,4.737485408782959,4.7651898664481305,4.6543716953751115,4.7651898664481305,13367
1999-03-24,4.709779262542725,4.737483710275151,4.709779262542725,4.737483710275151,9502
1999-03-25,4.876009464263916,5.042237268525982,4.8206005365889695,4.8206005365889695,14656
1999-03-26,4.848304271697998,4.848304271697998,4.654372032747607,4.7097812925066265,16588
1999-03-29,4.848304271697998,4.848304271697998,4.682076832833295,4.682076832833295,4026
1999-03-30,4.792895793914795,4.90371364281763,4.76519065086431,4.76519065086431,11918
1999-03-31,4.6543731689453125,4.765191375103273,4.626668702508932,4.765191375103273,8697
1999-04-01,4.6543731689453125,4.820600988800912,4.6543731689453125,4.6543731689453125,6120
1999-04-05,4.862154006958008,4.876006058996651,4.654369481844471,4.876006058996651,2577
1999-04-06,4.6543731689453125,4.876009921673672,4.6543731689453125,4.876009921673672,4026
1999-04-07,4.765191555023193,4.862158042242799,4.654373344681057,4.654373344681057,9341
1999-04-08,4.876009464263916,4.876009464263916,4.765190928089206,4.765190928089206,17877
1999-04-09,4.862154006958008,4.862154006958008,4.765187600214476,4.765187600214476,12401
1999-04-12,5.000677108764648,5.0145295027084025,4.709779218831263,4.709779218831263,17555
1999-04-13,5.014530658721924,5.069939906858379,5.014530658721924,5.028383396271395,12723
1999-04-14,5.042233943939209,5.042233943939209,4.876006249279038,5.042233943939209,11113
1999-04-15,4.972973823547363,5.042235469041404,4.972973823547363,5.042235469041404,11113
1999-04-16,4.917564392089844,5.069939383211749,4.876007204970505,4.876007204970505,5637
1999-04-19,4.848304271697998,5.069940970321721,4.820599812024667,4.903713191044661,47188
1999-04-20,4.792895793914795,5.097645899634756,4.76519065086431,4.8483047183662125,34465
1999-04-21,4.765191555023193,4.917567317620094,4.765191555023193,4.79289670333052,8053
1999-04-22,4.779041290283203,4.848302930931209,4.70977999004746,4.79289402690752,11757
1999-04-23,4.876009464263916,4.876009464263916,4.765190928089206,4.765190928089206,12401
1999-04-26,5.042233943939209,5.042233943939209,4.820597358137832,4.931415480832428,28023
1999-04-27,4.931416988372803,5.01453069090476,4.8205988318009565,4.8205988318009565,7569
1999-04-28,4.751337051391602,4.986826095498014,4.668223010803479,4.931416848576691,24319
1999-04-29,4.820599555969238,5.042236242820302,4.820599555969238,4.8760084723727495,14495
1999-04-30,4.820599555969238,4.820599555969238,4.792895097767483,4.792895097767483,6603
1999-05-03,4.876009464263916,5.069941732363456,4.876009464263916,5.042237268525982,18360
1999-05-04,4.765191555023193,4.848305638295362,4.765191555023193,4.848305638295362,8214
1999-05-05,4.876009464263916,4.876009464263916,4.765190928089206,4.765190928089206,7086
1999-05-06,4.876009464263916,4.876009464263916,4.6543727323269035,4.806748134464028,10146
1999-05-07,4.820599555969238,4.820599555969238,4.737485500539293,4.737485500539293,5798
1999-05-10,4.986827850341797,4.986827850341797,4.765190784663353,4.876009317502575,7408
1999-05-11,5.014530658721924,5.097644360720464,4.931416956723384,4.986826204859839,36720
1999-05-12,4.959122180938721,4.959122180938721,4.959122180938721,4.959122180938721,805
1999-05-13,4.806746006011963,5.0976439389377495,4.806746006011963,5.0976439389377495,11435
1999-05-14,5.042233943939209,5.042233943939209,4.903710694849641,4.903710694849641,16588
1999-05-17,4.903713703155518,4.903713703155518,4.903713703155518,4.903713703155518,322
1999-05-18,4.903713703155518,5.014532234246699,4.903713703155518,4.903713703155518,6281
1999-05-19,4.903713703155518,4.959123309113501,4.903713703155518,4.903713703155518,1772
1999-05-20,4.972973823547363,5.042235469041404,4.903712178053322,4.903712178053322,1611
1999-05-21,5.042233943939209,5.042233943939209,4.917563428253218,4.917563428253218,5154
1999-05-24,4.917564392089844,4.972973294091127,4.917564392089844,4.917564392089844,3865
1999-05-25,4.986827850341797,4.986827850341797,4.820600391495362,4.986827850341797,3865
1999-05-26,5.042233943939209,5.319279761293976,5.042233943939209,5.069938389509812,22708
1999-05-27,4.986827850341797,4.986827850341797,4.986827850341797,4.986827850341797,805
1999-05-28,5.069938659667969,5.069938659667969,4.986824978115156,4.986824978115156,2255
1999-06-01,5.056088924407959,5.056088924407959,4.931418004508854,4.986827264418194,6281
1999-06-02,4.986827850341797,5.09764604276862,4.876009317502575,4.903713780506181,15944
1999-06-03,4.820599555969238,5.042236242820302,4.820599555969238,5.042236242820302,13528
1999-06-04,4.792895793914795,4.792895793914795,4.76519065086431,4.76519065086431,13689
1999-06-07,4.931416988372803,4.931416988372803,4.6820758807769325,4.6820758807769325,14011
1999-06-08,4.848304271697998,5.042236510648389,4.848304271697998,4.876008731371329,8536
1999-06-09,4.876009464263916,4.876009464263916,4.765190928089206,4.765190928089206,24641
1999-06-10,4.862154006958008,4.876006058996651,4.765187600214476,4.876006058996651,45255
1999-06-11,4.77887487411499,4.890661561445436,4.750928373975566,4.890661561445436,2899
1999-06-14,4.7509284019470215,4.806821402554943,4.7229819016430605,4.7509284019470215,2094
1999-06-15,4.7509284019470215,4.834768589631659,4.7229819016430605,4.7229819016430605,9663
1999-06-16,4.8627142906188965,4.918607282039315,4.750927621005418,4.750927621005418,6281
1999-06-17,5.044367790222168,5.058341211882381,4.722981839128257,4.722981839128257,66192
1999-06-18,5.365756511688232,5.449596387432977,5.114236541067493,5.114236541067493,30439
1999-06-21,5.3238325119018555,5.449592229568328,5.156152544960314,5.170125961385337,17716
1999-06-22,5.337806701660156,5.337806701660156,5.156153291975924,5.156153291975924,13689
1999-06-23,5.2819132804870605,5.365753451807519,5.2819132804870605,5.365753451807519,15139
1999-06-24,5.337806701660156,5.337806701660156,5.198073547324335,5.2469796534317465,7408
1999-06-25,5.316849231719971,5.365756050626339,5.212049396044147,5.365756050626339,1611
1999-06-28,5.309861660003662,5.309861660003662,5.253968650466597,5.267942074544079,6603
1999-06-29,5.372740268707275,5.37972646310303,5.198073733679005,5.281913217222651,11113
1999-06-30,5.226019382476807,5.393699009201437,5.1980728924847845,5.393699009201437,6442
1999-07-01,5.25396728515625,5.25396728515625,5.142180608358447,5.25396728515625,9180
1999-07-02,5.226019382476807,5.226019382476807,5.142179225728241,5.184099132409399,11918
1999-07-06,5.002448558807373,5.086288407808073,5.002448558807373,5.086288407808073,19165
1999-07-07,4.890659809112549,5.044366019885709,4.834766828860264,4.946552789364833,21259
1999-07-08,5.030395984649658,5.030395984649658,4.834769748844672,4.890662762853834,12884
1999-07-09,5.058339595794678,5.253966062991513,4.97449977939211,5.086286430186376,21259
1999-07-12,5.058339595794678,5.142179412197246,5.058339595794678,5.058339595794678,5637
1999-07-13,4.918606758117676,5.086286744676907,4.918606758117676,5.03039341582383,28345
1999-07-14,4.974501609802246,5.058341457054398,4.890661762550094,5.058341457054398,21581
1999-07-15,5.086287021636963,5.086287021636963,4.918607025947169,4.9465535202023165,32854
1999-07-16,5.030395984649658,5.086289342045279,4.932582695053935,5.086289342045279,4026
1999-07-19,5.044367790222168,5.0862880552028065,4.918608025439372,5.0862880552028065,6120
1999-07-20,5.114233493804932,5.114233493804932,4.918607004704855,5.030393668015271,9341
1999-07-21,5.030395984649658,5.1142358490498605,4.918609269858415,4.918609269858415,20937
1999-07-22,5.128207683563232,5.128207683563232,5.058340922643563,5.058340922643563,20292
1999-07-23,5.072311878204346,5.128204843926896,5.002445155971914,5.002445155971914,3221
1999-07-26,5.030395984649658,5.058342491654239,4.946555776862996,5.058342491654239,12562
1999-07-27,5.086287021636963,5.128206934712836,4.960527282409345,4.960527282409345,4509
1999-07-28,5.030395984649658,5.10724896475887,5.002449477645077,5.086289342045279,8536
1999-07-29,5.142179012298584,5.142179012298584,4.960526319810688,5.030392713584014,30439
1999-07-30,5.030395984649658,5.1002627672408,5.030395984649658,5.1002627672408,6281
1999-08-02,5.114233493804932,5.142179987939385,4.932580423465232,5.002447173880817,15139
1999-08-03,5.114233493804932,5.114233493804932,4.974500336360063,4.974500336360063,18521
1999-08-04,5.114233493804932,5.114233493804932,4.946553498839308,4.946553498839308,1127
1999-08-05,5.114233493804932,5.114233493804932,4.946553498839308,5.030393668015271,12562
1999-08-06,4.946557521820068,4.974504382069696,4.946557521820068,4.946557521820068,7086
1999-08-09,4.974501609802246,5.030394955765811,4.974501609802246,5.030394955765811,6603
1999-08-10,5.114233493804932,5.142179987939385,4.946553498839308,5.002447173880817,33177
1999-08-11,5.093274116516113,5.142180572659158,5.030394240023767,5.142180572659158,11596
1999-08-12,5.058339595794678,5.058339595794678,5.030393104789243,5.058339595794678,2899
1999-08-13,5.086287021636963,5.086287021636963,4.9465535202023165,5.0303936897403645,28667
1999-08-16,5.086287021636963,5.086287021636963,4.960527282409345,4.960527282409345,1933
1999-08-17,5.086287021636963,5.086287021636963,5.086287021636963,5.086287021636963,3865
1999-08-18,5.114233493804932,5.114233493804932,5.044366743389347,5.044366743389347,2899
1999-08-19,5.114233493804932,5.114233493804932,5.072313924296402,5.072313924296402,644
1999-08-20,5.030395984649658,5.072316260236219,4.9745026272540365,5.072316260236219,1933
1999-08-23,5.086287021636963,5.142180010147258,5.072313946202541,5.11423351589211,20292
1999-08-24,5.058339595794678,5.058339595794678,5.058339595794678,5.058339595794678,966
1999-08-25,5.114233493804932,5.114233493804932,5.058340162149724,5.058340162149724,8214
1999-08-26,5.142179012298584,5.156152428407744,5.100259450743577,5.100259450743577,17232
1999-08-27,4.946557521820068,5.149171056776841,4.946557521820068,5.142184170021143,28828
1999-08-30,5.030395984649658,5.086289342045279,4.9745026272540365,5.086289342045279,17716
1999-08-31,5.030395984649658,5.044369066458719,4.988476052449557,4.988476052449557,9663
1999-09-01,4.960528373718262,5.002448296016455,4.960528373718262,4.974501452226741,4993
1999-09-02,4.974501609802246,5.030394955765811,4.862715261261506,4.946554765127269,13850
1999-09-03,5.030395984649658,5.030395984649658,4.988476052449557,5.030395984649658,9824
1999-09-07,4.974501609802246,4.974501609802246,4.862715261261506,4.862715261261506,805
1999-09-08,4.8627142906188965,4.974500616846055,4.806820612425836,4.974500616846055,39135
1999-09-09,4.722982883453369,4.862716100793571,4.373649668409643,4.862716100793571,49926
1999-09-10,4.722982883453369,4.7509293895668305,4.6950360339534605,4.6950360339534605,13528
1999-09-13,4.7540154457092285,4.768122768062702,4.711695211990623,4.711695211990623,4670
1999-09-14,4.7540154457092285,4.782229743747813,4.7540154457092285,4.7540154457092285,4832
1999-09-15,4.796337127685547,4.81044410559103,4.754016193969099,4.754016193969099,11113
1999-09-16,4.81044340133667,4.81044340133667,4.796336425496464,4.796336425496464,7569
1999-09-17,4.7540154457092285,4.79633637276456,4.7540154457092285,4.79633637276456,13367
1999-09-20,4.768123626708984,4.782230604934488,4.7540163018150565,4.7540163018150565,7730
1999-09-21,4.831604957580566,4.852764906881957,4.796337682074668,4.796337682074668,20131
1999-09-22,4.655269622802734,4.824552015873612,4.655269622802734,4.824552015873612,8536
1999-09-23,4.81044340133667,4.81044340133667,4.655267707099509,4.655267707099509,19970
1999-09-24,4.824550628662109,4.852764237172111,4.739909456463695,4.739909456463695,11435
1999-09-27,4.845709800720215,4.951511233923284,4.768121967481863,4.880977060677339,51053
1999-09-28,4.8809814453125,4.951515681920065,4.8809814453125,4.951515681920065,12079
1999-09-29,4.937405586242676,4.937405586242676,4.838657439850983,4.8809783711631916,3865
1999-09-30,4.895083904266357,4.937404479423153,4.852762982441243,4.937404479423153,10146
1999-10-01,5.191328525543213,5.191328525543213,4.937405045490435,4.937405045490435,43645
1999-10-04,4.979727268218994,4.979727268218994,4.979727268218994,4.979727268218994,644
1999-10-05,5.134901523590088,5.134901523590088,4.979725826191717,4.979725826191717,9341
1999-10-06,5.163111209869385,5.191324794039316,5.163111209869385,5.163111209869385,11918
1999-10-07,4.965620040893555,5.078475183641868,4.965620040893555,5.078475183641868,2416
1999-10-08,5.050261974334717,5.050261974334717,4.965620437184276,4.965620437184276,1127
1999-10-11,5.050261974334717,5.050261974334717,5.050261974334717,5.050261974334717,3382
1999-10-12,4.852766513824463,5.0784768744690565,4.852766513824463,5.0784768744690565,6764
1999-10-13,4.8809814453125,4.895088084632844,4.852767126665966,4.852767126665966,11918
1999-10-14,4.852766513824463,4.937408072400471,4.852766513824463,4.852766513824463,2577
1999-10-15,4.902140140533447,5.0220486238559525,4.902140140533447,4.951514405431934,19648
1999-10-18,5.106686592102051,5.106686592102051,4.824549203661754,4.99383149805861,5637
1999-10-19,4.796337127685547,4.993833085020218,4.796337127685547,4.96561947587767,11757
1999-10-20,4.852766513824463,4.852766513824463,4.796339270331886,4.796339270331886,644
1999-10-21,4.796337127685547,4.852764345970643,4.627054432825006,4.852764345970643,7569
1999-10-22,4.824550628662109,4.965619364548936,4.570627112066867,4.852764237172111,18682
1999-10-25,4.598842144012451,4.598842144012451,4.570628526769759,4.598842144012451,5637
1999-10-26,4.782230377197266,4.782230377197266,4.739909444536146,4.739909444536146,644
1999-10-27,4.782230377197266,4.81044398563627,4.782230377197266,4.81044398563627,4993
1999-10-28,4.845709800720215,4.852762767376014,4.845709800720215,4.852762767376014,805
1999-10-29,4.852766513824463,4.909194450654184,4.852766513824463,4.909194450654184,2738
1999-11-01,4.852766513824463,4.909194450654184,4.838659876285605,4.909194450654184,6603
1999-11-02,4.909191608428955,4.909191608428955,4.838657074897045,4.838657074897045,14011
1999-11-03,4.937405586242676,4.965619193782418,4.838657439850983,4.937405586242676,17877
1999-11-04,4.937405586242676,4.937405586242676,4.937405586242676,4.937405586242676,0
1999-11-05,4.993834972381592,4.993834972381592,4.8527661800167206,4.8527661800167206,6603
1999-11-08,4.852766513824463,5.00794264676905,4.852766513824463,5.00794264676905,1449
1999-11-09,5.0784759521484375,5.0784759521484375,4.796338399251303,4.796338399251303,4670
1999-11-10,4.965620040893555,4.993833653246404,4.937406428540704,4.993833653246404,10468
1999-11-11,5.0784759521484375,5.0784759521484375,4.923300194054461,4.923300194054461,19809
1999-11-12,5.0784759521484375,5.0784759521484375,5.0784759521484375,5.0784759521484375,7086
1999-11-15,5.050261974334717,5.106689203543698,4.937406822579785,4.937406822579785,13367
1999-11-16,5.0784759521484375,5.134903532061567,5.0784759521484375,5.0784759521484375,17716
1999-11-17,4.8809814453125,4.937408695931106,4.8809814453125,4.937408695931106,1288
1999-11-18,4.979727268218994,5.092582069915039,4.909193060492525,4.909193060492525,15944
1999-11-19,4.8809814453125,5.07142419615468,4.8809814453125,5.07142419615468,483
1999-11-22,4.8809814453125,4.937408695931106,4.8809814453125,4.8809814453125,8858
1999-11-23,4.824550628662109,4.909192147528933,4.824550628662109,4.8809785390189315,8858
1999-11-24,4.852766513824463,4.909194450654184,4.8104462545393165,4.8104462545393165,8536
1999-11-26,4.796337127685547,4.81044410559103,4.796337127685547,4.81044410559103,1288
1999-11-29,4.725800514221191,4.796335026175552,4.725800514221191,4.796335026175552,8858
1999-11-30,4.852766513824463,4.852766513824463,4.71169805842445,4.739911680170738,31888
1999-12-01,4.8809814453125,4.8809814453125,4.7681262507380575,4.824553501356663,23836
1999-12-02,4.768123626708984,4.810444214717068,4.711696060475399,4.796337236491565,15944
1999-12-03,4.690534591674805,4.8033897042170635,4.641161043273658,4.761069123680807,8536
1999-12-06,4.6270551681518555,4.739910315993707,4.6270551681518555,4.718750019106919,10146
1999-12-07,4.739909648895264,4.739909648895264,4.570627297625885,4.627054516936728,10307
1999-12-08,4.711695671081543,4.768123232651724,4.556519963430645,4.570626940490289,37042
1999-12-09,4.6411638259887695,4.8668734930659125,4.627056495127162,4.768125643720377,11757
1999-12-10,4.739909648895264,4.768123605219109,4.627054516936728,4.627054516936728,12723
1999-12-13,4.671545505523682,4.785485784927436,4.671545505523682,4.785485784927436,6764
1999-12-14,4.6145758628845215,4.7000309001597955,4.6145758628845215,4.7000309001597955,8858
1999-12-15,4.671545505523682,4.799728057351571,4.557605226119927,4.614575715823584,21742
1999-12-16,4.785485744476318,4.785485744476318,4.557605187595055,4.6715454660356865,14817
1999-12-17,4.785485744476318,4.813970989087364,4.757000849867048,4.799728016780064,29794
1999-12-20,4.671545505523682,4.799728057351571,4.671545505523682,4.785485784927436,10790
1999-12-21,4.728514671325684,4.785484799293813,4.614574765391133,4.614574765391133,6764
1999-12-22,4.771241664886475,4.842454404661748,4.728514161021979,4.728514161021979,16588
1999-12-23,4.785485744476318,4.856698506002157,4.785485744476318,4.842455883696634,15783
1999-12-27,4.870942115783691,4.89942701821443,4.728516903626251,4.728516903626251,5637
1999-12-28,4.728514671325684,4.913667324720822,4.728514671325684,4.813970038278731,21259
1999-12-29,4.671545505523682,4.70003075037551,4.614575715823584,4.70003075037551,7247
1999-12-30,4.643061637878418,4.7854868436415705,4.5291213332671525,4.757001942489683,41068
1999-12-31,4.557605266571045,4.700030792090729,4.500635476365311,4.529120371468178,18360
2000-01-03,4.756999969482422,4.785484858819953,4.557604344112855,4.785484858819953,15300
2000-01-04,4.443666934967041,4.5860921505108205,4.358211525639268,4.5860921505108205,20776
2000-01-05,4.514877796173096,4.536241553568148,4.443665388190175,4.507756660375332,10951
2000-01-06,4.671545505523682,4.671545505523682,4.557605226119927,4.557605226119927,3865
2000-01-07,4.70003080368042,4.785485839201526,4.671545558505529,4.671545558505529,20453
2000-01-10,4.799727439880371,4.842455301661297,4.700030145730082,4.700030145730082,12079
2000-01-11,4.728514671325684,4.870939816245152,4.671544543357554,4.700029782342472,42195
2000-01-12,4.813971042633057,4.95639621726715,4.728515657851177,4.78548579770517,37364
2000-01-13,4.728514671325684,4.927910294214989,4.700029782342472,4.927910294214989,38813
2000-01-14,4.500636100769043,4.757001592269299,4.443666302659503,4.757001592269299,29794
2000-01-18,4.38669490814209,4.55760496754956,4.101844925796892,4.55760496754956,43645
2000-01-19,4.32972526550293,4.4721504364076194,4.230027610869469,4.230027610869469,17877
2000-01-20,4.529120445251465,4.557605340818375,4.500635549684554,4.500635549684554,29794
2000-01-21,4.38669490814209,4.429422422993957,4.343967743291982,4.429422422993957,30439
2000-01-24,4.500636100769043,4.5148787252973435,4.343968630965061,4.343968630965061,34465
2000-01-25,4.415182113647461,4.415182113647461,4.3866968577518115,4.3866968577518115,9341
2000-01-26,4.32972526550293,4.386695053863389,4.32972526550293,4.386695053863389,17071
2000-01-27,4.272756576538086,4.4436670496007435,4.272756576538086,4.35821163806847,47671
2000-01-28,4.301240921020508,4.329726171160829,4.2300284956733964,4.301240921020508,27379
2000-01-31,4.272756576538086,4.272756576538086,4.215786418850533,4.215786418850533,3382
2000-02-01,4.358211517333984,4.386696420387705,4.1873010490060185,4.272756458170941,56207
2000-02-02,4.358211517333984,4.386696420387705,4.358211517333984,4.358211517333984,19648
2000-02-03,4.358211517333984,4.386696420387705,4.329726614280263,4.329726614280263,11596
2000-02-04,4.301240921020508,4.4151812215781,4.101845920047489,4.38669597143778,28667
2000-02-07,4.286999225616455,4.4151821790415875,4.244272041143971,4.322605621012432,13206
2000-02-08,4.230026721954346,4.286996498342942,4.230026721954346,4.286996498342942,3543
2000-02-09,4.244269847869873,4.272754739465615,4.244269847869873,4.272754739465615,1449
2000-02-10,4.315482139587402,4.315482139587402,4.272754281768188,4.272754281768188,2899
2000-02-11,4.315482139587402,4.315482139587402,4.272754281768188,4.315482139587402,8375
2000-02-14,4.244269847869873,4.315482601861836,4.116086960684687,4.315482601861836,13206
2000-02-15,4.38669490814209,4.38669490814209,4.215784848734619,4.244270091970371,7891
2000-02-16,4.38669490814209,4.38669490814209,4.329725121674106,4.329725121674106,4187
2000-02-17,4.443666934967041,4.457909211520102,4.101846347661595,4.386696428747272,32854
2000-02-18,4.32972526550293,4.4721504364076194,4.215784988778469,4.4721504364076194,9019
2000-02-22,4.301240921020508,4.301240921020508,4.101845920047489,4.244271120743557,10629
2000-02-23,4.472151279449463,4.472151279449463,4.301240832144574,4.301240832144574,11274
2000-02-24,4.272756576538086,4.557606664972068,4.158816261162981,4.472151953443575,19004
2000-02-25,4.301240921020508,4.315483896092513,4.130330820185964,4.272756020882032,6281
2000-02-28,4.301240921020508,4.329726171160829,4.272756020882032,4.272756020882032,26734
2000-02-29,4.301240921020508,4.500636271995372,4.272756020882032,4.301240921020508,13528
2000-03-01,4.343965530395508,4.443663130929315,4.3297229160330835,4.3297229160330835,12401
2000-03-02,4.215784549713135,4.343967435178611,4.173057037891888,4.343967435178611,8536
2000-03-03,4.301240921020508,4.329726171160829,4.215785870603236,4.215785870603236,1611
2000-03-06,4.301240921020508,4.301240921020508,4.286998295950347,4.286998295950347,6120
2000-03-07,4.101846218109131,4.286998607466133,4.101846218109131,4.201543900841119,33821
2000-03-08,4.130329132080078,4.187298909072925,4.101844243583654,4.101844243583654,13689
2000-03-09,4.187298774719238,4.272754137469991,4.130328999554324,4.215784012303386,23513
2000-03-10,4.101846218109131,4.187300924734145,4.101846218109131,4.187300924734145,23030
2000-03-13,4.032712936401367,4.176738398415702,4.003907985572259,4.176738398415702,32532
2000-03-14,4.119128227233887,4.1767381251225615,4.032712672532129,4.032712672532129,21259
2000-03-15,4.147934436798096,4.176739394496694,4.0039089404361405,4.176739394496694,27701
2000-03-16,4.467670917510986,4.467670917510986,4.182500584024965,4.435985285575374,25915
2000-03-17,4.562727928161621,4.562727928161621,4.1191297777666716,4.1191297777666716,23279
2000-03-20,4.5468831062316895,4.594411534367308,4.5468831062316895,4.5468831062316895,16691
2000-03-21,4.5944132804870605,4.626099265220837,4.546884834288122,4.626099265220837,14202
2000-03-22,4.626099586486816,4.626099586486816,4.546885150052943,4.546885150052943,5417
2000-03-23,4.5944132804870605,4.657784542085645,4.562727649687767,4.562727649687767,1171
2000-03-24,4.610252857208252,4.65778127001873,4.594410052938093,4.65778127001873,16544
2000-03-27,4.598374366760254,4.65778475019615,4.594413485766127,4.65778475019615,2635
2000-03-28,4.5944132804870605,4.657784542085645,4.5944132804870605,4.598374161304214,3514
2000-03-29,4.499356746673584,4.594413285235214,4.467670761907061,4.594413285235214,9370
2000-03-30,4.483511924743652,4.531040707407542,4.467669115167141,4.467669115167141,6588
2000-03-31,4.562727928161621,4.562727928161621,4.309243220231006,4.4043001184304265,9077
2000-04-03,4.435984134674072,4.689469124393143,4.435984134674072,4.562726629533607,13763
2000-04-04,4.499356746673584,4.68947017773133,4.245871700017276,4.68947017773133,14934
2000-04-05,4.372612476348877,4.685507778836476,4.087441912795162,4.499354949039417,15812
2000-04-06,4.404298782348633,4.404298782348633,4.150813797380355,4.150813797380355,1903
2000-04-07,4.531042575836182,4.531042575836182,4.388456876916333,4.388456876916333,2928
2000-04-10,4.30924129486084,4.499355006316823,4.30924129486084,4.483511843094476,14495
2000-04-11,4.340926170349121,4.4359830175555,4.309240908547978,4.340926170349121,3367
2000-04-12,4.340926170349121,4.4359830175555,4.309240908547978,4.4359830175555,10542
2000-04-13,4.119128227233887,4.356770029344196,4.087442252493556,4.340926865006844,5564
2000-04-14,4.3250837326049805,4.3250837326049805,4.214184077115762,4.214184077115762,4832
2000-04-17,4.30924129486084,4.4359834152304805,4.055756346252862,4.325084104148838,16252
2000-04-18,4.30924129486084,4.30924129486084,4.245870057708845,4.30924129486084,11127
2000-04-19,4.467670917510986,4.53104253531671,4.198343399992772,4.198343399992772,39384
2000-04-20,4.277554988861084,4.594410769766453,4.245869375377118,4.531039896732812,43923
2000-04-24,4.376572608947754,4.562725422041505,4.277555238010172,4.499354545316785,12152
2000-04-25,4.531042575836182,4.531042575836182,4.309243150303417,4.309243150303417,9956
2000-04-26,4.198341369628906,4.459747706678748,4.198341369628906,4.404297877607569,17862
2000-04-27,4.277554988861084,4.277554988861084,4.182498148409185,4.182498148409185,4246
2000-04-28,4.531042575836182,4.531042575836182,4.055758092551687,4.309243150303417,10542
2000-05-01,4.435984134674072,4.53104135975313,4.190420904818129,4.53104135975313,10395
2000-05-02,4.293397903442383,4.3092410658226585,4.293397903442383,4.3092410658226585,4685
2000-05-03,4.119128227233887,4.214184735717387,4.07159979602495,4.214184735717387,8053
2000-05-04,4.420142650604248,4.420142650604248,4.18250075529065,4.277557654989894,4685
2000-05-05,4.245871543884277,4.435984967951002,4.245871543884277,4.277557173551144,28404
2000-05-08,4.182498455047607,4.467668643376164,4.182498455047607,4.467668643376164,4685
2000-05-09,4.1032819747924805,4.182495967191425,4.055753579353114,4.182495967191425,12152
2000-05-10,4.024071216583252,4.079520697016739,4.024071216583252,4.079520697016739,3807
2000-05-11,4.245871543884277,4.277557173551144,4.150814654883679,4.166657469717112,3367
2000-05-12,4.087443828582764,4.245871993701323,4.055758195559052,4.245871993701323,11859
2000-05-15,4.277554988861084,4.277554988861084,3.9923844675053894,4.087441307957287,22547
2000-05-16,4.230026721954346,4.245869529270559,4.230026721954346,4.230026721954346,4099
2000-05-17,4.150813579559326,4.277556065392436,4.150813579559326,4.277556065392436,1611
2000-05-18,4.039915084838867,4.150814792345546,4.024072623415254,4.150814792345546,7906
2000-05-19,4.024071216583252,4.039913672468277,4.024071216583252,4.039913672468277,7613
2000-05-22,4.214184761047363,4.214184761047363,4.103285087559932,4.103285087559932,6881
2000-05-23,4.150813579559326,4.245870443934159,4.024071447660596,4.214184822475881,15519
2000-05-24,4.055756568908691,4.119128163474053,3.992385328277697,4.119128163474053,14787
2000-05-25,3.9606988430023193,4.055755683189759,3.929013583540797,3.9923844563981326,10834
2000-05-26,4.055756568908691,4.055756568908691,3.9131712774889547,3.944857251738819,4539
2000-05-30,4.119128227233887,4.119128227233887,3.992385390075683,3.992385390075683,11566
2000-05-31,3.675530195236206,4.182499865133116,3.675530195236206,4.182499865133116,22401
2000-06-01,4.024071216583252,4.024071216583252,3.770586259473093,3.770586259473093,13030
2000-06-02,3.9290149211883545,3.929014921188355,3.929014921188355,3.929014921188355,5271
2000-06-05,4.008228778839111,4.055757216906081,4.008228778839111,4.055757216906081,10395
2000-06-06,4.008228778839111,4.039914404217091,4.008228778839111,4.008228778839111,9956
2000-06-07,3.9606988430023193,4.008227263096039,3.9448563902387033,4.008227263096039,6588
2000-06-08,3.675530195236206,3.9290152071518794,3.675530195236206,3.9131720399727135,18448
2000-06-09,3.742860794067383,3.7428607940673833,3.7230571086629873,3.7230571086629873,3367
2000-06-12,3.7072157859802246,3.746822818710153,3.707215785980225,3.738901058229734,25329
2000-06-13,3.836266279220581,3.9165229559562245,3.7239072903835786,3.756009961077836,22547
2000-06-14,3.675755262374878,3.7800889982762857,3.675755262374878,3.7560119822990377,12738
2000-06-15,3.5473430156707764,3.7078563878798874,3.3707786648336944,3.6757537134380653,51244
2000-06-16,3.6115498542785645,3.627600837933675,3.5633958275340727,3.5633958275340727,113175
2000-06-19,3.868370294570923,3.868370294570923,3.603523552425695,3.611549222145035,246701
2000-06-20,3.836266279220581,3.9165229559562245,3.8362662792205806,3.8362662792205806,73059
2000-06-21,3.884423017501831,3.932577052968612,3.8523203271906437,3.932577052968612,126645
2000-06-22,3.9325778484344482,3.956654871038041,3.8844238032272633,3.8844238032272633,63981
2000-06-23,3.9486284255981445,3.9807311161326973,3.8683716992617625,3.8683716992617625,114346
2000-06-26,3.7881150245666504,3.9486288532154,3.723909995137574,3.9486288532154,69106
2000-06-27,3.804166316986084,3.85232035277264,3.7399609359373427,3.804166316986084,131623
2000-06-28,3.8698558807373047,3.8861154268272418,3.8048162433674735,3.8048162433674735,121081
2000-06-29,3.886113405227661,3.918633570247745,3.82107416494449,3.869853867596117,117274
2000-06-30,4.6015496253967285,4.6015496253967285,3.707255619722173,3.837334490241311,805841
2000-07-03,4.195054531097412,4.357653656567108,4.195054531097412,4.357653656567108,9809
2000-07-05,4.195054531097412,4.308873918926199,4.130015244162126,4.162534706003473,37627
2000-07-06,4.260093688964844,4.276353599632726,4.162534224957548,4.162534224957548,25768
2000-07-07,4.276350975036621,4.276350975036621,4.243831173659775,4.243831173659775,12884
2000-07-10,4.146273612976074,4.260092968399493,4.016194349635024,4.260092968399493,31771
2000-07-11,4.081234455108643,4.130014180182859,4.0487146383924975,4.0487146383924975,37335
2000-07-12,4.0324530601501465,4.113752205021116,3.86985404390351,4.113752205021116,49779
2000-07-13,4.0324530601501465,4.0324530601501465,3.837333877401834,3.886113582275825,12884
2000-07-14,3.9511547088623047,4.032454240788837,3.902374989706385,4.032454240788837,3953
2000-07-17,3.837337017059326,3.9186369549535076,3.756037805670436,3.9023770400252005,29136
2000-07-18,3.837337017059326,3.9674163364857837,3.8210774653836648,3.837337017059326,64567
2000-07-19,3.837337017059326,3.9674163364857837,3.8048175504553576,3.9023770400252005,61492
2000-07-20,3.8698558807373047,3.8698558807373047,3.7235166966551847,3.837335698799868,29136
2000-07-21,3.7072558403015137,3.8373347185602618,3.707255840301514,3.788555366245999,40116
2000-07-24,3.8048155307769775,3.999934406343344,3.7397759055881887,3.7397759055881887,23572
2000-07-25,3.8048155307769775,3.9023749685601605,3.6747362803994,3.9023749685601605,25768
2000-07-26,3.8048155307769775,3.9023749685601605,3.7397759055881887,3.8048155307769775,7760
2000-07-27,3.999934673309326,4.032454488074177,3.9023752290147735,3.9674144952919983,3075
2000-07-28,3.902376174926758,4.032455465516581,3.9023761749267574,3.9999356428691253,6735
2000-07-31,3.967414617538452,3.9999347965578127,3.9674146175384526,3.9674146175384526,15519
2000-08-01,4.0324530601501465,4.0324530601501465,3.9836733552761556,3.9999332569008192,7760
2000-08-02,3.9348955154418945,4.032454971430561,3.9348955154418945,3.999935152767672,1611
2000-08-03,3.902376174926758,3.9348959975742135,3.9023761749267574,3.9348959975742135,3075
2000-08-04,3.8698558807373047,3.8698558807373047,3.8698558807373047,3.8698558807373047,878
2000-08-07,3.9348955154418945,3.9348955154418945,3.869855878116117,3.8861154241950406,5124
2000-08-08,3.8698558807373047,3.8698558807373047,3.8698558807373047,3.8698558807373047,1611
2000-08-09,3.967414617538452,3.9836748886743765,3.8698555334903255,3.8698555334903255,19473
2000-08-10,3.902376174926758,3.9674154569691042,3.9023761749267574,3.9674154569691042,3367
2000-08-11,4.0324530601501465,4.0324530601501465,3.902373847152837,3.902373847152837,24158
2000-08-14,3.983675718307495,3.9836757183074956,3.9836757183074956,3.9836757183074956,8492
2000-08-15,3.983675718307495,3.9836757183074956,3.9836757183074956,3.9836757183074956,7174
2000-08-16,3.983675718307495,3.9836757183074956,3.9836757183074956,3.9836757183074956,0
2000-08-17,3.999934673309326,3.999934673309326,3.999934673309326,3.999934673309326,6296
2000-08-18,3.983675718307495,3.9836757183074956,3.9836757183074956,3.9836757183074956,3807
2000-08-21,3.983675718307495,3.9836757183074956,3.9836757183074956,3.9836757183074956,14787
2000-08-22,3.983675718307495,3.999935629577191,3.9836757183074956,3.9836757183074956,9224
2000-08-23,3.983675718307495,4.032455452116582,3.9836757183074956,4.012130381403181,62956
2000-08-24,4.0324530601501465,4.0324530601501465,4.0324530601501465,4.0324530601501465,146
2000-08-25,3.983675718307495,3.9836757183074956,3.9836757183074956,3.9836757183074956,146
2000-08-28,3.983675718307495,3.9836757183074956,3.9836757183074956,3.9836757183074956,3221
2000-08-29,3.999934673309326,3.999934673309326,3.9836747659269007,3.9836747659269007,4539
2000-08-30,4.0324530601501465,4.0324530601501465,3.9999332569008192,3.9999332569008192,9077
2000-08-31,4.016193866729736,4.048714041907277,4.016193866729736,4.048714041907277,11274
2000-09-01,4.081234455108643,4.081234455108643,4.081234455108643,4.081234455108643,439
2000-09-05,4.016193866729736,4.081233853832373,4.016193866729736,4.03245413594473,2489
2000-09-06,4.016193866729736,4.016193866729736,4.016193866729736,4.016193866729736,4832
2000-09-07,4.146273612976074,4.146273612976074,4.081234344558038,4.081234344558038,1757
2000-09-08,4.016193866729736,4.081233853832373,3.9511546061319907,4.081233853832373,8053
2000-09-11,4.0324530601501465,4.0324530601501465,4.016192795273135,4.016192795273135,11420
2000-09-12,4.016193866729736,4.016193866729736,4.016193866729736,4.016193866729736,1171
2000-09-13,4.115628242492676,4.379028638315068,4.049778511316103,4.049778511316103,18740
2000-09-14,4.115628242492676,4.280253857660696,4.082703560793902,4.115628242492676,14787
2000-09-15,4.214404106140137,4.214404106140137,4.148553996009311,4.148553996009311,732
2000-09-18,4.049779891967773,4.148554706296472,4.049779891967773,4.148554706296472,586
2000-09-19,4.181478500366211,4.181478500366211,4.082703356866544,4.082703356866544,2489
2000-09-20,4.049779891967773,4.049779891967773,4.049779891967773,4.049779891967773,2489
2000-09-21,4.049779891967773,4.247329888404321,4.049779891967773,4.049779891967773,50365
2000-09-22,4.049779891967773,4.08270495267039,4.049779891967773,4.049779891967773,11566
2000-09-25,4.049779891967773,4.049779891967773,4.049779891967773,4.049779891967773,3660
2000-09-26,4.049779891967773,4.049779891967773,4.049779891967773,4.049779891967773,7613
2000-09-27,4.049779891967773,4.08270495267039,4.049779891967773,4.08270495267039,9956
2000-09-28,4.049779891967773,4.049779891967773,4.049779891967773,4.049779891967773,7906
2000-09-29,4.0991668701171875,4.1485540860076195,4.049779286447659,4.049779286447659,10981
2000-10-02,4.082703590393066,4.13209116496782,4.082703590393066,4.13209116496782,14202
2000-10-03,4.0662407875061035,4.115628363170942,4.0662407875061035,4.115628363170942,6003
2000-10-04,4.016852855682373,4.082703318509154,4.016852855682373,4.049778270985265,5271
2000-10-05,4.115628242492676,4.115628242492676,4.082703560793902,4.082703560793902,7760
2000-10-06,4.082703590393066,4.082703590393066,4.082703590393066,4.082703590393066,1171
2000-10-09,4.082703590393066,4.082703590393066,4.082703590393066,4.082703590393066,2489
2000-10-10,4.074471473693848,4.132090671597035,4.074471473693848,4.132090671597035,7467
2000-10-11,4.033318042755127,4.1156303406332535,4.016855141844446,4.016855141844446,10981
2000-10-12,4.016852855682373,4.107396736373067,4.016852855682373,4.033315747223321,7028
2000-10-13,4.049779891967773,4.049779891967773,4.033317361616465,4.033317361616465,14641
2000-10-16,3.95100474357605,4.082704987510388,3.95100474357605,4.016854497764065,32796
2000-10-17,3.901615619659424,3.951003191736797,3.885152727854623,3.951003191736797,2635
2000-10-18,3.901615619659424,3.951003191736797,3.901615619659424,3.951003191736797,19619
2000-10-19,3.9180777072906494,4.016852472664877,3.9016151850984504,4.016852472664877,6881
2000-10-20,3.9839296340942383,4.0333172234564065,3.918079514944681,3.918079514944681,29575
2000-10-23,3.95100474357605,3.95100474357605,3.95100474357605,3.95100474357605,5271
2000-10-24,3.95100474357605,3.95100474357605,3.95100474357605,3.95100474357605,7467
2000-10-25,4.000392913818359,4.016855078912703,3.9510053151977074,3.9510053151977074,9224
2000-10-26,3.9839296340942383,3.9839296340942383,3.9839296340942383,3.9839296340942383,4099
2000-10-27,3.9839296340942383,3.9839296340942383,3.9839296340942383,3.9839296340942383,11127
2000-10-30,4.0086236000061035,4.016854497472248,3.918079682307824,3.983929804270209,16691
2000-10-31,3.9180777072906494,3.9510027516750483,3.8851522951272823,3.9510027516750483,13470
2000-11-01,3.9180777072906494,3.9180777072906494,3.9180777072906494,3.9180777072906494,0
2000-11-02,3.95100474357605,3.95100474357605,3.95100474357605,3.95100474357605,5271
2000-11-03,3.9674651622772217,3.9674651622772217,3.9674651622772217,3.9674651622772217,1025
2000-11-06,4.016852855682373,4.016852855682373,3.9839281759374883,4.016852855682373,11713
2000-11-07,3.9180777072906494,4.016852472664877,3.9180777072906494,4.016852472664877,7613
2000-11-08,3.9180777072906494,3.9510027516750483,3.90984644619455,3.9510027516750483,7028
2000-11-09,3.9839296340942383,4.016854325889879,3.9510045745194597,3.9510045745194597,7760
2000-11-10,3.95100474357605,3.9839298045596343,3.95100474357605,3.9839298045596343,8785
2000-11-13,3.901615619659424,3.951003191736797,3.8522280475820505,3.951003191736797,8199
2000-11-14,3.885152816772461,3.8851528167724614,3.8851528167724614,3.8851528167724614,3221
2000-11-15,3.885152816772461,3.8851528167724614,3.8851528167724614,3.8851528167724614,293
2000-11-16,4.016852855682373,4.016852855682373,3.9510031284136,3.9510031284136,13909
2000-11-17,3.9674651622772217,3.9839276840063915,3.9674651622772217,3.9839276840063915,8053
2000-11-20,3.934539794921875,3.9674652065263905,3.934539794921875,3.9674652065263905,4685
2000-11-21,3.9180777072906494,3.9345398617038803,3.9016151850984504,3.9345398617038803,28696
2000-11-22,3.885152816772461,3.8851528167724614,3.8851528167724614,3.8851528167724614,5124
2000-11-24,3.885152816772461,3.8851528167724614,3.8851528167724614,3.8851528167724614,0
2000-11-27,3.8686904907226562,3.918078061767452,3.8686904907226562,3.918078061767452,3660
2000-11-28,3.8522300720214844,3.8686926046987318,3.8522300720214844,3.8686926046987318,4099
2000-11-29,3.8193039894104004,3.8851537348013667,3.8193039894104004,3.8851537348013667,3367
2000-11-30,3.802839994430542,3.802839994430542,3.802839994430542,3.802839994430542,1025
2000-12-01,3.786378860473633,3.802841388451578,3.786378860473633,3.802841388451578,6588
2000-12-04,3.753453016281128,3.7863780653226566,3.753453016281128,3.7863780653226566,7613
2000-12-05,3.802839994430542,3.802839994430542,3.7205273847144538,3.7534524286008892,13470
2000-12-06,3.8193039894104004,3.93454131967892,3.8193039894104004,3.8193039894104004,11859
2000-12-07,3.753453016281128,3.852228163405714,3.6876029181980705,3.7040658104978554,27379
2000-12-08,3.8522300720214844,3.8522300720214844,3.7534548759579995,3.7534548759579995,3953
2000-12-11,3.885152816772461,3.8851528167724614,3.753452989330984,3.753452989330984,3807
2000-12-12,3.753453016281128,3.8193031143641853,3.753453016281128,3.8193031143641853,1464
2000-12-13,3.8068838119506836,3.8068838119506836,3.8068838119506836,3.8068838119506836,4685
2000-12-14,3.8068838119506836,3.8068838119506836,3.8068838119506836,3.8068838119506836,6149
2000-12-15,3.7400968074798584,3.7400968074798584,3.7400968074798584,3.7400968074798584,15959
2000-12-18,3.7400968074798584,3.7400968074798584,3.7400968074798584,3.7400968074798584,10688
2000-12-19,3.7400968074798584,3.7400968074798584,3.7400968074798584,3.7400968074798584,4392
2000-12-20,3.7400968074798584,3.8068842970973753,3.7400968074798584,3.8068842970973753,9663
2000-12-21,3.7233986854553223,3.8068830194588097,3.7233986854553223,3.7400955522560198,18301
2000-12-22,3.8402786254882812,3.9404595021239515,3.723400500896419,3.723400500896419,15519
2000-12-26,3.9571542739868164,3.9905476299606253,3.823579358034524,3.823579358034524,43045
2000-12-27,3.873671293258667,3.9905490121861527,3.873671293258667,3.9571556446457232,30014
2000-12-28,3.9404571056365967,3.9404571056365967,3.8736700195025495,3.9404571056365967,9517
2000-12-29,3.9738528728485107,4.040640359973712,3.940458756271483,3.940458756271483,13177
2001-01-02,4.107428550720215,4.140822300003317,4.007247302870907,4.007247302870907,21815
2001-01-03,4.107428550720215,4.174215676271929,4.007247302870907,4.140822300003317,16398
2001-01-04,4.107428550720215,4.174215676271929,4.107428550720215,4.107428550720215,62517
2001-01-05,4.107428550720215,4.174215676271929,4.107428550720215,4.174215676271929,9077
2001-01-08,4.107428550720215,4.174215676271929,4.107428550720215,4.157519174644869,5564
2001-01-09,4.107428550720215,4.107428550720215,4.107428550720215,4.107428550720215,0
2001-01-10,4.157515525817871,4.157515525817871,4.157515525817871,4.157515525817871,4392
2001-01-11,4.107428550720215,4.107428550720215,4.107428550720215,4.107428550720215,878
2001-01-12,4.107428550720215,4.107428550720215,4.107428550720215,4.107428550720215,9077
2001-01-16,4.124120712280273,4.190908513576041,4.124120712280273,4.124120712280273,15227
2001-01-17,4.124120712280273,4.124120712280273,4.124120712280273,4.124120712280273,0
2001-01-18,4.190911293029785,4.190911293029785,4.14082068859795,4.14082068859795,4539
2001-01-19,4.174215316772461,4.207609063179566,4.124124697161804,4.124124697161804,10249
2001-01-22,4.174215316772461,4.174215316772461,4.174215316772461,4.174215316772461,4099
2001-01-23,4.207606315612793,4.257696902514299,4.207606315612793,4.207606315612793,6735
2001-01-24,4.27439546585083,4.307789203741187,4.2576985969056516,4.2576985969056516,16105
2001-01-25,4.27439546585083,4.3411833146459085,4.27439546585083,4.307789203741187,14934
2001-01-26,4.27439546585083,4.27439546585083,4.27439546585083,4.27439546585083,6003
2001-01-29,4.341183662414551,4.341183662414551,4.274395808269152,4.341183662414551,9077
2001-01-30,4.27439546585083,4.27439546585083,4.157517756248943,4.27439546585083,8931
2001-01-31,4.27439546585083,4.27439546585083,4.27439546585083,4.27439546585083,0
2001-02-01,4.207606315612793,4.274393764814801,4.207606315612793,4.274393764814801,3367
2001-02-02,4.341183662414551,4.407970770531162,4.207608327138148,4.207608327138148,11859
2001-02-05,4.4580607414245605,4.4580607414245605,4.374576401994986,4.407970137766816,13030
2001-02-06,4.291090488433838,4.458058718514338,4.2743932551102,4.458058718514338,7028
2001-02-07,4.27439546585083,4.27439546585083,4.27439546585083,4.27439546585083,1757
2001-02-08,4.27439546585083,4.27439546585083,4.27439546585083,4.27439546585083,0
2001-02-09,4.291090488433838,4.291090488433838,4.291090488433838,4.291090488433838,3221
2001-02-12,4.27439546585083,4.27439546585083,4.27439546585083,4.27439546585083,1171
2001-02-13,4.407970428466797,4.407970428466797,4.407970428466797,4.407970428466797,70570
2001-02-14,4.474757194519043,4.474757194519043,4.441363461842674,4.441363461842674,3807
2001-02-15,4.291090488433838,4.291090488433838,4.291090488433838,4.291090488433838,1318
2001-02-16,4.341183662414551,4.341183662414551,4.341183662414551,4.341183662414551,1025
2001-02-20,4.4580607414245605,4.474757609310475,4.407970137766816,4.407970137766816,7028
2001-02-21,4.407970428466797,4.4747579044150045,4.2743954765703815,4.4747579044150045,22401
2001-02-22,4.27439546585083,4.3411833146459085,4.27439546585083,4.3411833146459085,1171
2001-02-23,4.407970428466797,4.407970428466797,4.407970428466797,4.407970428466797,586
2001-02-26,4.324484348297119,4.324484348297119,4.324484348297119,4.324484348297119,1757
2001-02-27,4.307789325714111,4.307789325714111,4.307789325714111,4.307789325714111,586
2001-02-28,4.27439546585083,4.324486072686366,4.27439546585083,4.324486072686366,8053
2001-03-01,4.27439546585083,4.27439546585083,4.27439546585083,4.27439546585083,0
2001-03-02,4.357878684997559,4.357878684997559,4.274394361834499,4.274394361834499,586
2001-03-05,4.474757194519043,4.541544659871782,4.407969729166305,4.433015028673582,11274
2001-03-06,4.407970428466797,4.407970428466797,4.407970428466797,4.407970428466797,2343
2001-03-07,4.407970428466797,4.4747579044150045,4.407970428466797,4.4747579044150045,7174
2001-03-08,4.27439546585083,4.407970417412259,4.27439546585083,4.407970417412259,1903
2001-03-09,4.341183662414551,4.341183662414551,4.341183662414551,4.341183662414551,1757
2001-03-12,4.27439546585083,4.27439546585083,4.27439546585083,4.27439546585083,3807
2001-03-13,4.362318992614746,4.362318992614746,4.227053193715403,4.32850254288991,5124
2001-03-14,4.3285017013549805,4.4299510308059995,4.3285017013549805,4.3285017013549805,4099
2001-03-15,4.22705078125,4.22705078125,4.22705078125,4.22705078125,439
2001-03-16,4.446857929229736,4.446857929229736,4.362316846508874,4.362316846508874,1171
2001-03-19,4.4299492835998535,4.514490358132051,4.396133231522887,4.396133231522887,7174
2001-03-20,4.4299492835998535,4.4299492835998535,4.396133231522887,4.396133231522887,2196
2001-03-21,4.379225730895996,4.413042169141432,4.379225730895996,4.39613432775472,11713
2001-03-22,4.463766574859619,4.463766574859619,4.429950138520623,4.429950138520623,2928
2001-03-23,4.379225730895996,4.39613432775472,4.362317511773277,4.39613432775472,3221
2001-03-26,4.379225730895996,4.379225730895996,4.379225730895996,4.379225730895996,293
2001-03-27,4.379225730895996,4.379225730895996,4.379225730895996,4.379225730895996,293
2001-03-28,4.3285017013549805,4.3792263660804895,4.260868815054301,4.3792263660804895,813454
2001-03-29,4.27777624130249,4.311592678165655,4.27777624130249,4.311592678165655,1025
2001-03-30,4.29468297958374,4.328499024082043,4.227049757379652,4.328499024082043,27379
2001-04-02,4.290459156036377,4.294686401051296,4.227053124965495,4.294686401051296,5124
2001-04-03,4.22705078125,4.294684019836117,4.22705078125,4.294684019836117,8053
2001-04-04,4.3285017013549805,4.3285017013549805,4.227052371903961,4.294685635940702,4832
2001-04-05,4.3285017013549805,4.396134965391721,4.3285017013549805,4.3285017013549805,7906
2001-04-06,4.29468297958374,4.29468297958374,4.29468297958374,4.29468297958374,17716
2001-04-09,4.2743940353393555,4.2743940353393555,4.260867311757224,4.260867311757224,6442
2001-04-10,4.3285017013549805,4.3285017013549805,4.274395543408861,4.274395543408861,3953
2001-04-11,4.396134376525879,4.396134376525879,4.228404478341134,4.301448046199392,2782
2001-04-12,4.496230125427246,4.496230125427246,4.379901801469466,4.379901801469466,15080
2001-04-16,4.65855073928833,4.764058101818477,4.517874633650915,4.517874633650915,16837
2001-04-17,4.856038570404053,4.869564922434781,4.553043223252005,4.553043223252005,34699
2001-04-18,4.693719387054443,4.8695649876994915,4.504347811933485,4.842511905539355,47583
2001-04-19,4.731592178344727,4.801930771441298,4.636906613167883,4.693717725632406,13763
2001-04-20,4.734301567077637,4.734301567077637,4.639615921027104,4.731596219734902,9663
2001-04-23,4.626086235046387,4.731593203204039,4.5990331566024745,4.731593203204039,29428
2001-04-24,4.693719387054443,4.693719387054443,4.601739134351641,4.626086870522154,19619
2001-04-25,4.680193901062012,4.693720255777512,4.6666675463465115,4.693720255777512,4685
2001-04-26,4.6747822761535645,4.680192589882332,4.6396131593681895,4.680192589882332,2782
2001-04-27,4.639615058898926,4.720774330891153,4.639615058898926,4.680194506026927,22694
2001-04-30,4.869564056396484,4.869564056396484,4.69371848938186,4.69371848938186,13763
2001-05-01,4.869564056396484,4.869564056396484,4.73429829372924,4.869564056396484,11127
2001-05-02,4.888500690460205,4.888500690460205,4.818162474938423,4.818162474938423,6442
2001-05-03,4.869564056396484,4.869564056396484,4.761351748451516,4.869564056396484,7906
2001-05-04,4.869564056396484,4.869564056396484,4.861448397715836,4.866858710924257,6588
2001-05-07,4.923671245574951,5.004830487371071,4.85333263164058,4.85333263164058,13470
2001-05-08,5.05893611907959,5.096810198484125,4.9777765141018335,4.9777765141018335,30600
2001-05-09,5.19420051574707,5.207727239931201,5.085988233217806,5.099514579665993,29868
2001-05-10,5.34299373626709,5.34299373626709,5.194201259869395,5.194201259869395,17569
2001-05-11,5.345699310302734,5.345699310302734,5.329467238261589,5.340288619622353,81843
2001-05-14,5.329467296600342,5.359225717932176,5.275360766940264,5.3456993688191705,282718
2001-05-15,5.35651969909668,5.35651969909668,5.305118899004957,5.329466626535985,19765
2001-05-16,5.3024139404296875,5.532365262823057,5.3024139404296875,5.305119285656527,26500
2001-05-17,5.545894145965576,5.613527047469565,5.302416002740136,5.467440237081529,29575
2001-05-18,5.613527297973633,5.613527297973633,5.491788220928297,5.545894393451521,28550
2001-05-21,5.599999904632568,5.616231602283284,5.426859655853746,5.58376782924576,9956
2001-05-22,5.6405792236328125,5.645989537220666,5.489081377507487,5.613525767013248,25915
2001-05-23,5.637872219085693,5.640577941868862,5.518838170217062,5.640577941868862,8345
2001-05-24,5.681162357330322,5.681162357330322,5.6108240797294995,5.632466481400404,33674
2001-05-25,5.884056568145752,6.051785711585984,5.675747244901575,5.681157935542101,44509
2001-05-29,6.016617298126221,6.019322643760322,5.91922598850675,5.921931711876907,23572
2001-05-30,6.330431938171387,6.357484630263136,5.989562276229156,6.016615346056839,88139
2001-05-31,6.222220420837402,6.330433482010542,6.222220420837402,6.330433482010542,58857
2001-06-01,6.260093688964844,6.3060845522967846,6.224924960712325,6.3060845522967846,61199
2001-06-04,6.219513893127441,6.270914687669084,6.2168085483898885,6.260093308718872,21376
2001-06-05,6.022028923034668,6.227632566053596,5.981448734777122,6.227632566053596,27964
2001-06-06,5.924637317657471,6.0193229080643595,5.83806700903711,6.0193229080643595,20058
2001-06-07,5.951688289642334,5.951688289642334,5.9138138378475045,5.921930250482923,98241
2001-06-08,6.019323825836182,6.019323825836182,5.857004944594187,5.8651209830903195,42605
2001-06-11,5.884056568145752,6.0734280964120755,5.884056568145752,6.011206287254064,7613
2001-06-12,5.775846004486084,5.892174384929473,5.770435311863387,5.889469038618125,21229
2001-06-13,5.587414741516113,5.909660570916451,5.584683812342536,5.887813518836011,60907
2001-06-14,5.721225261688232,5.734879899240744,5.584680411394894,5.584680411394894,16252
2001-06-15,5.789499282836914,5.811346327635603,5.611991233567958,5.680263677535418,31771
2001-06-18,5.876889228820801,5.876889228820801,5.721227816444909,5.721227816444909,3953
2001-06-19,5.945162773132324,5.945162773132324,5.721229231062235,5.885083088834033,26647
2001-06-20,5.857770919799805,5.945159468263397,5.721226050676192,5.833192568815796,32942
2001-06-21,5.92604398727417,5.953352887753934,5.734881302607779,5.734881302607779,21083
2001-06-22,6.144515037536621,6.144515037536621,5.871425293895523,5.871425293895523,26354
2001-06-25,6.264674186706543,6.281058990334153,6.035278547144582,6.141783965111758,30893
2001-06-26,6.267405986785889,6.267405986785889,6.095359042512892,6.229173374870559,12445
2001-06-27,5.980661869049072,6.26467495359991,5.980661869049072,6.092628393521259,31478
2001-06-28,5.96427583694458,6.144514785822326,5.876887290334884,6.144514785822326,34846
2001-06-29,6.554149150848389,7.783052211959462,5.707571418739339,5.898734464548349,324737
2001-07-02,5.677532196044922,6.390296014547428,5.677532196044922,6.390296014547428,119324
2001-07-03,6.0052385330200195,6.032547044875707,5.7840356976479965,5.95335129283199,27525
2001-07-05,6.007970333099365,6.130860568638404,6.002508858373111,6.007970333099365,57978
2001-07-06,6.185480117797852,6.1991343796000224,5.967008497190206,5.980663140300478,16984
2001-07-09,6.264674186706543,6.267405114413803,6.0270861453307765,6.0270861453307765,20058
2001-07-10,5.734885215759277,6.26194861297261,5.734885215759277,6.245563032719363,40263
2001-07-11,5.983394145965576,6.136324253975156,5.734882672786492,5.734882672786492,8199
2001-07-12,6.087165832519531,6.089896760244846,6.0107006188266645,6.0625878642996724,5124
2001-07-13,6.076244354248047,6.27833079232729,5.871426987440047,6.0571278531467545,16984
2001-07-16,6.007970333099365,6.141784662014964,6.007970333099365,6.076242770911724,6003
2001-07-17,6.2510199546813965,6.281059398798805,6.032548011740987,6.032548011740987,9370
2001-07-18,6.054397106170654,6.278330585390888,5.942430557214589,6.089898797166215,10688
2001-07-19,6.259214878082275,6.2810619286525595,6.06532158931822,6.141786838276443,9517
2001-07-20,6.322023391723633,6.414873802581309,6.220980577928533,6.220980577928533,63103
2001-07-23,6.354794502258301,6.393027116230668,6.2237118535514036,6.2237118535514036,34260
2001-07-24,6.180015563964844,6.338407448390757,6.166361308120573,6.335676520960315,10688
2001-07-25,6.322023391723633,6.349332672541796,6.158169613354784,6.180017038009315,13616
2001-07-26,6.554149150848389,6.622421585499893,6.278328865659672,6.362986867655377,42898
2001-07-27,6.390293598175049,6.554146928203042,6.349330075014116,6.554146928203042,23133
2001-07-30,6.349330902099609,6.464027943013736,6.281058100399359,6.387563503276264,9809
2001-07-31,6.278327465057373,6.554147688714664,6.278327465057373,6.417602849872797,14787
2001-08-01,6.551417827606201,6.5541487553321005,6.253750518562897,6.253750518562897,26207
2001-08-02,6.352063179016113,6.68796311639644,6.286521672018781,6.548687318700109,19473
2001-08-03,6.581456184387207,6.690691737515771,6.29471190415505,6.357522461596336,9956
2001-08-06,6.371179580688477,6.371179580688477,6.281059718516982,6.281059718516982,1903
2001-08-07,6.690695285797119,6.690695285797119,6.275599124893008,6.565074104293774,13763
2001-08-08,6.488609790802002,6.685234376136381,6.382104711752182,6.65519492201632,7906
2001-08-09,6.630612373352051,6.685230152110057,6.488605691011775,6.488605691011775,15666
2001-08-10,6.6852312088012695,6.690693063801968,6.584188416520145,6.584188416520145,14641
2001-08-13,6.622420787811279,6.690693214239184,6.554148361383375,6.554148361383375,20351
2001-08-14,6.554149150848389,6.674308452807196,6.218248833372269,6.622421585499893,37774
2001-08-15,6.554149150848389,6.636076224953394,6.502262283541086,6.502262283541086,13030
2001-08-16,6.608767032623291,6.619689980452738,6.526839966898957,6.526839966898957,7613
2001-08-17,6.485877990722656,6.636077528994549,6.322024191622093,6.47222411120206,12445
2001-08-20,6.622420787811279,6.622420787811279,6.4176035085275664,6.567802999192137,5856
2001-08-21,6.622420787811279,6.622420787811279,6.554148361383375,6.575995781877395,4539
2001-08-22,6.581456184387207,6.592379892223211,6.44218043470963,6.529569334781925,3075
2001-08-23,6.502264976501465,6.586923013558912,6.455839945748298,6.581461155515443,2050
2001-08-24,6.567806720733643,6.567806720733643,6.428530861397667,6.551421146078507,7321
2001-08-27,6.3247551918029785,6.567804759476784,6.3247551918029785,6.567804759476784,10542
2001-08-28,6.016164302825928,6.305639297920348,5.893274043067483,6.305639297920348,20205
2001-08-29,6.046203136444092,6.087166676696723,5.906927328369961,6.048934064548136,25915
2001-08-30,6.270138263702393,6.270138263702393,6.007972145437631,6.010703074278567,17569
2001-08-31,6.0707807540893555,6.322023074547408,6.02162481369887,6.270136206212117,29282
2001-09-04,6.346601486206055,6.540494702968989,6.281059596217499,6.322023134469843,7613
2001-09-05,6.220982551574707,6.237367743955884,6.171826211814879,6.215520693678265,24304
2001-09-06,6.185480117797852,6.349333928580611,6.185480117797852,6.305639451935842,4539
2001-09-07,6.103555202484131,6.21825233188442,6.0380132775401405,6.1854819413747455,13909
2001-09-10,6.163633346557617,6.212789301342952,6.010702862096311,6.212789301342952,8785
2001-09-17,5.994621753692627,6.357087669737785,5.994621753692627,6.2706537293324045,14787
2001-09-18,6.220468997955322,6.329208436020526,5.952801970147542,6.329208436020526,11566
2001-09-19,6.30132532119751,6.30132532119751,6.114516239090757,6.161915372492712,21083
2001-09-20,6.083846569061279,6.301325810037479,6.064329346024416,6.301325810037479,13763
2001-09-21,6.128457546234131,6.17864491103691,5.9946236650393345,6.147974768255461,24304
2001-09-24,6.267867088317871,6.27344354867936,6.1619155093762155,6.1619155093762155,8345
2001-09-25,6.4128522872924805,6.4128522872924805,6.203737775764403,6.273442742710038,12738
2001-09-26,6.549472808837891,6.549472808837891,6.41285112943653,6.41285112943653,16398
2001-09-27,6.677731037139893,6.69167218631764,6.4909219740110515,6.5494740219399326,30453
2001-09-28,6.663793563842773,6.688886864655046,6.384973573533989,6.482560492280264,17569
2001-10-01,6.552261829376221,6.691671754931154,6.468616107628543,6.680518836307942,9224
2001-10-02,6.661000728607178,6.688883023071796,6.463039163069814,6.5243798215831985,4978
2001-10-03,6.449099540710449,6.6777312811078335,6.443523080835617,6.661001901483336,38945
2001-10-04,6.5439019203186035,6.55226583578255,6.496502376496136,6.496502376496136,3807
2001-10-05,6.49092435836792,6.543900744703549,6.437948750650236,6.543900744703549,2635
2001-10-08,6.552261829376221,6.552261829376221,6.490921555566163,6.490921555566163,2050
2001-10-09,6.287386894226074,6.440738059954833,6.245564202944628,6.432373365974929,8492
2001-10-10,6.120092868804932,6.440735857963542,5.816179651195508,6.404489252418501,24011
2001-10-11,6.122880935668945,6.122880935668945,5.944436532391318,5.944436532391318,2196
2001-10-12,6.134032249450684,6.134032249450684,5.883094702776687,5.883094702776687,5124
2001-10-15,6.156340599060059,6.164704901870447,5.941649559826334,6.1340347534084865,4685
2001-10-16,6.134032249450684,6.3041123065712155,6.036445382487598,6.064327678170301,12445
2001-10-17,6.128457546234131,6.134033617305311,5.941648459355404,6.134033617305311,13470
2001-10-18,6.125669002532959,6.125669002532959,6.064328720109449,6.064328720109449,3221
2001-10-19,6.203739166259766,6.203739166259766,6.067117820877782,6.13124634255201,14495
2001-10-22,6.175857067108154,6.343148942428613,6.064329409767118,6.064329409767118,18155
2001-10-23,6.270654678344727,6.270654678344727,6.161914497765488,6.267866059312917,6296
2001-10-24,6.203739166259766,6.2706563076903885,6.159127868408988,6.159127868408988,5856
2001-10-25,6.432370185852051,6.437946645748354,6.161914995352109,6.23440819538636,37481
2001-10-26,6.206528663635254,6.552264616303841,6.134035051058887,6.161916970167354,9517
2001-10-29,6.228832721710205,6.543899232264666,6.228832721710205,6.482558556835877,13470
2001-10-30,6.002989292144775,6.228833232962748,5.994624211503254,6.228833232962748,8199
2001-10-31,6.134032249450684,6.156338085996847,5.994622328272334,5.994622328272334,4685
2001-11-01,6.248351097106934,6.343149773998224,6.125670502225142,6.125670502225142,10102
2001-11-02,6.075481414794922,6.273443417639474,6.075481414794922,6.178644761400954,3953
2001-11-05,6.329204082489014,6.329204082489014,6.03923179825714,6.03923179825714,6003
2001-11-06,6.203739166259766,6.203739166259766,6.050388438192898,6.092211505596195,10102
2001-11-07,6.142397880554199,6.301325043785083,6.142397880554199,6.237196532493519,1903
2001-11-08,6.189797401428223,6.301325044039524,6.189797401428223,6.298536814043357,15227
2001-11-09,6.228832721710205,6.273443626538019,6.189797888004206,6.189797888004206,2050
2001-11-12,6.371031284332275,6.384972437089965,6.217680550542326,6.315267451919372,6588
2001-11-13,6.365451812744141,6.412850931085429,6.270653576061564,6.273441415985688,10542
2001-11-14,6.365451812744141,6.412850931085429,6.3152644651699825,6.3152644651699825,9809
2001-11-15,6.396126747131348,6.396126747131348,6.318057053366533,6.318057053366533,7174
2001-11-16,6.398913383483887,6.398913383483887,6.323631550329112,6.368242848406086,11274
2001-11-19,6.45467472076416,6.463039409422384,6.329205948125968,6.329205948125968,6735
2001-11-20,6.468616962432861,6.5522626952340195,6.457464431644687,6.460252661668945,9809
2001-11-21,6.510438919067383,6.510438919067383,6.474192324209706,6.474192324209706,1903
2001-11-23,6.619179725646973,6.619179725646973,6.594086432952858,6.594086432952858,2196
2001-11-26,6.677731037139893,6.677731037139893,6.574568090459878,6.605238618650922,12006
2001-11-27,6.619179725646973,6.7084023116936145,6.608027583681669,6.68888470067328,12298
2001-11-28,6.5132269859313965,6.691671336902547,6.32920578668822,6.691671336902547,8492
2001-11-29,6.6080241203308105,6.6080241203308105,6.315263222936541,6.343145120472027,5417
2001-11-30,6.362668991088867,6.613606720846962,6.351516453987689,6.613606720846962,7028
2001-12-03,6.351511478424072,6.368240465625442,6.351511478424072,6.362664006788728,732
2001-12-04,6.368239402770996,6.368239402770996,6.315263831281342,6.348721800099972,5124
2001-12-05,6.415639877319336,6.552261170164428,6.329205545303062,6.329205545303062,3953
2001-12-06,6.541110515594482,6.541110515594482,6.3598775116193185,6.3598775116193185,1171
2001-12-07,6.4128522872924805,6.482557643546943,6.329206560543015,6.35708885876833,44362
2001-12-10,6.331996440887451,6.3431489730901225,6.329207821200653,6.3347846712653455,2928
2001-12-11,6.4128522872924805,6.4128522872924805,6.4128522872924805,6.4128522872924805,586
2001-12-12,6.2890400886535645,6.471942229875847,6.260900874577483,6.471942229875847,9809
2001-12-13,6.22432279586792,6.2918557538967885,6.22432279586792,6.22432279586792,2196
2001-12-14,6.303110599517822,6.303110599517822,6.238391179620351,6.246832945579877,2635
2001-12-17,6.722381114959717,6.747706419016679,6.23276485619784,6.2468344695628195,14202
2001-12-18,6.767400741577148,6.770214662946116,6.587311738443367,6.750517213363342,26207
2001-12-19,6.711124420166016,6.851818944706946,6.668916377120622,6.753332463211408,52268
2001-12-20,6.682984352111816,6.792726507358649,6.682984352111816,6.7111235677628285,34260
2001-12-21,6.753331661224365,6.826492836729136,6.654845977216639,6.8236789151407935,92531
2001-12-24,6.865884780883789,6.865884780883789,6.612635061226907,6.612635061226907,5417
2001-12-26,6.8236799240112305,6.894027188328392,6.7533326596940695,6.865887968284632,19033
2001-12-27,6.773031711578369,6.863075665376563,6.773031711578369,6.809612706265229,10249
2001-12-28,6.826491832733154,6.851817123303554,6.716750478512104,6.753330667988452,6588
2001-12-31,6.682984352111816,6.857445917563863,6.682984352111816,6.7477037623170295,22401
2002-01-02,6.6886162757873535,6.840566561419383,6.4832026264900104,6.840566561419383,15373
2002-01-03,6.691429138183594,6.865889996617719,6.691429138183594,6.753334654775863,5124
2002-01-04,6.418482303619385,6.753334806740421,6.381901305932525,6.753334806740421,16252
2002-01-07,6.3312506675720215,6.4409924678696875,6.2749730026022315,6.387528332541812,13616
2002-01-08,6.393157482147217,6.4438073092632076,6.319995878620093,6.319995878620093,9224
2002-01-09,6.486013889312744,6.486013889312744,6.401597399060312,6.401597399060312,7613
2002-01-10,6.542293071746826,6.542293071746826,6.40159850414241,6.463504019593258,3075
2002-01-11,6.3199920654296875,6.570428305657404,6.3199920654296875,6.570428305657404,43337
2002-01-14,6.2890400886535645,6.356573023748054,6.232762053397436,6.263715188881126,13030
2002-01-15,6.2749714851379395,6.319993449067719,6.176485005913311,6.224321677492912,13470
2002-01-16,6.227137565612793,6.303112301069889,6.184929117316925,6.190556569912982,19765
2002-01-17,6.2749714851379395,6.2749714851379395,6.16804363323654,6.218693440881567,38945
2002-01-18,6.291853904724121,6.334062334871276,6.246831945936806,6.314365277013833,24304
2002-01-22,6.165229797363281,6.260901963168494,6.165229797363281,6.190554701538993,13616
2002-01-23,6.3312506675720215,6.3312506675720215,6.125836679667235,6.125836679667235,5564
2002-01-24,6.300296306610107,6.331249053743289,6.24401865598543,6.331249053743289,15959
2002-01-25,6.2890400886535645,6.331248123975616,6.20462323221739,6.317178516937575,27671
2002-01-28,6.345320701599121,6.345320701599121,6.274973807808053,6.274973807808053,6442
2002-01-29,6.260904788970947,6.325624236017246,6.2468355660326935,6.274974404805482,14495
2002-01-30,6.471942901611328,6.471942901611328,6.2749711329069235,6.2749711329069235,13616
2002-01-31,6.542293071746826,6.542293071746826,6.2243237261412245,6.263718252218009,22108
2002-02-01,6.477571964263916,6.5704302135109325,6.274971933417991,6.556360996113818,24597
2002-02-04,6.32562255859375,6.471944559989958,6.232764297398742,6.471944559989958,13177
2002-02-05,6.381902694702148,6.398786235770121,6.213069641400397,6.246836330640012,26647
2002-02-06,6.317181587219238,6.42410947398942,6.317181587219238,6.331251201095404,12884
2002-02-07,6.3312506675720215,6.387528332541812,6.3312506675720215,6.387528332541812,6149
2002-02-08,6.528221607208252,6.528221607208252,6.303110598593371,6.387527079487907,25329
2002-02-11,6.542293071746826,6.542293071746826,6.477573633512191,6.542293071746826,3953
2002-02-12,6.736450672149658,6.736450672149658,6.331250918267966,6.331250918267966,17716
2002-02-13,6.8236799240112305,6.8236799240112305,6.725194225442547,6.739263049672189,12006
2002-02-14,6.894029140472412,6.894029140472412,6.694242978966092,6.863075989659444,34553
2002-02-15,7.034726142883301,7.034726142883301,6.82368421715411,6.894031525730507,35578
2002-02-19,6.781472206115723,7.034722055528987,6.764588673276898,7.006582834130946,19619
2002-02-20,6.750519752502441,6.784286821631192,6.6689175736926725,6.764589364639421,16984
2002-02-21,6.654849529266357,6.818054711125177,6.654849529266357,6.722382111848079,12445
2002-02-22,6.860259532928467,6.891211882970939,6.708309346779367,6.753331304019364,17130
2002-02-25,6.753331661224365,6.894026169057222,6.654845977216639,6.894026169057222,12298
2002-02-26,6.668917179107666,6.753333275350118,6.668917179107666,6.753333275350118,15666
2002-02-27,6.80117130279541,6.8039852259395674,6.71394125691164,6.753335395137289,69398
2002-02-28,6.654849529266357,6.823682557305744,6.635152067634373,6.767404881292615,32942
2002-03-01,6.843380451202393,6.843380451202393,6.682988396510091,6.682988396510091,16398
2002-03-04,6.947491645812988,6.978444791092078,6.753333364621113,6.753333364621113,33528
2002-03-05,6.826491832733154,6.964372398699092,6.739261062116008,6.809609091478228,9370
2002-03-06,6.8236799240112305,6.877143656302136,6.812424235993727,6.812424235993727,8931
2002-03-07,6.8518195152282715,6.8518195152282715,6.767402636316242,6.83774990444422,11127
2002-03-08,7.034726142883301,7.034726142883301,6.894031525730507,6.894031525730507,7467
2002-03-11,7.0290937423706055,7.034721586274806,6.908096670014744,7.031907664322706,9370
2002-03-12,7.119138717651367,7.138836174205742,7.000956335702136,7.029094773558904,54757
2002-03-13,7.195752143859863,7.207102045626067,7.104954514469372,7.198589619301414,7467
2002-03-14,7.150350570678711,7.204262583269828,7.093601876109959,7.1588629937194135,6735
2002-03-15,7.3035736083984375,7.3035736083984375,7.00847940508158,7.093602854864423,33528
2002-03-18,7.269525527954102,7.306412707755452,7.269525527954102,7.306412707755452,8199
2002-03-19,7.212777137756348,7.286550708311807,7.195752284773644,7.195752284773644,4978
2002-03-20,7.235476016998291,7.27803735164588,7.204264582888589,7.269524926242465,6588
2002-03-21,7.2780327796936035,7.2780327796936035,7.243983891838437,7.2780327796936035,8931
2002-03-22,7.241149425506592,7.278035802031517,7.207099731142675,7.27519832750119,4246
2002-03-25,7.235476016998291,7.269524926242465,7.20142631538463,7.207101265653574,7467
2002-03-26,7.2780327796936035,7.2780327796936035,7.204260057279243,7.204260057279243,6296
2002-03-27,7.252500534057617,7.32059834941222,7.249663059053721,7.249663059053721,30014
2002-03-28,7.272357940673828,7.334781562973453,7.249658945890602,7.266683786254772,17130
2002-04-01,7.320596218109131,7.320596218109131,7.249660948402578,7.320596218109131,8053
2002-04-02,7.266685485839844,7.334783278485729,7.266685485839844,7.269522167528335,5271
2002-04-03,7.201425075531006,7.269523674664454,7.201425075531006,7.221287398052656,7028
2002-04-04,7.255336284637451,7.269522863915662,7.198586798047558,7.215611644024526,4685
2002-04-05,7.3177618980407715,7.320598580764864,7.269524821450103,7.269524821450103,4832
2002-04-08,7.377345561981201,7.377345561981201,7.26100991526335,7.3319467683652135,5271
2002-04-09,7.360321998596191,7.388695952407357,7.272361077805957,7.388695952407357,3807
2002-04-10,7.439770221710205,7.442607696223822,7.317760402363297,7.36032172769824,8345
2002-04-11,7.405722141265869,7.4426093179806685,7.363160806656741,7.4426093179806685,8345
2002-04-12,7.468142986297607,7.468142986297607,7.365995504797655,7.365995504797655,16398
2002-04-15,7.397211074829102,7.51070850405977,7.383023698082882,7.388697856411822,9077
2002-04-16,7.67243766784668,7.67243766784668,7.119137434483958,7.3915317368522855,18594
2002-04-17,7.502192974090576,7.715001160128999,7.502192974090576,7.715001160128999,2782
2002-04-18,7.448278903961182,7.726347304774607,7.442603957784487,7.714998204790135,10981
2002-04-19,7.391536235809326,7.51638277595373,7.377348858848748,7.377348858848748,4685
2002-04-22,7.405722141265869,7.405722141265869,7.224126109932241,7.37734818231628,22401
2002-04-23,7.4255805015563965,7.4255805015563965,6.980102690340826,7.065225314099326,31917
2002-04-24,7.329111099243164,7.417071234013748,7.15035177014031,7.15035177014031,20205
2002-04-25,7.2780327796936035,7.354643767828966,7.156023010295022,7.263845412933539,2928
2002-04-26,7.1787261962890625,7.192913571332916,7.1787261962890625,7.1787261962890625,3221
2002-04-29,7.363158226013184,7.363158226013184,7.286547216671831,7.334783484638901,3514
2002-04-30,7.354645252227783,7.360320200077193,7.195748297182627,7.195748297182627,22547
2002-05-01,7.54475736618042,7.54475736618042,7.303575132561639,7.377348698786458,15812
2002-05-02,7.717840671539307,7.717840671539307,7.377347642473644,7.377347642473644,9370
2002-05-03,7.729188919067383,7.902272475341934,7.729188919067383,7.732026393385126,18594
2002-05-06,7.575963973999023,7.970367998109279,7.575963973999023,7.956180631982517,102926
2002-05-07,7.658251762390137,7.732026091773663,7.533404482018011,7.533404482018011,2343
2002-05-08,7.4340949058532715,7.7263508044881215,7.354646415761631,7.5816419885421364,25183
2002-05-09,7.340459823608398,7.462470442264253,7.326272450233374,7.351809722308419,7467
2002-05-10,7.263846397399902,7.445443131802495,7.164536401357978,7.377344554493797,43923
2002-05-13,7.241149425506592,7.346134398390032,7.232637001915613,7.263848429379885,38359
2002-05-14,7.363158226013184,7.473818132634465,7.198586310780766,7.23831094870476,59150
2002-05-15,7.377345561981201,7.4340942520934865,7.3319467683652135,7.405719510852741,4832
2002-05-16,7.337623119354248,7.533406515377983,7.33478564438132,7.3773477689752465,22547
2002-05-17,7.377345561981201,7.627040115422939,7.32059607949971,7.422744355597188,20790
2002-05-20,7.272357940673828,7.405717605455163,7.258170573703685,7.405717605455163,19033
2002-05-21,7.235476016998291,7.312087053259541,7.192913889981215,7.292224727318239,6442
2002-05-22,7.354645252227783,7.354645252227783,7.20993566680615,7.238310406053196,13030
2002-05-23,7.320596218109131,7.354645908242728,7.192911464846583,7.351808434064928,14202
2002-05-24,7.0794148445129395,7.337621853009664,7.0737398955464785,7.25249920325137,23865
2002-05-28,7.0794148445129395,7.136163541808237,7.022666147217641,7.0964396914123204,19033
2002-05-29,7.2042670249938965,7.207103708720461,7.016995187376255,7.022670139568896,17569
2002-05-30,7.190073013305664,7.201422114854227,7.08508728693701,7.156023331552904,10834
2002-05-31,7.093602657318115,7.224124906911249,7.093602657318115,7.093602657318115,13030
2002-06-03,6.957408905029297,7.221291009599215,6.957408905029297,7.093606171411818,17130
2002-06-04,7.1787261962890625,7.192913571332916,6.951731365065215,7.192913571332916,17716
2002-06-05,7.082251071929932,7.141837233216331,7.0623887540447425,7.087926019897128,18155
2002-06-06,6.880793571472168,7.068064498382283,6.809857506258893,7.065227024078982,22986
2002-06-07,6.999965667724609,7.093601524157281,6.809857273022375,6.824044644052966,29721
2002-06-10,7.107791423797607,7.164540135739201,6.894983159739501,7.06522929556428,19326
2002-06-11,7.184399127960205,7.198585705084463,6.98577753979087,7.13616207168264,25915
2002-06-12,7.22445821762085,7.27309791093104,7.009870207375362,7.181540935170236,13323
2002-06-13,7.015595436096191,7.227322325953426,7.009873022938169,7.221599912795403,24158
2002-06-14,7.0098700523376465,7.150067517304095,6.938340717171169,7.0098700523376465,27818
2002-06-17,7.284544467926025,7.290266880148757,7.150069378684635,7.150069378684635,14787
2002-06-18,7.336041450500488,7.439044016355613,7.215872456166153,7.215872456166153,32357
2002-06-19,7.439044952392578,7.439044952392578,7.301708713302374,7.3131535330592365,38506
2002-06-20,7.393266201019287,7.5992697530979365,7.307430854989153,7.35607053817461,31332
2002-06-21,7.642184257507324,7.756630799448863,7.424735188621862,7.613572222524104,44069
2002-06-24,8.005559921264648,8.011282333703418,7.439048280794247,7.439048280794247,39677
2002-06-25,8.131449699401855,8.131449699401855,8.002697044400808,8.059920357846133,21962
2002-06-26,8.094254493713379,8.154339010319298,7.682245694990306,7.853915628293471,39677
2002-06-27,8.271649360656738,8.280232979789105,7.856779229904575,8.140035465286747,45241
2002-06-28,8.042753219604492,8.431872356193182,8.031308398117261,8.283091274851566,128255
2002-07-01,7.602132797241211,8.008418346324243,7.524881055142189,8.008418346324243,19765
2002-07-02,7.4876813888549805,7.739464118286478,7.4876813888549805,7.510571018438108,10834
2002-07-03,7.439044952392578,7.453350977088656,7.3360423735768885,7.453350977088656,9370
2002-07-05,7.750913619995117,7.750913619995117,7.496269532884433,7.510575560024631,1757
2002-07-08,7.839606761932373,7.916857676724305,7.53918351931272,7.722298189664168,12152
2002-07-09,7.931161403656006,7.931161403656006,7.813853664312939,7.839604494459499,15666
2002-07-10,7.676523208618164,7.848193939232225,7.676523208618164,7.848193939232225,3367
2002-07-11,7.510573387145996,7.725160536182071,7.324596686120629,7.439044071135312,28843
2002-07-12,7.298851013183594,7.610718506332749,7.052790466240029,7.596412474767087,18008
2002-07-15,6.938338756561279,7.390404282749209,6.86394823704929,7.390404282749209,18155
2002-07-16,7.215874195098877,7.224457810905009,6.9526465063621465,6.9526465063621465,12006
2002-07-17,7.40757417678833,7.479103525207844,7.015593762927496,7.218736984599499,8345
2002-07-18,7.067090034484863,7.370374464606388,7.061367626445151,7.367513260586532,11127
2002-07-19,6.835336685180664,7.235901357253083,6.835336685180664,7.207289309606473,15666
2002-07-22,7.3846845626831055,7.407574209958676,6.906869567776322,6.906869567776322,7613
2002-07-23,7.152928352355957,7.41043362602548,6.949785178839488,7.41043362602548,9370
2002-07-24,7.210153579711914,7.215875991674076,6.480554843496391,7.038483617836176,62956
2002-07-25,7.22445821762085,7.295987554369346,6.921173638048136,6.921173638048136,16984
2002-07-26,7.293123245239258,7.293123245239258,7.152925836835208,7.224455143143312,10981
2002-07-29,7.510573387145996,7.510573387145997,7.152926807092574,7.26451298750699,11566
2002-07-30,7.553492546081543,7.6049934427693655,7.195845876590203,7.195845876590203,18740
2002-07-31,7.2559309005737305,7.630744828374058,7.218736027843557,7.493408561530558,16691
2002-08-01,7.40185022354126,7.5677985329942095,7.224457891881362,7.5677985329942095,2635
2002-08-02,7.152928352355957,7.267374963098822,6.872533436939401,7.267374963098822,48901
2002-08-05,7.052789211273193,7.098567705141073,6.938341778109022,6.938341778109022,7467
2002-08-06,7.267373561859131,7.26737356185913,7.01272954250651,7.150065768516282,9077
2002-08-07,7.439044952392578,7.439044952392578,7.181539703847465,7.267374254031786,5564
2002-08-08,7.696549892425537,7.796691262287896,7.479100722749704,7.596408522563177,34846
2002-08-09,7.636465072631836,7.725160820512658,7.636465072631836,7.665076320691583,9517
2002-08-12,7.685103893280029,7.696548710821079,7.607852173873864,7.607852173873864,2489
2002-08-13,7.416152477264404,7.625017960977841,7.356067995510644,7.450486124411224,11713
2002-08-14,7.673659324645996,7.6965489604705555,7.447626567866301,7.682242938080206,21962
2002-08-15,7.665076732635498,7.725161235685692,7.6250206636007185,7.6250206636007185,67495
2002-08-16,7.853916168212891,7.922585105050297,7.670801400301999,7.693691045914467,35431
2002-08-19,7.839606761932373,7.839606761932373,7.7251593938413405,7.7251593938413405,9224
2002-08-20,7.773802757263184,7.856776111281475,7.71657945142444,7.779525167746674,18448
2002-08-21,7.951198577880859,7.9798106428663536,7.733750079977137,7.825307089937701,21815
2002-08-22,7.908277988433838,7.91113919374172,7.8281650388093125,7.91113919374172,8053
2002-08-23,7.627882957458496,7.911139082988648,7.627882957458496,7.828164929217849,19912
2002-08-26,8.01128101348877,8.01128101348877,7.725163634686524,7.725163634686524,8931
2002-08-27,7.882524490356445,8.011277087928875,7.882524490356445,8.008415883583002,19619
2002-08-28,7.72516393661499,7.951196802542387,7.72516393661499,7.7394699659134965,6149
2002-08-29,7.733745574951172,7.853913780900891,7.733745574951172,7.790968073596156,2928
2002-08-30,7.72516393661499,7.868222631607385,7.72516393661499,7.868222631607385,9809
2002-09-03,7.653634548187256,7.788108811846695,7.653634548187256,7.696551832376598,22401
2002-09-04,7.839606761932373,7.911136067365821,7.5821015819703055,7.5821015819703055,25915
2002-09-05,7.682243347167969,7.8510528223714955,7.682243347167969,7.693688165689697,12738
2002-09-06,7.728020668029785,7.911136139036011,7.725159463826692,7.75091030165453,14495
2002-09-09,7.836747169494629,7.868219622920425,7.725160982631469,7.868219622920425,24743
2002-09-10,7.796690464019775,7.810995687681715,7.582102521139165,7.810995687681715,15959
2002-09-11,7.909144401550293,7.914910448558117,7.6698224504728625,7.871659862190533,120935
2002-09-12,7.75632381439209,7.805341249088477,7.695772676190362,7.736139833257745,7174
2002-09-13,7.894730091094971,7.894730091094972,7.75632719903832,7.75632719903832,6149
2002-09-16,7.730370044708252,7.811105133372759,7.7274874251283405,7.75632086773645,2196
2002-09-17,7.7649736404418945,7.793807897528361,7.733255957646782,7.733255957646782,5417
2002-09-18,7.741903781890869,7.897607110423494,7.741903781890869,7.741903781890869,10688
2002-09-19,7.640984058380127,7.84282133970636,7.640984058380127,7.741902296442818,17862
2002-09-20,7.669817924499512,8.073492509725755,7.640984485669577,8.073492509725755,70862
2002-09-23,7.643871784210205,7.753440356658121,7.640988358345718,7.669821811789289,15373
2002-09-24,7.7707438468933105,8.001414782372642,7.597739840082205,7.640991244385785,39824
2002-09-25,7.992758750915527,8.00140902555258,7.7707382560352825,7.7707382560352825,8931
2002-09-26,8.073498725891113,8.073498725891113,7.828410683727863,8.00141386551342,12298
2002-09-27,7.71307373046875,7.989879411700451,7.707306878342976,7.989879411700451,13177
2002-09-30,7.75632381439209,7.799574397335808,7.713073231448372,7.713073231448372,15959
2002-10-01,7.79957389831543,7.917792741278854,7.741906189679644,7.917792741278854,12884
2002-10-02,7.793808937072754,7.984112643622514,7.785157853591667,7.81975896671055,8638
2002-10-03,7.788037300109863,7.984108563857875,7.788037300109863,7.811104697068678,20205
2002-10-04,7.71307373046875,7.819758884392845,7.71307373046875,7.788041197701091,13616
2002-10-07,7.71307373046875,7.736140333770487,7.71307373046875,7.71307373046875,2489
2002-10-08,7.785153865814209,7.937973760074511,7.713069860809415,7.713069860809415,20790
2002-10-09,7.640984058380127,7.816870521529802,7.640984058380127,7.7851528548695645,11127
2002-10-10,7.776509761810303,7.8428277685331516,7.583322594852569,7.583322594852569,16984
2002-10-11,8.001412391662598,8.001412391662598,7.669822417084298,7.669822417084298,9077
2002-10-14,7.842828273773193,7.969697442181071,7.842828273773193,7.85436198093783,3075
2002-10-15,7.886077880859375,7.9869970006846085,7.796692466751478,7.8918447337180435,22547
2002-10-16,7.776509761810303,7.8860783624127455,7.776509761810303,7.8860783624127455,11566
2002-10-17,7.831294059753418,7.926445527300174,7.785159234080799,7.926445527300174,7028
2002-10-18,7.741903781890869,7.9293239779684335,7.741903781890869,7.86588943767755,9809
2002-10-21,7.615036487579346,7.788039600263073,7.615036487579346,7.785156174791618,7321
2002-10-22,7.67270565032959,7.684239354407879,7.655405094212157,7.6698222243100185,10981
2002-10-23,7.67270565032959,7.736140217558833,7.551603367910249,7.672705650329591,11566
2002-10-24,7.496819019317627,7.741907008233239,7.496819019317627,7.733256730243087,12445
2002-10-25,7.739025592803955,7.785159615535525,7.583322964134329,7.583322964134329,14495
2002-10-28,7.782273769378662,7.837058860517243,7.649637790708903,7.785157195228061,10249
2002-10-29,7.906258583068848,7.998526580093577,7.635219832056594,7.635219832056594,27964
2002-10-30,8.070616722106934,8.070616722106934,7.998531849020773,8.001415276152285,7321
2002-10-31,7.906258583068848,8.073494830926872,7.701537807193611,8.067727980462687,14348
2002-11-01,8.211899757385254,8.214783183363746,7.888960073800763,8.050430318193674,21669
2002-11-04,8.301289558410645,8.301289558410645,8.096568621009741,8.223437820919912,7906
2002-11-05,8.301289558410645,8.361840730858601,8.211904110891394,8.361840730858601,14495
2002-11-06,8.315705299377441,8.347422191427457,7.940863812411627,8.30128816426306,24450
2002-11-07,8.036011695861816,8.330117870241637,8.036011695861816,8.30705046669775,21815
2002-11-08,8.007177352905273,8.275332695333518,8.007177352905273,8.27244926992241,14055
2002-11-11,7.718841552734375,8.064848733855996,7.718841552734375,7.986997822654982,20497
2002-11-12,8.038893699645996,8.283981598151858,7.857240344466395,7.857240344466395,21815
2002-11-13,8.044663429260254,8.142699116689581,7.868776843379928,8.134049643129456,20351
2002-11-14,8.347419738769531,8.347419738769531,8.08503117758988,8.142698895901724,24011
2002-11-15,8.36760425567627,8.500240257813312,8.350303697518887,8.361837402957143,7174
2002-11-18,8.361835479736328,8.419503188462595,8.361835479736328,8.361835479736328,6588
2002-11-19,8.327234268188477,8.433919396913927,8.28974973822466,8.28974973822466,1757
2002-11-20,8.514654159545898,8.514654159545898,8.240731980106503,8.358950805598985,8199
2002-11-21,8.693426132202148,8.693426132202148,8.517538760489948,8.517538760489948,5710
2002-11-22,8.650174140930176,8.693424717736391,8.376251942354696,8.693424717736391,13909
2002-11-25,8.650174140930176,8.73955952521096,8.592506436788158,8.592506436788158,19912
2002-11-26,8.842784881591797,8.864986694485012,8.59539003140543,8.864986694485012,5457
2002-11-27,9.182162284851074,9.182162284851074,8.849130963575462,8.849130963575462,9583
2002-11-29,9.248766899108887,9.51202019771919,9.198019090957219,9.198019090957219,6123
2002-12-02,9.324891090393066,9.515194825870172,9.248769757242522,9.248769757242522,23559
2002-12-03,9.12507152557373,9.315375245131172,9.12189983717451,9.201192852356423,12378
2002-12-04,8.747635841369629,9.223395590274004,8.72226233164737,9.125072434898748,9184
2002-12-05,8.604903221130371,8.84595464373713,8.541468678612858,8.84595464373713,4259
2002-12-06,8.639796257019043,8.795211409641613,8.490725286619075,8.617594437445012,3860
2002-12-09,8.341653823852539,8.655655829384191,8.341653823852539,8.655655829384191,7853
2002-12-10,8.50024127960205,8.563675861936291,8.325795976882505,8.389230559216745,6788
2002-12-11,8.53540325164795,8.53540325164795,8.442697064697354,8.53540325164795,3594
2002-12-12,8.560975074768066,8.596139170824118,8.439497483453845,8.442694219458941,4792
2002-12-13,8.471467018127441,8.647289978222275,8.471467018127441,8.647289978222275,5324
2002-12-16,8.72721004486084,8.72721004486084,8.369169838520808,8.644093264053858,6655
2002-12-17,8.318020820617676,8.704830789772693,8.318020820617676,8.589746657622687,11713
2002-12-18,8.385154724121094,8.433105778861725,8.2157252293559,8.311628961958249,9583
2002-12-19,8.602537155151367,8.660080056546844,8.532208114589048,8.650489843501173,15573
2002-12-20,8.631305694580078,8.663273872177102,8.199740572163163,8.660077135573445,34606
2002-12-23,8.711223602294922,8.711223602294922,8.47146514707983,8.47146514707983,12645
2002-12-24,8.602537155151367,8.663276794228736,8.57376651601435,8.660080056546844,4259
2002-12-26,8.484254837036133,8.711225587948448,8.391547845313807,8.631306355179916,6389
2002-12-27,8.52261734008789,8.615324349876788,8.311630232300402,8.394746218114745,13044
2002-12-30,8.183753967285156,8.474660140597061,8.183753967285156,8.474660140597061,8385
2002-12-31,8.03670597076416,8.286054715530115,8.03670597076416,8.183758314831639,27286
2003-01-02,8.30843734741211,8.314830825319325,7.9919553216386605,8.266878929454162,39398
2003-01-03,8.231709480285645,8.305236059064754,8.186955159450394,8.263677663871423,15573
2003-01-06,8.391547203063965,8.503434607312878,8.23170793819974,8.23170793819974,13576
2003-01-07,8.334009170532227,8.51622567990742,8.202941283157921,8.51622567990742,14242
2003-01-08,8.183753967285156,8.37236379424261,8.183753967285156,8.234901734682303,9983
2003-01-09,8.167773246765137,8.183757743011643,8.094247485649124,8.183757743011643,15839
2003-01-10,8.03350830078125,8.16777286905558,8.03350830078125,8.15498592189812,10116
2003-01-13,8.01752758026123,8.126217482833948,7.998346340874802,8.116628080481926,15573
2003-01-14,8.039900779724121,8.183756352130317,7.8960460188783195,8.068672218829517,69478
2003-01-15,8.145394325256348,8.231707015440053,8.03990040604043,8.084655525035116,27286
2003-01-16,8.081459045410156,8.18375623162913,7.9120295843476,8.107032936184709,61892
2003-01-17,8.116626739501953,8.199742724575238,8.071871603742187,8.170971276029439,11180
2003-01-21,8.228510856628418,8.231707593098058,8.08145935590418,8.231707593098058,7454
2003-01-22,8.218921661376953,8.308431916692623,8.183757555871916,8.308431916692623,15839
2003-01-23,8.321222305297852,8.391551356952238,8.154989484939671,8.154989484939671,15440
2003-01-24,8.065476417541504,8.318022705152355,8.052689469196794,8.314825968066177,12778
2003-01-27,8.023918151855469,8.129411278272821,7.995146708970372,8.129411278272821,13310
2003-01-28,8.132606506347656,8.247690621932596,8.027112598468083,8.071867712653397,26088
2003-01-29,8.161380767822266,8.161380767822266,8.071871311108428,8.09744520972363,10515
2003-01-30,8.10383415222168,8.19973784151479,8.100637416682588,8.16137620348551,15706
2003-01-31,8.148591041564941,8.15178777780243,8.087852241492316,8.087852241492316,6256
2003-02-03,8.084657669067383,8.218922250097735,8.071870720695077,8.151789959582558,11314
2003-02-04,8.119820594787598,8.186952868818095,8.059080981812931,8.110229574302922,9051
2003-02-05,8.071869850158691,8.180560522722342,8.068673113410377,8.123017638131719,11047
2003-02-06,8.023918151855469,8.129411278272821,8.023918151855469,8.059082256807752,10382
2003-02-07,8.043098449707031,8.084656839211805,7.991949849907423,8.036704976177141,14242
2003-02-10,8.199739456176758,8.218919873188245,8.081458594818582,8.100639011830069,20231
2003-02-11,8.228510856628418,8.231707593098058,8.046295254738148,8.071869146495262,13709
2003-02-12,8.075066566467285,8.119821692390882,8.023917967063241,8.110230670609733,21030
2003-02-13,8.228510856628418,8.231707593098058,8.075065882964902,8.078262619434541,19033
2003-02-14,8.266873359680176,8.321218696837594,8.151789211765703,8.151789211765703,12511
2003-02-18,8.298839569091797,8.308430589712765,8.16457501912285,8.16457501912285,5457
2003-02-19,8.062278747558594,8.228511491486513,8.027114643679528,8.215724544621398,22627
2003-02-20,8.087855339050293,8.15179089984701,8.075068389203082,8.135807212537996,13310
2003-02-21,8.222118377685547,8.231708588253854,8.132608934154167,8.132608934154167,5990
2003-02-24,8.116626739501953,8.158184326258265,8.02711646798242,8.097445503284533,16105
2003-02-25,8.190152168273926,8.19334890558246,8.078264739353928,8.113429661308446,8785
2003-02-26,8.1869535446167,8.295643399624401,8.135804947904607,8.231707856624395,6522
2003-02-27,8.340399742126465,8.340399742126465,8.22531558559503,8.22531558559503,5723
2003-02-28,8.081459045410156,8.311627308622656,8.081459045410156,8.311627308622656,8119
2003-03-03,8.14219856262207,8.15818224575988,8.039901367419178,8.135805089366945,13177
2003-03-04,8.27966022491455,8.308431667388593,8.087853584142726,8.148592394298495,8119
2003-03-05,8.27966022491455,8.27966022491455,8.071869900301865,8.071869900301865,6389
2003-03-06,8.132606506347656,8.311626151528644,8.129408958885596,8.23490286676517,4126
2003-03-07,8.154985427856445,8.222117707926634,8.110230303956172,8.110230303956172,5990
2003-03-10,8.091052055358887,8.1965460144439,8.071871630638217,8.1965460144439,10781
2003-03-11,8.231709480285645,8.247693977858834,8.033509339047738,8.062279973870398,12511
2003-03-12,8.299394607543945,8.299394607543945,8.186588007627307,8.186588007627307,4126
2003-03-13,8.47988224029541,8.47988224029541,8.28327551765721,8.331621647678604,11713
2003-03-14,8.363853454589844,8.383192401235691,8.31550813355875,8.383192401235691,6256
2003-03-17,8.37997055053711,8.52500817035934,8.141463660530045,8.389639616094122,27552
2003-03-18,8.312288284301758,8.379972577808458,8.28005723974757,8.344518510622224,5191
2003-03-19,8.338071823120117,8.344517867887706,8.18658813461448,8.26716451244299,6123
2003-03-20,8.283276557922363,8.379968830108366,8.057661801643928,8.218815315876146,15972
2003-03-21,8.376751899719238,8.444436212169888,8.057667660436808,8.444436212169888,30214
2003-03-24,8.321954727172852,8.357407964942217,8.228485463859412,8.357407964942217,3061
2003-03-25,8.283276557922363,8.321953630443435,8.20270020992293,8.321953630443435,5590
2003-03-26,8.189807891845703,8.379969428608465,8.189807891845703,8.283277149516667,36469
2003-03-27,8.254271507263184,8.254271507263184,8.186587226478053,8.18980943027075,15040
2003-03-28,8.202701568603516,8.251047712704484,8.193031685196528,8.193031685196528,6123
2003-03-31,8.138240814208984,8.218817180488871,8.10278675483505,8.186586961270333,17436
2003-04-01,8.296168327331543,8.296168327331543,8.138238658526534,8.218815003463103,22494
2003-04-02,8.518561363220215,8.518561363220215,8.234931374465855,8.292946580842122,7720
2003-04-03,8.263937950134277,8.508890819309709,8.26071492913109,8.508890819309709,5590
2003-04-04,8.309063911437988,8.47343967542857,8.309063911437988,8.47343967542857,5590
2003-04-07,8.521784782409668,8.525007804123543,8.354185198587658,8.354185198587658,5856
2003-04-08,8.515341758728027,8.515341758728027,8.270388748673247,8.270388748673247,2928
2003-04-09,8.508893013000488,8.576577289750508,8.234932065932773,8.47666197642578,12778
2003-04-10,8.605586051940918,8.653932206482226,8.508894561091969,8.515340605932987,7853
2003-04-11,8.412202835083008,8.547572240828245,8.412202835083008,8.547572240828245,5723
2003-04-14,8.602362632751465,8.686162848286907,8.421871749060431,8.421871749060431,11979
2003-04-15,8.48633098602295,8.818306291909527,8.48633098602295,8.602360578333068,14641
2003-04-16,8.734509468078613,8.789301667866283,8.586247980937365,8.586247980937365,10382
2003-04-17,8.705498695373535,8.87954430704051,8.576576201894314,8.702275673948225,6788
2003-04-21,8.860209465026855,8.860209465026855,8.750625059451092,8.750625059451092,932
2003-04-22,8.944003105163574,8.985903190454952,8.673265288390876,8.673265288390876,6123
2003-04-23,8.863429069519043,8.944005422199798,8.86020604814115,8.863429069519043,4126
2003-04-24,8.689383506774902,8.782851945465938,8.563684035899556,8.637814346220045,6123
2003-04-25,8.65392780303955,8.760289125263071,8.65392780303955,8.744174021360493,3328
2003-04-28,8.831198692321777,8.860206705107112,8.692607126329248,8.721615139114583,3993
2003-04-29,8.682939529418945,8.863431225178287,8.682939529418945,8.850538318297646,3727
2003-04-30,8.676490783691406,8.850536397351869,8.576576300128984,8.576576300128984,8785
2003-05-01,8.815085411071777,8.853762496723157,8.689385905496836,8.7506241471419,11713
2003-05-02,8.460545539855957,8.863428933545942,8.460545539855957,8.863428933545942,10648
2003-05-05,8.547572135925293,8.641040609685176,8.486333888208916,8.486333888208916,9849
2003-05-06,8.70227336883545,8.70227336883545,8.599135074078625,8.599135074078625,5590
2003-05-07,8.537900924682617,8.734508545966744,8.428316536676224,8.621701135856254,24757
2003-05-08,8.44443130493164,8.515338599710685,8.405754226764218,8.515338599710685,35804
2003-05-09,8.476662635803223,8.476662635803223,8.460547525379075,8.460547525379075,5324
2003-05-12,8.483109474182129,8.48633249625783,8.412201352049527,8.476662611797144,8652
2003-05-13,8.47021770477295,8.486333635548604,8.466994682264557,8.486333635548604,9051
2003-05-14,8.44443130493164,8.486331404760225,8.412200270086542,8.412200270086542,7454
2003-05-15,8.45088005065918,8.541125504263706,8.447657027967365,8.489557141194682,8252
2003-05-16,8.412202835083008,8.508895150867644,8.412202835083008,8.415425857726914,11846
2003-05-19,8.412202835083008,8.460548992975326,8.412202835083008,8.460548992975326,7986
2003-05-20,8.428314208984375,8.476660345427376,8.428314208984375,8.428314208984375,32343
2003-05-21,8.428314208984375,8.489553248516643,8.428314208984375,8.428314208984375,3993
2003-05-22,8.460545539855957,8.476660646498207,8.428314508338065,8.428314508338065,4659
2003-05-23,8.48633098602295,8.48633098602295,8.428314962517737,8.428314962517737,4392
2003-05-27,8.70227336883545,8.70227336883545,8.428312529085506,8.428312529085506,30081
2003-05-28,8.860209465026855,8.863432487647689,8.682940766179879,8.682940766179879,22627
2003-05-29,9.05036449432373,9.053587514893298,8.834418843229951,8.863426846589253,15839
2003-05-30,9.514490127563477,9.514490127563477,9.085821660080533,9.085821660080533,13443
2003-06-02,9.453253746032715,9.669199551802723,9.404908402860729,9.52093804470728,16771
2003-06-03,9.176061630249023,9.533821733089406,9.063254302157048,9.533821733089406,7720
2003-06-04,9.114826202392578,9.3791171759027,9.114826202392578,9.185733476878227,11314
2003-06-05,9.124496459960938,9.308211120836662,9.124496459960938,9.25019592170573,5191
2003-06-06,9.1212797164917,9.250202288128017,9.1212797164917,9.211525189343558,5723
2003-06-09,8.895660400390625,9.172844364864536,8.895660400390625,9.121275198108913,8385
2003-06-10,9.250198364257812,9.250198364257812,8.898884055545293,8.898884055545293,6389
2003-06-11,9.10733413696289,9.285908540340793,9.013175944968227,9.110580914323785,15307
2003-06-12,8.941750526428223,9.18526224831048,8.93850374743058,9.18526224831048,4392
2003-06-13,8.847589492797852,9.120322963791342,8.847589492797852,9.039151865955485,13576
2003-06-16,8.928762435913086,9.009932726259624,8.847591321301849,8.883306710642557,30746
2003-06-17,9.071623802185059,9.110585976428666,8.84434596358287,8.847592742747768,28617
2003-06-18,8.834604263305664,9.084609517497562,8.8216171486494,9.029414280208439,7321
2003-06-19,8.815120697021484,9.000189492903065,8.815120697021484,9.000189492903065,49646
2003-06-20,8.815120697021484,8.928759561481751,8.815120697021484,8.919019228687631,8785
2003-06-23,8.766417503356934,8.92551206565193,8.766417503356934,8.815119987672901,31279
2003-06-24,8.7826509475708,9.02941013405568,8.7826509475708,8.860575248256268,52308
2003-06-25,8.733954429626465,8.87681519559172,8.733954429626465,8.782656944744964,9051
2003-06-26,8.896295547485352,8.896295547485352,8.688499201293613,8.733954111099244,7454
2003-06-27,8.672264099121094,9.02941557316309,8.672264099121094,8.89629515608028,10914
2003-06-30,8.493687629699707,8.863826170381106,8.461219842784931,8.863826170381106,52308
2003-07-01,8.678756713867188,8.70148416314072,8.487193487217372,8.604079160581989,16904
2003-07-02,8.78914737701416,8.977462145529243,8.646286675265676,8.646286675265676,18501
2003-07-03,8.743693351745605,8.795642632943855,8.535896226952604,8.652781903582497,6123
2003-07-07,9.110583305358887,9.380069194096022,8.7956416973752,8.798888475588196,31145
2003-07-08,9.256692886352539,9.415787541646798,9.013181146691544,9.204743594332681,17835
2003-07-09,9.13006591796875,9.269679883638194,9.045648017933317,9.13980625468097,18368
2003-07-10,9.029412269592285,9.253442420321242,8.964475062241391,9.081360716649769,9317
2003-07-11,9.188508987426758,9.269680110545057,8.983959438668803,9.156040373326482,11180
2003-07-14,9.324872016906738,9.34435350810251,9.224220255899475,9.328118794728619,11180
2003-07-15,9.308639526367188,9.33461457710932,9.19500063699881,9.19500063699881,21695
2003-07-16,9.43202018737793,9.539165536447625,9.30864094428699,9.30864094428699,16771
2003-07-17,9.185260772705078,9.496955627729042,9.18201399422903,9.435266012419458,17702
2003-07-18,9.43202018737793,9.46448797542042,9.17876814358755,9.18526170119605,9849
2003-07-21,9.253446578979492,9.305395873648402,9.091105136172256,9.12357375443966,16771
2003-07-22,9.211231231689453,9.289154707496477,9.091098828699144,9.152788418768106,27685
2003-07-23,9.214481353759766,9.477474519506393,9.094349731425137,9.1820135704976,16105
2003-07-24,9.28591251373291,9.28591251373291,9.068375864677146,9.07486942217749,34340
2003-07-25,9.350848197937012,9.578126814392634,9.21772863083019,9.409291859500359,27286
2003-07-28,9.367085456848145,9.578129413804957,9.305395824305595,9.415787971858554,8518
2003-07-29,9.448254585266113,9.659298515856038,9.263185710760146,9.659298515856038,6522
2003-07-30,9.383318901062012,9.578128951704974,9.165782220099144,9.318382492269306,10781
2003-07-31,9.308639526367188,9.620334365420497,9.285911253934744,9.383316251754671,24357
2003-08-01,9.276174545288086,9.399553817817495,9.156042052337613,9.399553817817495,11979
2003-08-04,9.198248863220215,9.237211033334209,9.094351116690802,9.12357212607774,7454
2003-08-05,9.139806747436523,9.227471431102307,9.123572852040937,9.227471431102307,9184
2003-08-06,9.156039237976074,9.363836364215484,9.094350444938058,9.094350444938058,8918
2003-08-07,9.178768157958984,9.334616013601169,9.156039882028917,9.15928748510299,11713
2003-08-08,9.14954662322998,9.276172649458976,9.14954662322998,9.237211302474526,10116
2003-08-11,9.217728614807129,9.227469774560527,9.123571214151324,9.188507608340911,2263
2003-08-12,9.367085456848145,9.37033223623118,9.156041499891332,9.156041499891332,7720
2003-08-13,9.269674301147461,9.328116286225171,9.263179922985671,9.328116286225171,3061
2003-08-14,9.406044960021973,9.406044960021973,9.331367406909646,9.331367406909646,1997
2003-08-15,9.380069732666016,9.448252903318382,9.36058906226952,9.36058906226952,4126
2003-08-18,9.617091178894043,9.626831517460927,9.396306874318329,9.4255287142839,8652
2003-08-19,9.740470886230469,9.740470886230469,9.506699453078545,9.659300570266868,12911
2003-08-20,9.964499473571777,9.964499473571777,9.691765928752154,9.691765928752154,13310
2003-08-21,9.89955997467041,10.09436995806145,9.766440423813878,9.886573686512785,10382
2003-08-22,9.350848197937012,9.996966186724439,9.279418246630765,9.695011664725342,35138
2003-08-25,9.259940147399902,9.367085516249285,9.250199809189029,9.334617722213043,20631
2003-08-26,9.545658111572266,9.68851801278489,9.253443927942213,9.256690706412288,8652
2003-08-27,9.785923957824707,9.785923957824707,9.65280437920257,9.7404682306015,13177
2003-08-28,9.720988273620605,9.948265277940623,9.711247936555221,9.720988273620605,3328
2003-08-29,9.730730056762695,9.990475714166067,9.548907931727353,9.746963954284176,3194
2003-09-02,10.065152168273926,10.065152168273926,9.3540975867597,9.789172621540754,9051
2003-09-03,9.902807235717773,10.065148621705879,9.779428837425503,9.99696545389967,7321
2003-09-04,9.772932052612305,9.977481488462264,9.5878624556463,9.977481488462264,19566
2003-09-05,9.415788650512695,10.058660081603072,9.415788650512695,9.746964292776562,4525
2003-09-08,10.058656692504883,10.058656692504883,9.519683215023273,9.545658267472755,13976
2003-09-09,10.04891300201416,10.04891300201416,9.93527413379437,9.938520911499825,6389
2003-09-10,9.896315574645996,9.993719757370346,9.691765224821948,9.93852369664518,14508
2003-09-11,10.125316619873047,10.135131840952685,9.771993576950623,9.771993576950623,10515
2003-09-12,10.115509033203125,10.128594896069123,9.66076865435337,10.125323430352623,5058
2003-09-15,9.834158897399902,10.125323500855961,9.807987171485673,10.118780569377403,3061
2003-09-16,10.122048377990723,10.13186277166259,9.785083375931212,9.804712163274946,13709
2003-09-17,10.059894561767578,10.122053248799048,9.814531279773247,9.92249132317847,8652
2003-09-18,10.08932876586914,10.125315691778598,9.781807901422006,9.781807901422006,7853
2003-09-19,10.105690002441406,10.128590251956789,9.978100406403568,10.001001486450614,11180
2003-09-22,9.994462013244629,10.122050822860063,9.755641720751138,9.870144668976671,20098
2003-09-23,10.09260368347168,10.128589788205323,9.801439228877715,10.076245532606581,4525
2003-09-24,10.046802520751953,10.125318490171745,10.017358513137257,10.023901441377937,18368
2003-09-25,9.824345588684082,10.112238758298384,9.785087995463137,10.04353713962959,20897
2003-09-26,9.487380027770996,9.837431038568257,9.457936003563837,9.824345174712677,15173
2003-09-29,9.863595962524414,9.863595962524414,9.271452776049069,9.487372684675513,17835
2003-09-30,9.510274887084961,9.932299570415596,9.487374638346477,9.788353488710431,17436
2003-10-01,10.135133743286133,10.135133743286133,9.507003494459878,9.732737841562985,26753
2003-10-02,10.135133743286133,10.141675841014683,9.997729758227228,10.08606012027143,11047
2003-10-03,9.94538402557373,10.223462588019071,9.935569634640045,10.13840287219743,23159
2003-10-06,9.94865608215332,10.010814725636136,9.863597191793728,10.010814725636136,13842
2003-10-07,9.893041610717773,9.948656498316376,9.87995492428062,9.932299178434434,13443
2003-10-08,9.575705528259277,9.879955859521878,9.529904197722663,9.847241216661212,21695
2003-10-09,9.61823844909668,9.778541911086926,9.510278432306878,9.700025912754317,8785
2003-10-10,9.46447467803955,9.601877847778582,9.327071508300518,9.510276011463139,33674
2003-10-13,9.781815528869629,9.781815528869629,9.41540637975791,9.41540637975791,14907
2003-10-14,9.883230209350586,9.883230209350586,9.693482733764338,9.696754199005554,9051
2003-10-15,9.85705280303955,9.889767436585775,9.520087094324788,9.889767436585775,3993
2003-10-16,9.93229866027832,9.93229866027832,9.654220914665888,9.683664088917368,3860
2003-10-17,9.67058277130127,10.115507871366743,9.67058277130127,9.965018804628402,14109
2003-10-20,9.650954246520996,9.781814524838763,9.60188060398687,9.706569158853872,6788
2003-10-21,9.680395126342773,9.814526838097509,9.552806343890047,9.722924997337607,13709
2003-10-22,9.242011070251465,9.726194379168696,9.196209744413771,9.726194379168696,21962
2003-10-23,9.222382545471191,9.487375309418445,9.17658204475461,9.189667902102205,32476
2003-10-24,9.297629356384277,9.402317062249494,9.192940819987236,9.192940819987236,11180
2003-10-27,9.61823844909668,9.61823844909668,9.421947207467241,9.49392110568174,12245
2003-10-28,10.108962059020996,10.108962059020996,9.549534170436127,9.549534170436127,14774
2003-10-29,10.566977500915527,10.566977500915527,9.762186108409677,9.857060278709914,38466
2003-10-30,10.619321823120117,10.795983470482776,10.524448483009774,10.524448483009774,14375
2003-10-31,10.550614356994629,10.82215002436936,10.540799964896436,10.707646291628938,11979
2003-11-03,10.910484313964844,10.959557122664453,10.612776827087924,10.717465374909501,37135
2003-11-04,10.894121170043945,11.002081125422079,10.828691070230539,10.828691070230539,6921
2003-11-05,11.047890663146973,11.054433595434423,10.704381734862928,10.822157007633486,6522
2003-11-06,11.074055671691895,11.074055671691895,10.85813573130814,11.002082635074505,13310
2003-11-07,11.35867977142334,11.384852321132673,10.86141046279621,11.054429383325758,17569
2003-11-10,11.289978981018066,11.718546726753088,11.155847249629986,11.401210456497122,20631
2003-11-11,10.871227264404297,11.767621302674959,10.831969676946324,11.728362884684968,11447
2003-11-12,11.5680570602417,11.607315473082124,10.874497303606912,11.440469087207113,13709
2003-11-13,11.437192916870117,11.561510213128889,11.339048163815717,11.532067036372055,20231
2003-11-14,11.152575492858887,11.476454684905093,11.04461548533286,11.476454684905093,13976
2003-11-17,10.845052719116211,11.002085519706908,10.52444501892515,10.969370041467753,21695
2003-11-18,10.609503746032715,10.936654369984698,10.586603493042203,10.854866921629649,10116
2003-11-19,11.106776237487793,11.106776237487793,10.609506813113457,10.609506813113457,12511
2003-11-20,11.02171516418457,11.231091417365421,10.92029808735298,11.034801024283649,11314
2003-11-21,11.280159950256348,11.289974341612888,11.04133977178765,11.20164398887247,11314
2003-11-24,11.443735122680664,11.56478010789818,11.1918282697306,11.1918282697306,29016
2003-11-25,11.496085166931152,11.548429445874977,11.28016595063637,11.447013184045062,18634
2003-11-26,11.796405792236328,11.875576228446556,11.418547080899268,11.87197836503546,11979
2003-11-28,11.778417587280273,11.861186748593461,11.594885788165806,11.695648425967084,11011
2003-12-01,11.983539581298828,11.983539581298828,11.69564730715737,11.69564730715737,5566
2003-12-02,11.904369354248047,12.13828286969962,11.853988454453598,11.979941949737674,10890
2003-12-03,11.447336196899414,11.882774026346272,11.339377035953259,11.605677905315158,22385
2003-12-04,11.598482131958008,11.641665636242264,11.285398196136738,11.306990363544799,9075
2003-12-05,11.213422775268555,11.6272684108301,11.213422775268555,11.616473159929964,9922
2003-12-08,11.494119644165039,11.515711809364213,11.155845711505108,11.353772231433972,9196
2003-12-09,11.249406814575195,11.490516746160576,11.213419885742388,11.490516746160576,7139
2003-12-10,11.18104076385498,11.245816453211955,11.069482032355904,11.13785641726227,28556
2003-12-11,11.692231178283691,11.717609906109935,11.239043793586537,11.510956224404831,17545
2003-12-12,11.964146614074707,11.964146614074707,11.36594024560586,11.753868169028115,12100
2003-12-15,11.344184875488281,11.964144327748622,11.344184875488281,11.964144327748622,13310
2003-12-16,11.202788352966309,11.583465919544052,11.123027474486562,11.336932219086139,20812
2003-12-17,11.133907318115234,11.148409452380701,11.039644282115662,11.130281784548869,8712
2003-12-18,11.199162483215332,11.239042499911871,10.985257761038607,11.104899484579477,10769
2003-12-19,11.072274208068848,11.14840957708825,10.876497066746978,10.912752402816201,26741
2003-12-22,11.108526229858398,11.13027942664828,10.847491215282947,10.876494640943676,6534
2003-12-23,11.239043235778809,11.282548787453125,10.963505286089202,11.101273842571166,12584
2003-12-24,11.195540428161621,11.195540428161621,11.133907194941193,11.195540428161621,2662
2003-12-26,11.094022750854492,11.177409995085002,11.094022750854492,11.177409995085002,968
2003-12-29,11.565336227416992,11.565336227416992,11.191910628115435,11.28617362009049,12100
2003-12-30,11.293427467346191,11.365938128052315,11.007012867734506,11.184663149738673,17182
2003-12-31,10.949003219604492,11.307927579066387,10.949003219604492,11.2934254495163,18997
2004-01-02,11.097651481628418,11.282551161050133,11.061396150334442,11.239045600223216,4235
2004-01-05,11.380444526672363,11.474707591133814,11.057775288742514,11.195543932410523,14157
2004-01-06,11.257169723510742,11.474699132645783,11.05776713759276,11.23904206356809,13794
2004-01-07,11.239043235778809,11.521832250201747,11.119401504404497,11.358684967153119,6655
2004-01-08,11.329687118530273,11.507336631559246,11.202794250626942,11.507336631559246,13189
2004-01-09,10.949003219604492,11.275297787578694,10.949003219604492,11.275297787578694,11858
2004-01-12,11.177410125732422,11.289799956688034,10.91637430309326,11.289799956688034,3146
2004-01-13,11.094022750854492,11.191912124516394,10.883744384276328,11.083146990506625,6292
2004-01-14,11.094022750854492,11.228166611369199,11.050517199285991,11.228166611369199,13794
2004-01-15,11.021516799926758,11.420322152040605,10.912752464555682,11.420322152040605,10769
2004-01-16,10.872867584228516,11.387688149078247,10.814859904311508,11.220915337181893,15125
2004-01-20,11.036017417907715,11.057770616683074,10.767731313248374,11.007013152873903,16456
2004-01-21,11.057771682739258,11.065022749696771,10.876496682253308,10.876496682253308,9922
2004-01-22,10.767732620239258,11.075899626725501,10.756855182805417,11.075899626725501,13068
2004-01-23,10.872867584228516,10.876493116518683,10.724222433782996,10.865616519648182,17666
2004-01-26,11.086769104003906,11.11214866132356,10.785853335289213,10.872865254886609,13915
2004-01-27,10.811236381530762,11.133905468428217,10.79673424967455,11.123028869536059,11495
2004-01-28,10.887373924255371,10.923628424453387,10.774983216516953,10.923628424453387,7502
2004-01-29,10.901877403259277,10.912754005677595,10.637215921258468,10.75685687440779,12221
2004-01-30,10.789484024047852,10.981635612656088,10.622711168164521,10.745978461816753,9680
2004-02-02,10.727848052978516,10.872868520345296,10.666215672190665,10.822111063912917,6050
2004-02-03,10.655342102050781,10.73510301150297,10.521199020566751,10.524824554483944,9317
2004-02-04,10.155022621154785,10.633588875918539,10.151397087530592,10.517572636670302,23474
2004-02-05,10.49944019317627,10.535695512928504,10.242029933112175,10.329042700517537,9317
2004-02-06,10.622709274291992,10.622709274291992,10.387052165466846,10.506693067816572,8470
2004-02-09,10.524824142456055,10.619087183886782,10.517573074905537,10.619087183886782,3751
2004-02-10,10.695223808288574,10.695223808288574,10.49582110076179,10.600960755824609,11737
2004-02-11,10.626338958740234,10.695223268329178,10.626338958740234,10.695223268329178,10406
2004-02-12,10.629961013793945,10.695219768008492,10.62270994813391,10.626335480963927,4356
2004-02-13,10.430562019348145,10.65896899384675,10.408809651507484,10.640841323374467,14762
2004-02-17,10.52844524383545,10.582827390843857,10.387051159578203,10.387051159578203,14157
2004-02-18,10.397929191589355,10.619085033646677,10.38342705942483,10.586455236276498,11737
2004-02-19,10.24203109741211,10.557449904936151,10.24203109741211,10.513943516287725,10164
2004-02-20,10.198526382446289,10.321793657007257,10.151394457542544,10.321793657007257,7502
2004-02-23,10.220274925231934,10.278282585053566,10.151389835582368,10.238401743677501,9075
2004-02-24,10.35079574584961,10.354421278066589,10.151393147367042,10.242030616065877,11132
2004-02-25,10.365300178527832,10.416056804121157,10.303666117140288,10.31454355293451,8228
2004-02-26,10.517568588256836,10.539321781628779,10.361672375875871,10.434182183723367,13431
2004-02-27,10.517568588256836,10.517568588256836,10.332668118046612,10.383424732522167,17303
2004-03-01,10.517568588256836,10.532070717171464,10.40517792589411,10.532070717171464,34364
2004-03-02,10.488566398620605,10.65533839054267,10.441434474114281,10.57195281294451,9559
2004-03-03,10.405177116394043,10.506691174173225,10.242029852248265,10.49581457833343,12584
2004-03-04,10.49581527709961,10.49944080928758,10.151393066144912,10.37254885615987,17182
2004-03-05,10.423310279846191,10.513947789644021,10.151397750452706,10.314545937469617,21538
2004-03-08,10.24203109741211,10.506692451512986,10.24203109741211,10.506692451512986,2057
2004-03-09,10.169523239135742,10.416056978639025,10.155021106801577,10.394304616863622,8470
2004-03-10,10.068008422851562,10.390677497094336,10.068008422851562,10.187650169247295,16093
2004-03-11,10.25445556640625,10.638312480644393,10.119192199581962,10.243488129575002,39446
2004-03-12,10.49207592010498,10.506699162365623,10.261762385640347,10.338533563795226,19118
2004-03-15,10.565194129943848,10.766261217921494,10.495734559780164,10.495734559780164,23232
2004-03-16,10.912494659423828,10.912494659423828,10.528638601814247,10.729706582861178,41624
2004-03-17,11.051410675048828,11.066033918369031,10.828408745556402,10.828408745556402,30371
2004-03-18,11.329252243041992,11.471827209147145,10.97098607825085,10.97098607825085,33638
2004-03-19,11.168395042419434,11.552250935728742,11.15011598947292,11.515693673549212,18392
2004-03-22,10.86496639251709,11.442579461711862,10.839375715806115,11.438923650753152,18271
2004-03-23,11.06969165802002,11.150118666581456,10.894214395028937,10.894214395028937,12342
2004-03-24,11.208611488342285,11.332908242071332,11.011200188250863,11.01851181162985,26862
2004-03-25,11.241512298583984,11.31097186773347,11.142806239807921,11.223233242567373,70543
2004-03-26,11.332907676696777,11.40967887463245,11.24151323273265,11.380433226289252,24926
2004-03-29,11.548595428466797,11.559562860522767,11.406020499166209,11.424299552592828,48279
2004-03-30,12.027502059936523,12.027502059936523,11.515693641154861,11.56687414554763,37752
2004-03-31,12.064066886901855,12.064066886901855,11.77160523204345,11.884934587343796,66187
2004-04-01,12.210295677185059,12.22126311321173,11.884931783249142,12.064064040543279,32791
2004-04-02,12.521035194396973,12.539314252793687,12.162769868390118,12.239540226228819,99099
2004-04-05,12.418673515319824,12.4296409497931,12.294376768336411,12.294376768336411,43318
2004-04-06,12.279752731323242,12.393082036532824,12.276096920067653,12.301687598856772,26378
2004-04-07,12.001913070678711,12.283407993638152,11.950732559101365,12.272440560361517,27104
2004-04-08,12.053094863891602,12.115242811003588,11.917830692278875,12.064061453853068,11858
2004-04-12,11.936115264892578,12.170085604001228,11.841064972826072,11.903213792374887,7502
2004-04-13,11.709453582763672,12.104277902583318,11.599780910559389,11.961702922489458,17182
2004-04-14,11.793540954589844,11.797195924009225,11.464520303720107,11.596128732810818,20933
2004-04-15,11.647307395935059,11.782570762848405,11.533978058984765,11.775259138289424,12100
2004-04-16,11.680208206176758,11.841062250004715,11.479140229534892,11.607092808410764,23716
2004-04-19,11.775256156921387,11.881273842470165,11.705796584911385,11.881273842470165,13794
2004-04-20,11.490105628967285,12.027504846299147,11.33656323650495,11.716763406234842,25531
2004-04-21,11.588813781738281,11.588813781738281,11.329253654871648,11.33290946695627,12705
2004-04-22,11.62171459197998,11.680207582038244,11.435270717310656,11.559566633756873,29645
2004-04-23,11.190335273742676,11.771603530270482,11.058726873111265,11.614405286952499,29645
2004-04-26,11.157430648803711,11.27807158738756,11.066036202898063,11.21957860203116,5082
2004-04-27,11.515697479248047,11.515697479248047,10.970986583707274,10.970986583707274,35453
2004-04-28,11.047760963439941,11.471831035277624,11.040449337743254,11.3914039963281,18271
2004-04-29,10.79550552368164,11.142804147943531,10.784538092130616,11.084312023384875,15730
2004-04-30,10.63465690612793,11.069694358257541,10.601754594898583,10.755297870254962,15125
2004-05-03,10.729704856872559,11.091626827052444,10.601752295776006,10.601752295776006,10164
2004-05-04,10.780884742736816,10.960017811536817,10.528636290618921,10.528636290618921,12221
2004-05-05,10.751639366149902,10.88324774473204,10.747984398133223,10.747984398133223,7502
2004-05-06,10.685832977294922,10.813785512757635,10.60540598266911,10.751636728586304,15004
2004-05-07,10.601750373840332,10.879589471347769,10.601750373840332,10.689488991805124,17424
2004-05-10,10.601750373840332,10.751636933447061,10.601750373840332,10.601750373840332,12342
2004-05-11,10.78819751739502,10.86496872026206,10.601752805983446,10.641966735144821,16456
2004-05-12,11.15011978149414,11.15011978149414,10.565195794274581,10.747984698477028,18271
2004-05-13,10.835721969604492,11.226889567698056,10.79185223315642,11.168397429480974,9680
2004-05-14,10.8905611038208,11.234204086393623,10.70046055096905,10.970988130994405,20207
2004-05-17,10.729704856872559,10.98195332378593,10.59444067264399,10.883247255217443,30492
2004-05-18,10.86496639251709,10.86496639251709,10.740670507348097,10.740670507348097,11495
2004-05-19,10.630999565124512,11.20861192876455,10.630999565124512,10.93077360430085,16093
2004-05-20,10.641965866088867,11.000232012687114,10.630998431758671,10.652933300419061,27709
2004-05-21,10.952707290649414,10.952707290649414,10.700458813155935,10.700458813155935,9317
2004-05-24,11.139150619506836,11.139150619506836,10.886902173295491,10.905181229625368,10527
2004-05-25,11.544943809509277,11.559566212777524,11.073348312908205,11.135496268867993,22022
2004-05-26,11.592472076416016,11.654620051450085,11.442585436275133,11.442585436275133,8470
2004-05-27,11.416990280151367,11.738698311793925,11.340219083678198,11.47182660799972,8712
2004-05-28,11.395054817199707,11.497416688396322,11.296348757249888,11.482793443409141,9922
2004-06-01,11.464515686035156,11.501073802644921,11.347531400311402,11.398711919851326,15246
2004-06-02,11.464515686035156,11.618058932082421,11.332908153667496,11.332908153667496,9438
2004-06-03,11.39870834350586,11.479135331099622,11.376773480422065,11.427954827617585,15125
2004-06-04,11.475485801696777,11.614405833551919,11.358501488645436,11.435272707745986,3630
2004-06-07,11.786225318908691,11.786225318908691,11.354842890762775,11.354842890762775,10890
2004-06-08,11.62171459197998,11.767946223411842,11.618059623815135,11.691175017674167,6897
2004-06-09,11.29634952545166,11.694829603596144,11.29634952545166,11.691173792100736,12705
2004-06-10,11.409679412841797,11.566877627635497,11.146463503054523,11.515697107835368,30855
2004-06-14,10.720974922180176,11.140827343134513,10.68782834290312,11.067169128052063,58201
2004-06-15,10.864609718322754,10.864609718322754,10.518415470414375,10.842512846099286,42229
2004-06-16,10.621535301208496,10.835144875183776,10.511047561222055,10.813047157190965,35332
2004-06-17,10.632586479187012,10.794634746522021,10.511049853696855,10.794634746522021,17061
2004-06-18,10.522092819213867,10.743067373584411,10.518409867475492,10.606799859219175,52998
2004-06-21,10.588393211364746,10.908807708112807,10.536832697508839,10.908807708112807,24563
2004-06-22,10.632586479187012,10.772537023709665,10.466854408072145,10.581025125958183,30976
2004-06-23,10.625222206115723,10.77253868090495,10.569977890586316,10.73202703282798,15972
2004-06-24,10.588393211364746,10.77253923938695,10.581027302245621,10.62890571151994,32065
2004-06-25,11.063488006591797,11.328658134779703,10.544196611804372,10.588391208180116,173393
2004-06-28,11.210803985595703,11.25499943007453,10.916171088981303,10.916171088981303,54934
2004-06-29,11.509127616882324,11.61961544463922,11.107688821024315,11.107688821024315,31218
2004-06-30,11.232901573181152,11.638022226158474,11.232901573181152,11.51648645525416,33275
2004-07-01,11.166607856750488,11.391265452048852,11.166607856750488,11.391265452048852,18876
2004-07-02,10.9861421585083,11.17397102576509,10.9861421585083,11.162922168870285,8349
2004-07-06,10.919851303100586,11.118729068885242,10.757803068008508,11.118729068885242,58443
2004-07-07,11.052434921264648,11.317604948116612,10.919849482849923,10.919849482849923,17182
2004-07-08,11.034021377563477,11.280777519367494,11.00455860464444,11.015606613253091,16456
2004-07-09,11.240266799926758,11.34338779627517,10.978779655660873,11.034023107274503,24563
2004-07-12,11.192387580871582,11.343386960811074,11.09294954528641,11.343386960811074,19602
2004-07-13,11.383899688720703,11.41704541548942,11.218167654966685,11.321289488199866,32065
2004-07-14,11.405996322631836,11.82953250579309,11.328655161787653,11.409679275528111,31218
2004-07-15,11.420727729797363,11.601190715369276,11.383899052116345,11.413361824265648,13189
2004-07-16,11.288145065307617,11.53490039298866,11.240266671143676,11.461241325044135,22264
2004-07-19,11.306557655334473,11.369167855739143,11.203435822292622,11.295508796439531,9680
2004-07-20,11.380215644836426,11.39863040930563,11.266045805082541,11.266045805082541,7381
2004-07-21,11.324968338012695,11.501748316655243,11.306553579825492,11.405992424059088,17182
2004-07-22,11.324968338012695,11.505431268292684,11.203431783954455,11.288139671615589,10285
2004-07-23,11.232901573181152,11.40599869535934,11.207120897544215,11.247633387830831,10769
2004-07-26,11.074535369873047,11.490704850175165,11.048754696321415,11.273413151601657,10285
2004-07-27,11.225539207458496,11.398636384247988,11.18870965921476,11.18870965921476,14399
2004-07-28,11.052434921264648,11.284458376018558,11.04875196880931,11.199751319523243,32549
2004-07-29,11.159234046936035,11.317599222442293,11.04874637915004,11.140819293975527,12100
2004-07-30,11.111364364624023,11.207120304804679,11.052437959119668,11.107681411156394,8228
2004-08-02,11.034021377563477,11.100314529080869,10.956680217437436,11.059802047598017,14762
2004-08-03,10.919851303100586,11.126094975023758,10.919851303100586,11.048753810546975,20449
2004-08-04,11.07822036743164,11.218170921152145,10.91617208944647,10.978781458218501,32549
2004-08-05,11.332340240478516,11.520169173467536,11.052438317788559,11.052438317788559,46948
2004-08-06,11.04875373840332,11.383899915584518,11.04875373840332,11.273412174205856,26862
2004-08-09,11.09294319152832,11.361796068879316,11.09294319152832,11.232893631803233,12826
2004-08-10,11.372851371765137,11.505436845000133,11.277095432755894,11.28814514300133,9317
2004-08-11,11.255001068115234,11.365487995436894,11.162928062028584,11.313927486018647,3388
2004-08-12,11.140824317932129,11.262360042323925,11.140824317932129,11.23289727427793,5445
2004-08-13,11.19606876373291,11.501751278423617,11.19606876373291,11.321288301673354,8954
2004-08-16,11.273411750793457,11.439142081670434,11.214484504283323,11.439142081670434,15609
2004-08-17,11.350749015808105,11.413359198423123,11.192383783266028,11.413359198423123,8349
2004-08-18,11.398629188537598,11.41704395103462,11.177654588505813,11.177654588505813,11495
2004-08-19,11.103997230529785,11.372850254021289,11.059802643780115,11.247631549915871,10890
2004-08-20,11.240266799926758,11.394949144427091,11.214486125850797,11.214486125850797,18271
2004-08-23,11.09662914276123,11.240263433908167,11.09662914276123,11.240263433908167,8712
2004-08-24,11.262362480163574,11.291826104564677,11.067168518439136,11.14082672946427,13673
2004-08-25,11.36916446685791,11.36916446685791,11.129774295445978,11.26235886270972,7865
2004-08-26,11.302873611450195,11.339703137545326,11.214483598799404,11.295507706231168,3630
2004-08-27,11.236583709716797,11.332339647998548,11.140827771435047,11.140827771435047,6171
2004-08-30,11.103997230529785,11.336021573392836,11.103997230529785,11.284460230544322,8470
2004-08-31,11.107681274414062,11.37285137088584,11.107681274414062,11.306559059262323,10043
2004-09-01,11.339702606201172,11.505433765908554,11.199751263574894,11.21448307332266,14883
2004-09-02,11.59750747680664,11.59750747680664,11.232898561881997,11.299190860056239,17424
2004-09-03,11.630657196044922,11.630657196044922,11.39863281472473,11.597510613005532,19481
2004-09-07,11.59750747680664,11.667482727655981,11.49070269920631,11.593824524131541,33880
2004-09-08,11.3433837890625,11.626968553784545,11.3433837890625,11.498066928896517,12584
2004-09-09,11.726408004760742,11.726408004760742,11.203433062450628,11.203433062450628,21780
2004-09-10,11.715363502502441,11.726413213561228,11.534901321445867,11.534901321445867,18876
2004-09-13,11.61148738861084,11.76729625424287,11.318417679508357,11.544711426624596,13431
2004-09-14,11.526169776916504,11.615203585954193,11.37406974669116,11.503911110614979,4598
2004-09-15,11.526169776916504,11.585525364218826,11.311004381671916,11.311004381671916,26257
2004-09-16,11.804396629333496,11.804396629333496,11.578101975853016,11.578101975853016,5082
2004-09-17,11.681974411010742,12.056658397262202,11.652296200244498,11.796976621561845,28314
2004-09-20,11.600359916687012,11.845202581286829,11.555842601577188,11.845202581286829,5687
2004-09-21,11.87116813659668,11.87116813659668,11.533582003543549,11.633744225917313,7018
2004-09-22,11.685690879821777,11.796983377764981,11.544720154115431,11.641173538177064,27467
2004-09-23,11.466815948486328,11.70423919028191,11.466815948486328,11.70423919028191,8107
2004-09-24,11.592938423156738,11.752457063255838,11.503904664012133,11.555840666776515,10890
2004-09-27,11.503908157348633,11.630039711175224,11.496488603819529,11.57810283647149,12463
2004-09-28,11.648588180541992,11.648588180541992,11.50019881666938,11.58181305241614,15972
2004-09-29,11.630038261413574,11.630038261413574,11.537293853860973,11.566972064277806,4840
2004-09-30,11.529875755310059,11.648587755780289,11.529875755310059,11.648587755780289,29524
2004-10-01,11.874874114990234,11.926810957162692,11.5298685166581,11.674548863685148,42229
2004-10-04,11.815521240234375,11.926813642349638,11.63374396404099,11.719067939223526,14641
2004-10-05,11.92310619354248,11.926815969542446,11.637456010049199,11.71907022588042,21417
2004-10-06,11.982462882995605,12.023269563758465,11.882298928710686,11.92310646564158,10406
2004-10-07,11.689390182495117,11.945362099049579,11.689390182495117,11.763584829242637,8470
2004-10-08,11.585517883300781,11.908265767765197,11.585517883300781,11.689390736134117,8954
2004-10-11,11.978754043579102,11.986173596858825,11.68568511370269,11.68568511370269,4961
2004-10-12,11.796980857849121,11.94537025263068,11.633751496187326,11.94537025263068,14762
2004-10-13,11.578094482421875,11.904551177478407,11.578094482421875,11.730193507686726,15851
2004-10-14,11.667136192321777,11.800686438583416,11.544714419775145,11.544714419775145,8712
2004-10-15,11.878586769104004,11.893425869395388,11.767294373086417,11.767294373086417,6534
2004-10-18,11.9082670211792,11.9082670211792,11.633745330831054,11.633745330831054,20570
2004-10-19,11.84891128540039,11.904557068084506,11.52245357263867,11.811814382333647,26983
2004-10-20,11.904558181762695,11.908268814201296,11.804395934794654,11.83778306506131,19118
2004-10-21,11.87116813659668,11.886007238035123,11.793262854044851,11.886007238035123,8349
2004-10-22,11.537297248840332,11.878594200560121,11.537297248840332,11.871174645772625,7744
2004-10-25,11.960203170776367,11.960203170776367,11.500195257727126,11.503905033484298,11616
2004-10-26,11.956496238708496,11.956496238708496,11.711652692838527,11.804397108825759,18634
2004-10-27,12.045523643493652,12.090040083426837,11.949070358109427,11.963909456809724,64614
2004-10-28,12.175370216369629,12.205048428813837,12.052949302373548,12.056659078929075,11374
2004-10-29,12.242143630981445,12.26811291941674,12.127142286133848,12.186497846576739,16214
2004-11-01,12.242143630981445,12.338596951806155,12.097464077828393,12.279241391363264,11253
2004-11-02,12.175370216369629,12.371986661476232,12.171660439814103,12.371986661476232,9317
2004-11-03,12.501830101013184,12.527798541297704,12.275535405156075,12.275535405156075,17061
2004-11-04,12.668764114379883,12.67247389031958,12.383113935527154,12.449889046273714,28677
2004-11-05,12.613117218017578,12.709570527767212,12.390532393620598,12.583439013119868,9196
2004-11-08,12.687311172485352,12.691020091724537,12.613116520511964,12.691020091724537,2662
2004-11-09,12.498116493225098,12.705861383323729,12.498116493225098,12.702152463445275,5687
2004-11-10,12.661337852478027,12.665047626451686,12.56117481135675,12.61311164698799,21659
2004-11-11,12.724413871765137,12.757801865651123,12.5797342772624,12.620540969177004,22990
2004-11-12,12.87279987335205,12.928445655391734,12.312628852402767,12.312628852402767,9438
2004-11-15,12.924735069274902,12.958123050106451,12.716990201493509,12.716990201493509,9196
2004-11-16,12.557476997375488,12.972967797309446,12.557476997375488,12.972967797309446,6413
2004-11-17,12.739248275756836,12.909896246931089,12.739248275756836,12.909896246931089,9438
2004-11-18,12.568595886230469,12.742953571839669,12.520369674881554,12.742953571839669,20086
2004-11-19,12.524090766906738,12.921033591481294,12.475864508680544,12.501832954893061,9075
2004-11-22,12.691025733947754,12.702155921285119,12.47215145612672,12.613122128100507,14520
2004-11-23,12.661337852478027,12.798598633335905,12.501819283945734,12.798598633335905,18271
2004-11-24,12.79860782623291,12.79860782623291,12.576022940271637,12.720702516828752,13068
2004-11-26,12.969257354736328,12.984095606855213,12.739252888622081,12.794898688530619,9438
2004-11-29,13.629585266113281,13.87442874066912,13.139899173169516,13.87442874066912,60280
2004-11-30,13.482686042785645,13.662237380803647,13.376587096781758,13.376587096781758,17600
2004-12-01,13.874429702758789,14.070303811051561,13.556133848699051,13.560214345246491,20240
2004-12-02,13.837700843811035,13.874427876407367,13.682633433740806,13.682633433740806,16170
2004-12-03,13.71936321258545,13.792816436313622,13.613264301904318,13.731604703066788,14410
2004-12-06,13.645907402038574,13.849943334900027,13.61326172127417,13.813216301914174,10450
2004-12-07,13.364343643188477,13.58470251338274,13.188873674004732,13.58470251338274,15180
2004-12-08,13.233759880065918,13.3643426508798,13.19295319227067,13.3643426508798,18040
2004-12-09,13.315367698669434,13.343933736236774,13.103170798298459,13.221511163309561,19140
2004-12-10,13.413311004638672,13.437794844181159,13.258243548253171,13.405149154012435,12650
2004-12-13,13.602407455444336,13.684621989950692,13.38042778104437,13.38042778104437,13530
2004-12-14,13.631181716918945,13.770945983671037,13.565410094337832,13.74217154564096,13200
2004-12-15,13.705177307128906,13.770948077243483,13.524305317533202,13.532526340372893,25630
2004-12-16,13.462638854980469,13.762722475641405,13.380424341607347,13.380424341607347,9790
2004-12-17,13.409205436706543,13.655849945970951,13.261219248627357,13.655849945970951,28710
2004-12-20,13.380428314208984,13.565411671068453,13.359875757845462,13.565411671068453,16610
2004-12-21,13.553075790405273,13.565408183518482,13.310542750684164,13.442086839782675,21230
2004-12-22,13.762718200683594,13.766829571924225,13.232434107294079,13.232434107294079,13200
2004-12-23,13.668179512023926,13.770946598815561,13.470863773000998,13.470863773000998,70730
2004-12-27,13.668179512023926,13.770946598815561,13.540746771964246,13.770946598815561,30800
2004-12-28,13.483195304870605,13.721617863340407,13.396870267521853,13.400980778237145,33660
2004-12-29,13.598294258117676,13.684619286680231,13.368093606973897,13.368093606973897,6380
2004-12-30,13.462638854980469,13.532521838196665,13.442086304718927,13.511968425469732,8140
2004-12-31,13.30231761932373,13.474967619691444,13.27765284071968,13.339313924764646,8140
2005-01-03,13.055679321289062,13.524303431779565,13.002240092885293,13.524303431779565,17600
2005-01-04,12.948797225952148,13.335205836136957,12.948797225952148,13.335205836136957,24640
2005-01-05,12.895359992980957,13.34342890474939,12.850141792032185,12.948799214575626,24970
2005-01-06,12.985787391662598,13.248873686850445,12.85013373632259,12.85013373632259,11110
2005-01-07,12.656933784484863,13.331092642904595,12.656933784484863,13.314650606383944,20790
2005-01-10,12.710379600524902,13.055680658799318,12.685714807986765,13.055680658799318,19030
2005-01-11,12.640491485595703,12.755592654279555,12.628159956778402,12.673378149837731,15730
2005-01-12,12.624052047729492,12.722709473383128,12.484286930154104,12.640494089539622,12100
2005-01-13,12.595273971557617,12.895357555248678,12.55827679824867,12.772035369149421,27280
2005-01-14,12.833698272705078,12.833698272705078,12.681601635862302,12.693933166239663,18700
2005-01-18,13.055679321289062,13.146115734709802,12.747374620940983,12.899472146924452,15290
2005-01-19,12.907692909240723,13.289990221465128,12.899471025796352,13.289990221465128,18700
2005-01-20,12.767924308776855,12.899467508292949,12.743259527634965,12.776145327513989,11880
2005-01-21,12.846029281616211,12.989904882707371,12.743260502285205,12.948797198481905,9680
2005-01-24,12.541834831237793,12.887135746823839,12.541834831237793,12.86658147404713,10670
2005-01-25,12.850139617919922,12.86658165642989,12.624049513893642,12.75970323132329,20130
2005-01-26,12.82959270477295,13.0022436952902,12.743267640747222,12.866589037574576,9900
2005-01-27,12.780259132385254,12.86658416371105,12.780259132385254,12.86658416371105,25300
2005-01-28,12.69393253326416,12.788479436235173,12.541835904005593,12.739150729789257,20900
2005-01-31,12.681605339050293,12.911805185365893,12.352746321182837,12.911805185365893,152350
2005-02-01,12.706263542175293,12.804920944326403,12.648712959687844,12.804920944326403,21230
2005-02-02,12.541834831237793,12.755592540886298,12.476062365803733,12.652823764398626,25300
2005-02-03,12.677486419677734,12.69392931766109,12.06498782294895,12.541832726931354,65450
2005-02-04,12.661044120788574,12.693929918311369,12.500725642248653,12.62815832326578,20570
2005-02-07,12.603493690490723,12.702151084206658,12.54183346626716,12.677487167010272,20460
2005-02-08,12.615829467773438,12.648715274508852,12.504839654425053,12.537726323625895,28050
2005-02-09,12.455513954162598,12.615831642788022,12.455513954162598,12.615831642788022,15840
2005-02-10,12.504837989807129,12.566499084844194,12.356851879197361,12.541835164308555,6380
2005-02-11,12.599385261535645,12.599385261535645,12.393849421925944,12.47195255799704,23870
2005-02-14,12.55827522277832,12.628158188618022,12.352739421684973,12.599382900476096,106260
2005-02-15,12.51717472076416,12.640496091126053,12.4185172794884,12.537729001212485,20020
2005-02-16,12.578829765319824,12.578829765319824,12.439064693078258,12.480172371666434,8580
2005-02-17,12.434955596923828,12.595274095443628,12.434955596923828,12.595274095443628,15180
2005-02-18,12.434955596923828,12.570609312995062,12.418512696113215,12.570609312995062,12980
2005-02-22,12.126655578613281,12.44318218580833,12.126655578613281,12.418517394029092,30690
2005-02-23,12.085551261901855,12.340415942783787,12.06499697697873,12.340415942783787,32890
2005-02-24,12.126655578613281,12.28286276417452,12.04444104345852,12.22942439440595,11110
2005-02-25,12.26230239868164,12.332184498354437,12.089652403905898,12.134870588238643,8470
2005-02-28,12.212982177734375,12.328082541585529,12.106102837211154,12.274643302556782,17380
2005-03-01,12.32807445526123,12.32807445526123,12.225306556276006,12.286967640653206,31460
2005-03-02,12.249972343444824,12.299301908452653,12.229419795467054,12.229419795467054,14300
2005-03-03,12.229424476623535,12.328081057006893,12.221202591819974,12.328081057006893,8470
2005-03-04,12.229424476623535,12.229424476623535,12.229424476623535,12.229424476623535,0
2005-03-07,12.39384651184082,12.496614407515686,12.332184566984711,12.332184566984711,15840
2005-03-08,12.291086196899414,12.463737173701412,12.291086196899414,12.3815226281923,17160
2005-03-09,12.04443645477295,12.303412357462298,12.04443645477295,12.270526555929214,15620
2005-03-10,11.974553108215332,12.36918357683617,11.974553108215332,12.048546590602134,11660
2005-03-11,12.152783393859863,12.314433717494563,11.928959735037955,12.02014740926321,17600
2005-03-14,12.194236755371094,12.285424460865405,12.090615074279711,12.285424460865405,13090
2005-03-15,11.949687004089355,12.23153852429095,11.941396818680053,12.23153852429095,9680
2005-03-16,12.2108154296875,12.235685118453139,11.928963015285225,11.928963015285225,10670
2005-03-17,12.23568344116211,12.297855915292784,12.119626069005628,12.297855915292784,9900
2005-03-18,11.941390991210938,12.260546885559023,11.93724633534404,12.260546885559023,69960
2005-03-21,11.941390991210938,12.181794075938726,11.912377530512806,12.024288456698132,9020
2005-03-22,11.920670509338379,12.343448148194806,11.870932014745275,12.103045859143204,9790
2005-03-23,11.754877090454102,12.020149096891586,11.7092832469401,11.862644277884446,30250
2005-03-24,11.81290340423584,11.991132345543784,11.721715735521492,11.928959014114007,8800
2005-03-28,11.920670509338379,12.08232083417349,11.846062332633666,11.870932014745275,16170
2005-03-29,11.605659484863281,11.933105670077682,11.605659484863281,11.850208176868385,12100
2005-03-30,11.98698902130127,11.98698902130127,11.6222400451541,11.6222400451541,31460
2005-03-31,11.941390991210938,12.144490433876951,11.775596060236548,12.107185922185327,22440
2005-04-01,11.630531311035156,12.057454566778524,11.580792805943254,11.98699103234227,40700
2005-04-04,11.999424934387207,12.098901936764713,11.680268899536703,11.680268899536703,22440
2005-04-05,12.09890079498291,12.115480293814542,11.93725046396696,11.93725046396696,7040
2005-04-06,12.177652359008789,12.376606324193316,12.123768341215435,12.227390850304921,11550
2005-04-07,12.136198997497559,12.29370460045035,12.061590851459458,12.29370460045035,12430
2005-04-08,11.83362865447998,12.165219520649869,11.763165997622847,12.165219520649869,26730
2005-04-11,11.83362865447998,11.854353681486362,11.821194681832395,11.83362865447998,15840
2005-04-12,11.895800590515137,12.00771328816034,11.808758444116767,11.833627256103401,36960
2005-04-13,12.02014446258545,12.13205626456179,11.99942031248017,11.99942031248017,61270
2005-04-14,11.957980155944824,12.107194834025572,11.953834627396644,12.057457187752316,42900
2005-04-15,11.788039207458496,12.156932971521119,11.771459702673317,12.156932971521119,22330
2005-04-18,12.082319259643555,12.185941762098013,11.7880329875773,12.185941762098013,54670
2005-04-19,12.2564115524292,12.28956969421569,12.144499671489188,12.248121364759692,33440
2005-04-20,11.879220008850098,12.181796469554353,11.879220008850098,12.123767797496269,7480
2005-04-21,12.322728157043457,12.326872815585947,11.875081554433457,12.140353615239382,17270
2005-04-22,12.152783393859863,12.368317738459538,12.028437593115557,12.368317738459538,42240
2005-04-25,12.39733600616455,12.438785202208665,12.152788097506486,12.281279474723657,23100
2005-04-26,12.206668853759766,12.459506899437276,12.136206191024192,12.459506899437276,28490
2005-04-27,12.351737022399902,12.529966839082585,12.165217891728767,12.165217891728767,24860
2005-04-28,12.376611709594727,12.476088735472159,12.32687319665601,12.35174201831015,40040
2005-04-29,12.455362319946289,12.49266598049638,12.248118118699702,12.49266598049638,19360
2005-05-02,12.459503173828125,12.459503173828125,12.198375890442296,12.3973298454734,33330
2005-05-03,12.335160255432129,12.600433145497645,12.326870939608668,12.434637263095341,28820
2005-05-04,12.409769058227539,12.480231724724337,12.256408881255002,12.397334214248596,46420
2005-05-05,12.35588264465332,12.546547303424427,12.289563784081988,12.430489949647166,12650
2005-05-06,12.351737022399902,12.447069351047626,12.314433370191693,12.43463451043486,2420
2005-05-09,12.455362319946289,12.505100823889837,12.33930581074468,12.409768473923801,23430
2005-05-10,12.36417007446289,12.500951562156892,12.289561911208894,12.500951562156892,20020
2005-05-11,12.422199249267578,12.422199249267578,12.331012456714937,12.372460761612503,12980
2005-05-12,12.086462020874023,12.43463138305427,11.825334781831371,12.43463138305427,19030
2005-05-13,12.434638023376465,12.434638023376465,11.916528794193125,12.136206982140093,31570
2005-05-16,12.563130378723145,12.62115907615322,12.31858335278326,12.31858335278326,25850
2005-05-17,12.55069351196289,12.600432011317475,12.322725172513495,12.451216513253721,17380
2005-05-18,12.720633506774902,12.724779034054384,12.430491817982876,12.629446690340128,39050
2005-05-19,12.509248733520508,12.7082028010117,12.49681475652519,12.7082028010117,10560
2005-05-20,12.384902000427246,12.426351199282763,12.268846330745015,12.413917222293565,4730
2005-05-23,12.393192291259766,12.567277536493888,12.2937152567347,12.567277536493888,46640
2005-05-24,12.326870918273926,12.422203267860413,12.277132414528404,12.422203267860413,5940
2005-05-25,12.165215492248535,12.314430941280044,12.03672419373059,12.248112963932707,14300
2005-05-26,12.3475923538208,12.430489841777982,12.144493725733227,12.144493725733227,13200
2005-05-27,12.413915634155273,12.442929113048823,12.239830412642004,12.422204951087604,18150
2005-05-31,12.272993087768555,12.40562915537109,12.231543881827434,12.36417994942997,22660
2005-06-01,12.592145919799805,12.704057797133128,12.268846003718574,12.268846003718574,39490
2005-06-02,12.766223907470703,12.795238242452406,12.397329474661872,12.596284293372134,38280
2005-06-03,12.629447937011719,12.811822457513953,12.509245896276148,12.670896256856162,23320
2005-06-06,12.869851112365723,12.869851112365723,12.496811886671766,12.558985235892477,6270
2005-06-07,13.230460166931152,13.458428614832526,12.728929407622006,12.865710128510583,55550
2005-06-08,12.981757164001465,13.24288530541903,12.832541704355696,13.226304940272856,20350
2005-06-09,13.089530944824219,13.251181325332565,12.853272361915705,12.853272361915705,23540
2005-06-10,12.95274543762207,13.201437034115079,12.907151601425312,13.035642056699677,19910
2005-06-13,13.332858085632324,13.67954481245851,13.119832212000738,13.119832212000738,52580
2005-06-14,13.378793716430664,13.378793716430664,13.136529990320028,13.362085903469948,27280
2005-06-15,13.295258522033691,13.53334470694347,13.140711426246709,13.387151958249145,53240
2005-06-16,13.36209487915039,13.36209487915039,13.149069901716496,13.257671197091828,33880
2005-06-17,13.56676197052002,13.834087070522147,13.295259258559755,13.366267269157618,83050
2005-06-20,13.579290390014648,13.637768186123706,13.512460000171094,13.512460000171094,7700
2005-06-21,13.583467483520508,13.633590931262614,13.46233516087326,13.595997688185543,30690
2005-06-22,13.971928596496582,14.009520973264152,13.575117643351893,13.637771312510877,57640
2005-06-23,13.658658027648926,14.017875761391569,13.650303678493483,13.754727346590196,50600
2005-06-24,13.16994571685791,13.658650783323372,13.161592248493983,13.625234280786142,117700
2005-06-27,13.750541687011719,14.055459020636444,13.161590688196338,13.161590688196338,69740
2005-06-28,14.026226043701172,14.093057312123376,13.725484459440535,13.850793525912527,45320
2005-06-29,13.813201904296875,14.10976589306516,13.704600649051274,14.10976589306516,31240
2005-06-30,13.667012214660645,14.088884521852108,13.587649837160958,13.846621529098561,37290
2005-07-01,13.717126846313477,13.900912778968742,13.570933271702128,13.900912778968742,20900
2005-07-05,13.80484390258789,13.80484390258789,13.433094416605876,13.667003791975008,37950
2005-07-06,13.654472351074219,13.867497174221425,13.529164198632628,13.825727205833923,26620
2005-07-07,13.579290390014648,13.729661615334887,13.495751307259344,13.516636735218686,35640
2005-07-08,13.863320350646973,13.863320350646973,13.40803181706137,13.608525560759835,34760
2005-07-11,14.49404239654541,14.56922711769044,13.917621527177442,13.93432934036084,42240
2005-07-12,14.531639099121094,14.594292760009143,14.189128388340189,14.468984561872269,33220
2005-07-13,13.951038360595703,14.393795886443604,13.829906923625844,14.326964627927739,22330
2005-07-14,13.738020896911621,14.093062806082632,13.683720689240676,14.05546954566946,13530
2005-07-15,13.650294303894043,13.804842208062754,13.395499536872297,13.600170872467526,15180
2005-07-18,13.650294303894043,13.712948812267284,13.474861855721045,13.712948812267284,11550
2005-07-19,13.771429061889648,13.884207029132789,13.637766545560176,13.717128883720946,11440
2005-07-20,14.063814163208008,14.122291943586617,13.612703237677625,13.612703237677625,20790
2005-07-21,13.767256736755371,14.193306582192152,13.700425457185748,14.02205164738521,20900
2005-07-22,14.176596641540527,14.201658805810375,13.880032663724831,14.038756490777837,34650
2005-07-25,13.813201904296875,14.105589157652844,13.66700827761889,14.072173521632777,15950
2005-07-26,14.030403137207031,14.130650042400523,13.746370239158805,14.130650042400523,4510
2005-07-27,14.059636116027832,14.18076752303424,13.867495857142853,14.113936281049963,2420
2005-07-28,14.406327247619629,14.468981772790993,13.996985343042073,13.996985343042073,12870
2005-07-29,13.996979713439941,14.623522960435917,13.996979713439941,14.473152686320114,16280
2005-08-01,13.942682266235352,14.15988381551568,13.796488696668101,13.992804824324233,16060
2005-08-02,14.205836296081543,14.222543238001737,13.909271426143256,14.047111584231887,22550
2005-08-03,13.988633155822754,14.264312566026796,13.78396174659525,13.992809014493467,12760
2005-08-04,13.951038360595703,13.967746175224669,13.57928882783076,13.742191115913919,10230
2005-08-05,13.178302764892578,13.72130723983294,13.082232600837171,13.5959981777849,14410
2005-08-08,13.33702278137207,13.5375165092276,13.332846047798508,13.353730592026697,13860
2005-08-09,13.524995803833008,13.73384403535198,13.249317154806786,13.51246559350349,31130
2005-08-10,13.788140296936035,14.088881033283876,13.616885374494826,13.616885374494826,21010
2005-08-11,13.687888145446777,13.888382769295262,13.470686585668092,13.704595957737446,21780
2005-08-12,13.441446304321289,13.646117640975566,13.337022707399141,13.621055486952441,12980
2005-08-15,13.441446304321289,13.508277546569126,13.232598234116617,13.441446304321289,19360
2005-08-16,13.240959167480469,13.520815352765203,13.165773544352279,13.366267370879704,17820
2005-08-17,13.266019821166992,13.391328894915226,13.186658342577932,13.215896366939853,6930
2005-08-18,13.036288261413574,13.349560097248066,13.023758054014438,13.165774082091422,14740
2005-08-19,12.956925392150879,13.199189188076375,12.94857104508274,12.986163415987484,14410
2005-08-22,13.16994571685791,13.261839127024153,13.011221930698731,13.065522104145778,10230
2005-08-23,13.128183364868164,13.19501465154573,13.032113171178922,13.078059899859989,20130
2005-08-24,13.040462493896484,13.257664091880697,12.986161437129967,13.236779541933908,28710
2005-08-25,13.007049560546875,13.157419928793294,13.007049560546875,13.057173016629013,13090
2005-08-26,12.927685737609863,13.136533009437104,12.927685737609863,13.015401556722876,30470
2005-08-29,13.124005317687988,13.178305513599653,12.852502585407915,12.915157129500306,15730
2005-08-30,13.136529922485352,13.357909100342056,13.057168468602134,13.057168468602134,12650
2005-08-31,13.424742698669434,13.433097044747358,13.182478931458766,13.27437235651267,11660
2005-09-01,13.554229736328125,13.583468635748062,13.399681768743163,13.487398467002974,10890
2005-09-02,13.504105567932129,13.554229017266909,13.366265424990969,13.554229017266909,6710
2005-09-06,13.746368408203125,13.763075347149341,13.529166809214189,13.529166809214189,20240
2005-09-07,13.925982475280762,13.925982475280762,13.708780800905329,13.771434472781392,21120
2005-09-08,13.775609970092773,13.971927945881749,13.562585927422269,13.925981222882664,17270
2005-09-09,13.834088325500488,13.921804162805747,13.783964864703071,13.792319213016416,21230
2005-09-12,13.783964157104492,13.86750325414505,13.667009421247712,13.86750325414505,9680
2005-09-13,13.720844268798828,13.847071308604832,13.544126589626554,13.71242960362811,8470
2005-09-14,13.426316261291504,13.880732937748178,13.220146353374451,13.830242294006407,21890
2005-09-15,13.544132232666016,13.632490667675565,13.422113357387968,13.539924898327708,10890
2005-09-16,13.813414573669434,13.821829241088775,13.41790401821913,13.670357282512658,86240
2005-09-19,13.590415954589844,13.826039043332512,13.590415954589844,13.775548381459084,5830
2005-09-20,13.472601890563965,13.884942660137927,13.392658136853573,13.729262486391143,14080
2005-09-21,13.279057502746582,13.53571905005817,13.199114610417842,13.329548168692632,20130
2005-09-22,13.304302215576172,13.615661738791038,13.249604219194184,13.258018888123239,21120
2005-09-23,13.687183380126953,13.762919778007896,13.325333368836949,13.401068883937272,13640
2005-09-26,13.674566268920898,13.855490456432152,13.510470534414932,13.838660237864993,23760
2005-09-27,13.598830223083496,13.666151099228887,13.527302012874259,13.611453108055997,9130
2005-09-28,13.077091217041016,13.590413286709854,13.00556301412367,13.556752852068648,17270
2005-09-29,13.66615104675293,13.66615104675293,13.030809177094213,13.064470497818617,20020
2005-09-30,13.539921760559082,13.594619742624314,13.367412264855986,13.539921760559082,21120
2005-10-03,13.493642807006836,13.712436571553935,13.493642807006836,13.636700132629,6160
2005-10-04,13.590415954589844,13.712435716203082,13.359000200308031,13.539925292716415,22220
2005-10-05,13.41790771484375,13.590417272275374,13.304303493918553,13.527304600900159,22880
2005-10-06,13.245393753051758,13.63669697855963,13.14862066289323,13.63669697855963,21780
2005-10-07,13.220147132873535,13.455770150894836,13.169655603373904,13.392656621801077,4180
2005-10-10,13.131794929504395,13.224361606527117,13.131794929504395,13.161248043355375,13420
2005-10-11,12.862503051757812,13.329541706015657,12.854087503456428,13.258013517966997,16830
2005-10-12,12.778350830078125,12.904577863748752,12.681576888634725,12.83304968215172,11000
2005-10-13,12.959278106689453,13.047636516092618,12.673164447323352,12.727862426212857,15510
2005-10-14,13.093924522399902,13.114962961097962,13.00135786391546,13.114962961097962,4840
2005-10-17,12.875125885009766,13.140201972418353,12.736276842188387,12.988730048582115,9790
2005-10-18,12.849879264831543,13.173861520152627,12.820427054804684,13.060257364167061,13420
2005-10-19,13.497845649719238,13.497845649719238,12.694202611523881,12.694202611523881,21780
2005-10-20,13.531511306762695,13.577794636511298,13.359000874569011,13.380039313497251,9130
2005-10-21,13.855490684509277,13.880736454166058,13.358998787214809,13.358998787214809,18040
2005-10-24,14.128978729248047,14.128978729248047,13.81341198727204,13.88494017806718,25960
2005-10-25,14.070076942443848,14.11636026741781,13.901774745066708,13.990134060775455,18040
2005-10-26,13.855490684509277,14.276247038395308,13.779754258319887,13.9733022164187,14960
2005-10-27,13.443151473999023,13.72926432667594,13.443151473999023,13.72926432667594,23320
2005-10-28,14.015377044677734,14.027999928461158,13.598828942071778,13.598828942071778,10120
2005-10-31,14.511869430541992,14.511869430541992,14.192094404521752,14.29307659569403,28050
2005-11-01,14.272042274475098,14.486626941295173,14.095323620616211,14.33936227919388,16060
2005-11-02,14.58760929107666,14.58760929107666,14.137400631036261,14.377231074291185,13090
2005-11-03,14.356191635131836,14.596022046941345,14.171058334276983,14.30570097565715,16720
2005-11-04,14.213129043579102,14.44033736817425,14.09531666580334,14.171053068261948,5500
2005-11-07,14.179469108581543,14.305696156133443,14.099525370650719,14.305696156133443,38500
2005-11-08,14.032206535339355,14.179471151102812,14.032206535339355,14.09952740165627,7480
2005-11-09,14.137395858764648,14.179470958250047,13.98592302883092,14.141602309376204,34540
2005-11-10,14.19209098815918,14.20471386936471,14.019581515212819,14.14580856170673,50930
2005-11-11,14.250998497009277,14.360395339610077,14.12056410564013,14.171054752352628,20570
2005-11-14,14.28465747833252,14.28465747833252,14.099525125843334,14.13318555356864,13970
2005-11-15,14.217333793640137,14.330937935301055,14.133182741072885,14.280447303760704,17160
2005-11-16,13.985921859741211,14.103733364345555,13.758714399394634,14.103733364345555,13310
2005-11-17,14.070076942443848,14.070076942443848,13.935435184542136,14.070076942443848,9680
2005-11-18,14.141602516174316,14.18788583250973,14.027999216233985,14.183678499055828,7260
2005-11-21,14.1458158493042,14.192098299600298,13.922814736650695,13.985928292412297,6820
2005-11-22,14.24258041381836,14.24258041381836,14.053240743028674,14.229958416471504,3960
2005-11-23,14.217333793640137,14.263617093247253,14.078484777599298,14.263617093247253,4290
2005-11-25,14.1458158493042,14.280457630779,14.141607631547247,14.280457630779,770
2005-11-28,13.720844268798828,14.15422247738782,13.691391175140007,14.044826533484558,39820
2005-11-29,13.948055267333984,13.952262600727746,13.674564472246317,13.889149068698032,15620
2005-11-30,13.842872619628906,14.15002398019986,13.615664159219431,14.032212414782666,28600
2005-12-01,14.267828941345215,14.410886217381407,14.019583036999958,14.027998586310694,11660
2005-12-02,14.423507690429688,14.469791002996494,14.057450288568077,14.150016913701691,4510
2005-12-05,14.196305274963379,14.377230373681718,14.133191724725178,14.36040015247027,17270
2005-12-06,14.234174728393555,14.288872733077433,14.032212050070449,14.284665397974331,14630
2005-12-07,14.019576072692871,14.288859392375704,13.998538534037738,14.288859392375704,20900
2005-12-08,14.032206535339355,14.200508701131639,13.939639902763183,14.006960769080097,3080
2005-12-09,14.112149238586426,14.25941384343247,13.998545064403434,14.175262766774841,10120
2005-12-12,14.217333793640137,14.242578668020055,14.1121451986262,14.213126461706903,6930
2005-12-13,14.234297752380371,14.34878194098478,14.149494155473782,14.30213974027966,6930
2005-12-14,14.353019714355469,14.416623514389437,14.204613219945138,14.310618367167287,28050
2005-12-15,14.31062126159668,14.39542486275105,14.187656262329353,14.39542486275105,15950
2005-12-16,14.213096618652344,14.280939498243093,14.141013781493674,14.251258016015639,94050
2005-12-19,13.806044578552246,14.162219831521899,13.806044578552246,14.119817570879004,22550
2005-12-20,13.933247566223145,14.013812116681427,13.806042581943348,13.806042581943348,18260
2005-12-21,13.844204902648926,14.07317513495233,13.835724095336147,14.0689342864828,9350
2005-12-22,14.051972389221191,14.09437375068457,13.907805803068184,13.971407845263249,10450
2005-12-23,13.992609977722168,14.128295763257483,13.954448572946907,14.128295763257483,6600
2005-12-27,13.848438262939453,14.111329819977918,13.81027687228092,13.929001890705356,9130
2005-12-28,13.806044578552246,13.996852527379401,13.806044578552246,13.996852527379401,5610
2005-12-29,13.504988670349121,13.933247617078003,13.483788877455702,13.835723232010933,10890
2005-12-30,13.038566589355469,13.449865647266364,13.017366799271336,13.449865647266364,38170
2006-01-03,13.560110092163086,13.649153659951763,12.974964740352952,13.216655695245246,29810
2006-01-04,13.41170597076416,13.77212204422956,13.191216545766794,13.627955436918144,32890
2006-01-05,13.479548454284668,13.555872159238715,13.195456096909119,13.517709861948566,28710
2006-01-06,13.912043571472168,14.009567932963778,13.466824008429347,13.547388539706075,45980
2006-01-09,14.25550651550293,14.319109471667549,13.797565942818864,13.9714131926841,12760
2006-01-10,14.39966869354248,14.39966869354248,14.073174963686258,14.149498670067317,15180
2006-01-11,14.31062126159668,14.416626430259162,14.170695542098478,14.399664820402261,25740
2006-01-12,14.090139389038086,14.39119255558513,14.03501635176433,14.18766380461696,12430
2006-01-13,14.204615592956543,14.204615592956543,14.026528481613738,14.157974281182854,5170
2006-01-17,13.895086288452148,14.174938679858705,13.704278365454087,14.030772080739878,8690
2006-01-18,13.831493377685547,14.06046376297022,13.712768223367126,13.712768223367126,4290
2006-01-19,13.797564506530762,14.001094122995973,13.653397880206736,14.001094122995973,147840
2006-01-20,13.6237154006958,13.945969173861636,13.572833225985406,13.945969173861636,41360
2006-01-23,13.742439270019531,13.784840633747109,13.67459637635445,13.759399993435801,5390
2006-01-24,13.738191604614258,13.890838929238386,13.67458959058425,13.890838929238386,28930
2006-01-25,13.653389930725098,13.873880146049755,13.58978790783909,13.873880146049755,22440
2006-01-26,13.755165100097656,14.204623991321442,13.589797763488717,13.674601411797592,38170
2006-01-27,13.776359558105469,13.78483947428725,13.695795906247943,13.78483947428725,37730
2006-01-30,13.670357704162598,13.780602861554515,13.653396089524199,13.700038305714097,17710
2006-01-31,14.916973114013672,15.222267088172725,13.449869790751801,13.61947705993662,482460
2006-02-01,14.836409568786621,14.8788109390988,14.395429801856684,14.58623774751416,111870
2006-02-02,14.196138381958008,14.73040159700205,14.149497061300327,14.73040159700205,65120
2006-02-03,14.013811111450195,14.399666884801011,14.013811111450195,14.085893960359012,37620
2006-02-06,14.149491310119629,14.15373126670584,13.831476773637721,13.99260402017178,25080
2006-02-07,13.950214385986328,14.166463028929185,13.797566924480174,14.153743148492465,31460
2006-02-08,13.907807350158691,14.234301962025908,13.772121554980496,14.043493145336885,30800
2006-02-09,13.912043571472168,14.035008567912106,13.89084289407756,13.98836725556917,16830
2006-02-10,13.801800727844238,13.899325105447534,13.75939936605003,13.88660434105881,2310
2006-02-13,13.746682167053223,13.950211781182567,13.746682167053223,13.750922126407104,9680
2006-02-14,14.085893630981445,14.094373547301295,13.772119824250423,13.873884157845435,7590
2006-02-15,14.098615646362305,14.098615646362305,14.009571179344226,14.039252668350253,12210
2006-02-16,14.204615592956543,14.323341520019744,13.97564632271208,14.107092122281196,48510
2006-02-17,14.07317066192627,14.213096376289666,13.984126216762293,14.213096376289666,51590
2006-02-21,13.814519882202148,13.992607894010332,13.77211852534966,13.992607894010332,22660
2006-02-22,13.823006629943848,13.912050229315303,13.77636440565349,13.852688126276478,38500
2006-02-23,13.738191604614258,13.818756112895592,13.683070392897037,13.75515320923983,33550
2006-02-24,13.483784675598145,13.78483676451574,13.229373006138067,13.71275393263589,104280
2006-02-27,13.398979187011719,13.543144830378944,13.356576951557592,13.471062008695332,59180
2006-02-28,13.449868202209473,13.458348119853975,13.377784454099837,13.377784454099837,21120
2006-03-01,13.513470649719238,13.521951457238725,13.35658416205862,13.35658416205862,17710
2006-03-02,13.437148094177246,13.513470915220635,13.39898668365555,13.513470915220635,16500
2006-03-03,13.390501976013184,13.534668547678272,13.356580534400935,13.356580534400935,31130
2006-03-06,13.373542785644531,13.492267844874027,13.356582062897461,13.37778274392476,27610
2006-03-07,13.314180374145508,13.526188958468639,13.17425374769601,13.356581735159677,14960
2006-03-08,13.271780014038086,13.479549573334523,13.208177959193536,13.377785218031654,35640
2006-03-09,13.276018142700195,13.382022435348976,13.208175253064795,13.271777294878376,32010
2006-03-10,13.360818862915039,13.360818862915039,13.220893155734224,13.3141775536054,12320
2006-03-13,13.424959182739258,13.608803308144779,13.386479366163734,13.519018863524856,7810
2006-03-14,13.536124229431152,13.578878396275519,13.271045165693897,13.36083053071816,19910
2006-03-15,13.625904083251953,13.724239889534024,13.467712284251279,13.63873068777311,36080
2006-03-16,13.591697692871094,13.976489472596153,13.548943549028253,13.75844082731955,32780
2006-03-17,13.544666290283203,13.655828669677557,13.433504807916677,13.621624998637422,127710
2006-03-20,13.553215980529785,13.587419647340203,13.450604980098534,13.454880214192906,26070
2006-03-21,13.48908519744873,13.583145738870922,13.424953988691202,13.48908519744873,39710
2006-03-22,13.519015312194824,13.55321898659151,13.442056596288324,13.442056596288324,21340
2006-03-23,13.73706340789795,13.745614774666938,13.467709258606925,13.467709258606925,19470
2006-03-24,13.878161430358887,13.878161430358887,13.660113560432775,13.745622792863132,18700
2006-03-27,13.903815269470215,13.903815269470215,13.728520662388986,13.83540788047123,20240
2006-03-28,13.912360191345215,13.967941845492335,13.732791315413529,13.852503301349262,41360
2006-03-29,14.305700302124023,14.305700302124023,13.912357161033482,13.916632395951103,12980
2006-03-30,14.288605690002441,14.30570753534782,14.22019830862093,14.30143229826856,12100
2006-03-31,14.493819236755371,14.528022907157316,14.215914638996518,14.284321082772598,33000
2006-04-03,14.309976577758789,14.53657660326306,14.164610506736654,14.53657660326306,23870
2006-04-04,14.480995178222656,14.480995178222656,14.006418943827304,14.357007075506564,38500
2006-04-05,14.262948036193848,14.44679304071862,14.164612231793612,14.412589360668804,12210
2006-04-06,14.267219543457031,14.3227993842336,13.980763591653469,14.190260839781367,15840
2006-04-07,13.882429122924805,14.412586041607588,13.737063067675274,14.408310806842916,25190
2006-04-10,13.869606018066406,14.053451026600166,13.788372051919664,13.80119865647506,11220
2006-04-11,13.595973014831543,14.113303327269257,13.489085867536962,14.07482442069769,19800
2006-04-12,13.4677095413208,13.758440768095502,13.4677095413208,13.578871032456002,15400
2006-04-13,13.570320129394531,13.681481616981653,13.467709111455095,13.467709111455095,11110
2006-04-17,13.68148422241211,13.685760355078145,13.467711676175824,13.536119034495922,11000
2006-04-18,13.972209930419922,13.972209930419922,13.681477894989488,13.681477894989488,92290
2006-04-19,14.147505760192871,14.207362629198284,14.040619519286372,14.040619519286372,82060
2006-04-20,14.08765697479248,14.173167093017362,14.062004656947643,14.14751387814424,50600
2006-04-21,14.002141952514648,14.151783251869439,13.737063925141047,14.109029107498307,100870
2006-04-24,13.886709213256836,14.014972580239988,13.749894476726448,13.972218423588327,20570
2006-04-25,14.014967918395996,14.02779451993621,13.694308262057916,13.822572483404297,38170
2006-04-26,14.074821472167969,14.168881998558035,13.972210478121166,14.023515975144567,62700
2006-04-27,14.262948036193848,14.335630632042689,13.77554514696995,13.938013075720603,50930
2006-04-28,14.322802543640137,14.322802543640137,13.732789572431923,14.318528205361895,88220
2006-05-01,14.374112129211426,14.532303943721537,14.22874602345185,14.378387365461604,123970
2006-05-02,14.425414085388184,14.425414085388184,14.228742502212999,14.344180131597218,27390
2006-05-03,14.297147750854492,14.476717469825447,14.267220211882512,14.412585363262405,46420
2006-05-04,14.404036521911621,14.459617268601031,14.014968604002002,14.258670457076336,32340
2006-05-05,14.429691314697266,14.485272070960322,14.361283954057175,14.476721599394347,35420
2006-05-08,14.404036521911621,14.425413594172483,14.121855759362148,14.198813578312421,32670
2006-05-09,14.404036521911621,14.476719105815304,14.156059433790695,14.254395222029748,42570
2006-05-10,14.38265609741211,14.476716634547842,14.173158851556748,14.472440503203298,46530
2006-05-11,14.224470138549805,14.322805052960565,14.156062773553732,14.322805052960565,36300
2006-05-12,14.10474967956543,14.215912036535524,13.895252460962444,14.215912036535524,18590
2006-05-15,14.211642265319824,14.25867254881537,13.87815594220528,13.976491744870138,23210
2006-05-16,14.292874336242676,14.382658758646746,14.13040732889378,14.207365148946433,16720
2006-05-17,14.207368850708008,14.412590953690064,13.873882484848087,14.280051454590446,30030
2006-05-18,14.369830131530762,14.515196177965699,14.280045721777661,14.335626461431694,27830
2006-05-19,14.540853500366211,14.690494823719403,14.07482769040993,14.143235049996754,39600
2006-05-22,14.502373695373535,14.643463641610799,14.121857108239219,14.361282852108271,55000
2006-05-23,14.245842933654785,14.579329186281104,14.177435589221476,14.536575044524213,39380
2006-05-24,14.476719856262207,14.536576738128995,13.993592257143582,14.00214272768,53020
2006-05-25,14.643467903137207,14.643467903137207,14.489551308714459,14.536581603489585,45210
2006-05-26,14.746075630187988,14.831584829967612,14.579332466360707,14.579332466360707,11660
2006-05-30,14.395492553710938,14.656295481017764,14.275779631681598,14.575062385269137,44660
2006-05-31,14.549407958984375,14.604988729623255,14.14751416276101,14.46389873606752,51920
2006-06-01,15.053905487060547,15.053905487060547,14.579329306872097,14.664838488121012,74140
2006-06-02,15.066729545593262,15.156513044120997,14.840128697220928,15.083830480910803,28050
2006-06-05,14.416865348815918,14.989777468063908,14.26722491355948,14.989777468063908,51700
2006-06-06,14.49809741973877,14.801655280546754,14.117581733389603,14.446791903701984,30030
2006-06-07,14.861515998840332,14.942749080753108,14.604987455441762,14.626365432077126,50710
2006-06-08,15.135138511657715,15.177894447753859,14.4852687352316,14.71186873794055,80300
2006-06-09,14.86578369140625,15.071006601386134,14.818753422514447,15.071006601386134,25300
2006-06-12,14.622085571289062,14.79310395860917,14.408313035652926,14.79310395860917,26840
2006-06-13,14.471303939819336,14.966748752833489,14.419605374215253,14.660865347034308,60720
2006-06-14,14.32912540435791,14.458371296911242,14.178337776462687,14.415289634026665,29370
2006-06-15,14.863343238830566,14.953815451637157,14.329125028882741,14.389439536120609,75130
2006-06-16,14.548849105834961,14.86334841953042,14.462684848391007,14.794417013575256,200970
2006-06-19,14.43252182006836,14.583309450512916,14.238653429910471,14.583309450512916,48070
2006-06-20,14.376510620117188,14.643619180990338,14.376510620117188,14.376510620117188,11550
2006-06-21,14.617778778076172,14.686710175855856,14.204189487498272,14.372209995561201,29150
2006-06-22,14.531612396240234,14.587619830117687,14.28604453842269,14.505763576211935,46310
2006-06-23,14.527302742004395,14.622083846990149,14.350666296412298,14.45837135797825,17380
2006-06-26,14.876270294189453,14.915043976271264,14.570387015766915,14.570387015766915,56320
2006-06-27,14.436827659606934,15.074443739131793,14.432518771036246,14.958121825711755,50050
2006-06-28,14.367897987365723,14.60484982688165,14.212802385775221,14.535918448396982,25080
2006-06-29,15.074446678161621,15.117528341072617,14.44544644534457,14.44544644534457,48070
2006-06-30,15.048596382141113,15.074446102019424,14.768561968324084,15.074446102019424,118360
2006-07-03,15.298477172851562,15.298477172851562,14.958128161668531,14.988285874940402,24750
2006-07-05,15.139069557189941,15.242465725409984,14.824569451568099,15.11321983721025,38830
2006-07-06,15.143369674682617,15.294158132055202,15.078747212250425,15.225226782341538,37070
2006-07-07,14.9365873336792,15.126148682509173,14.927970456782477,15.027059569645825,57530
2006-07-10,15.12183666229248,15.203691999527644,14.919349600180515,15.022747575860938,99770
2006-07-11,15.078754425048828,15.108912130949037,14.893501108104164,15.061521579377223,85470
2006-07-12,15.065834999084473,15.164924123412668,14.971053861753177,15.018444430418825,53790
2006-07-13,14.643625259399414,15.100296148637428,14.604851580321554,14.919350806441342,51260
2006-07-14,14.979667663574219,15.156304133174004,14.484223047572641,14.66516840718441,83490
2006-07-17,15.005509376525879,15.091674481355765,14.759941629848534,14.87626352707965,55220
2006-07-18,15.272625923156738,15.358791067884306,14.966742642242945,15.147687999931287,110770
2006-07-19,16.056716918945312,16.056716918945312,15.177840980155016,15.3501694183689,175340
2006-07-20,15.634520530700684,16.16443187358645,15.56989710801706,15.957635836318918,237600
2006-07-21,15.522500991821289,15.69483127264147,15.216619534033747,15.544042728873649,124410
2006-07-24,15.979171752929688,15.979171752929688,15.509576016829023,15.608665108290595,108240
2006-07-25,16.207508087158203,16.310905167023687,15.905932818934057,15.931782540850248,66660
2006-07-26,16.121341705322266,16.250588497124905,15.884389856283807,16.142883439889086,50160
2006-07-27,15.68191146850586,16.289370244744305,15.638829785823711,16.27644628227967,34430
2006-07-28,16.474618911743164,16.49615884180779,15.798228951725521,15.837002633641267,25850
2006-07-31,15.854227066040039,16.31951464417692,15.785295706893727,16.104104598794336,83160
2006-08-01,15.724987983703613,15.897318273401774,15.65605839874357,15.733605763648132,52580
2006-08-02,15.95762825012207,15.98778595355756,15.71636843043717,15.724984400619016,27280
2006-08-03,16.3109073638916,16.366914800953612,15.673291048276157,15.798229881199322,39050
2006-08-04,16.009334564208984,16.590943533918605,15.828390073663714,16.54355386976145,32780
2006-08-07,16.14288330078125,16.16873302047885,15.875773748770659,15.875773748770659,22220
2006-08-08,15.668986320495605,16.46600733271142,15.625904641073099,16.45308156342474,35640
2006-08-09,15.475111961364746,15.996405387220356,15.358790915327344,15.897318093077063,47410
2006-08-10,15.746526718139648,15.815458097750142,15.246773312064025,15.337246425727459,18590
2006-08-11,15.401871681213379,15.742220635142049,15.39325570967071,15.62589959591804,14630
2006-08-14,15.604355812072754,15.858539593829514,15.449259305655739,15.591431856454285,26180
2006-08-15,16.341060638427734,16.345368623524358,15.759450110000902,15.759450110000902,37400
2006-08-16,16.457382202148438,16.457382202148438,16.09980134934638,16.35829311826133,20460
2006-08-17,16.43153190612793,16.586628408271885,16.29797713722034,16.3626005291304,38940
2006-08-18,16.392759323120117,16.526314100912845,16.10410984066431,16.526314100912845,20900
2006-08-21,16.2247371673584,16.30228631942491,15.940395699844752,16.276436602069403,17710
2006-08-22,16.254901885986328,16.3281412769412,16.039491699907327,16.177354508245845,19580
2006-08-23,15.979171752929688,16.371220133207984,15.772377598870552,16.310904719657596,27390
2006-08-24,16.06964874267578,16.21612751845524,15.992101368180732,16.00071734139137,15620
2006-08-25,15.93608283996582,16.17734257661666,15.875767453853507,15.979164483846725,9020
2006-08-28,16.259199142456055,16.263508934197144,15.880076669728341,15.940392060521024,21560
2006-08-29,16.371219635009766,16.45307497390916,16.026562722066245,16.34536991458921,33220
2006-08-30,16.526317596435547,16.590941006313535,16.31952340794579,16.31952340794579,23650
2006-08-31,16.552169799804688,16.60817724549646,16.466006445601742,16.478930406392244,51260
2006-09-01,16.392759323120117,16.58232152637404,16.37983536699791,16.569395762452686,13530
2006-09-05,16.371219635009766,16.427225253488604,16.30659623785796,16.41860928261481,61490
2006-09-06,15.987796783447266,16.392769349904633,15.987796783447266,16.302297986113267,19580
2006-09-07,15.849926948547363,16.125652521978,15.785303541299625,15.940400080254088,30690
2006-09-08,15.875772476196289,15.970553568957257,15.668978350789985,15.940395866360632,32340
2006-09-11,16.013639450073242,16.069646885067392,15.638824772941868,15.819769228446837,18150
2006-09-12,16.267818450927734,16.397063404777363,16.013632911979485,16.013632911979485,21780
2006-09-13,16.54979705810547,16.54979705810547,16.267821965224247,16.45869847690794,74360
2006-09-14,16.519428253173828,16.53677966640042,16.324213932377248,16.53677966640042,26730
2006-09-15,16.567153930664062,16.671267917971434,16.450026377568413,16.601858593099852,82060
2006-09-18,16.471715927124023,16.60619672383527,16.324221564408624,16.51075844547023,19250
2006-09-19,16.48472785949707,16.48472785949707,16.089961262746293,16.46303676703456,35420
2006-09-20,16.688617706298828,16.69295556066404,16.423994027354308,16.59317944926419,46090
2006-09-21,16.66693115234375,16.82310123334789,16.580170400748973,16.714649383687494,29810
2006-09-22,16.45869255065918,16.606186825458312,16.26781610770399,16.567144330383993,22770
2006-09-25,16.66693115234375,16.836116620320798,16.272164453619364,16.463041019662025,26180
2006-09-26,16.57582664489746,16.84912603971868,16.49340376913659,16.70163170611148,28490
2006-09-27,16.62354278564453,16.69728993515015,16.463033105916857,16.463033105916857,19800
2006-09-28,16.653911590576172,16.948900224208078,16.5931779941226,16.70162980474216,44110
2006-09-29,16.33289337158203,16.78405388290586,16.311202279758778,16.71030671917344,28490
2006-10-02,15.964149475097656,16.36325375807488,15.855697699158004,16.36325375807488,46640
2006-10-03,15.964149475097656,16.137674501000227,15.886064487674323,15.96848732769533,31350
2006-10-04,16.65825080871582,16.692955463769394,15.886070868523785,15.981509125004449,50490
2006-10-05,16.857803344726562,17.317639577678253,16.60185537122512,16.71464504716924,47960
2006-10-06,16.901185989379883,17.022651390552543,16.732000542472495,16.74935196249704,9130
2006-10-09,16.84478759765625,16.875154398280834,16.662588614242075,16.814420797031666,30690
2006-10-10,16.636560440063477,16.844788379438967,16.571488981466956,16.827436961324384,24090
2006-10-11,16.415319442749023,16.636560952525436,16.289514376209414,16.60185629489383,18150
2006-10-12,17.026994705200195,17.026994705200195,16.311210172668194,16.311210172668194,32010
2006-10-13,16.970596313476562,17.057358879729687,16.727663676435025,17.057358879729687,38720
2006-10-16,16.983604431152344,17.06602911570214,16.810081174643745,17.06168944149793,35970
2006-10-17,17.152790069580078,17.20918581134554,16.67560065253848,16.814419259653626,48180
2006-10-18,17.135435104370117,17.348000824942012,17.031321170600243,17.22219580567862,69190
2006-10-19,17.04000473022461,17.131105146885275,16.870819282331162,17.131105146885275,34870
2006-10-20,16.779720306396484,17.139782328589437,16.745015642831728,17.139782328589437,18700
2006-10-23,16.536775588989258,16.762356647644598,16.510746655234325,16.718976304941343,36960
2006-10-24,16.58016014099121,16.6539072803124,16.44133974774033,16.532440118842644,31460
2006-10-25,16.56281089782715,16.64523376272142,16.397963347705446,16.610529111134387,28050
2006-10-26,16.810081481933594,16.810081481933594,16.38928780474974,16.697291818224485,29150
2006-10-27,16.55413246154785,16.99661715143513,16.54979278802323,16.692951045015793,22220
2006-10-30,16.91853904724121,16.94023014470536,16.406644801957846,16.55414098811325,24750
2006-10-31,16.649572372436523,16.90985818132155,16.497740197475753,16.888167090470052,109120
2006-11-01,16.107311248779297,16.771039323604054,16.020550527307577,16.771039323604054,53680
2006-11-02,15.99018669128418,16.263486109122276,15.838354490411257,15.946806322510994,56870
2006-11-03,16.21142578125,16.272157553479758,16.020549296147703,16.02488714985461,26620
2006-11-06,16.45869255065918,16.62787790953634,16.26781610770399,16.26781610770399,26840
2006-11-07,16.48472785949707,16.866479072636995,16.48472785949707,16.493403568348725,46530
2006-11-08,16.901185989379883,16.996624260515727,16.285177812503466,16.298191377521874,78980
2006-11-09,16.714645385742188,16.97493121893692,16.614871091373175,16.97493121893692,48950
2006-11-10,17.178817749023438,17.178817749023438,16.684275132327457,16.684275132327457,33330
2006-11-13,17.243881225585938,17.33064371872086,17.100724841228892,17.118076247656564,87890
2006-11-14,17.543222427368164,17.543222427368164,17.096399714954426,17.17882259749992,155320
2006-11-15,18.042104721069336,18.085486918516253,17.491167924632105,17.495505780310015,69080
2006-11-16,17.85989761352539,18.076801221447983,17.72107901320164,17.894602263606327,70180
2006-11-17,17.755783081054688,17.950997413983618,17.703725197473766,17.703725197473766,41140
2006-11-20,17.990039825439453,17.99871553254802,17.70372510785971,17.88158802558336,63800
2006-11-21,18.18092155456543,18.18959908538194,17.88159498023931,17.99438467751678,21450
2006-11-22,18.01607322692871,18.193936206653024,17.87725458346929,18.185260496520222,33550
2006-11-24,17.959674835205078,18.007393049430963,17.924970182949927,17.959674835205078,8140
2006-11-27,17.712406158447266,18.13753773532532,17.55189644334703,17.998719112644046,48070
2006-11-28,17.786148071289062,17.998713796949467,17.69070984129883,17.71673878044759,34870
2006-11-29,17.77747917175293,18.2112883601978,17.656013764001944,17.920637496376674,45430
2006-11-30,17.530197143554688,17.81651178403665,17.456450012324225,17.608283947503867,34100
2006-12-01,17.287273406982422,17.59527746510331,16.84912643015316,17.525868151169966,49390
2006-12-04,17.77747917175293,17.977031434844243,17.23955781685505,17.33933394840071,42570
2006-12-05,17.6473388671875,17.903285080547324,17.6473388671875,17.890271514224107,22220
2006-12-06,17.608285903930664,17.677695190486872,17.547552323110803,17.638650874007876,21450
2006-12-07,17.42608642578125,17.664681093170504,17.421748572598354,17.56056715578244,7700
2006-12-08,17.30463218688965,17.621312055575487,17.30463218688965,17.413084047097072,32780
2006-12-11,17.36101531982422,17.387044259752884,17.28726817363707,17.326310673363626,16610
2006-12-12,17.348012924194336,17.569256325468,17.321983967514953,17.387055449046382,41250
2006-12-13,17.42662239074707,17.57948666346614,17.278123626517694,17.553282616284935,95480
2006-12-14,17.88959503173828,18.011887988875177,17.391692181014108,17.391692181014108,25520
2006-12-15,17.701784133911133,18.116703647595273,17.67994558956178,17.933266106266725,87670
2006-12-18,17.374202728271484,17.824062492122312,17.286852278651345,17.81532781370157,31240
2006-12-19,17.62316131591797,17.636265171775392,17.260653681688222,17.260653681688222,41580
2006-12-20,17.570756912231445,17.793504204735015,17.43972930872437,17.610064826742033,58300
2006-12-21,17.675573348999023,17.885216718909135,17.601324884577586,17.601324884577586,24310
2006-12-22,17.73672103881836,17.802234825616154,17.579487583962198,17.75419040452056,14740
2006-12-26,17.98567008972168,17.990037430603476,17.631897151225868,17.631897151225868,59510
2006-12-27,18.56220245361328,18.57093714112314,18.10797487789337,18.1123422216483,27280
2006-12-28,18.387495040893555,18.601505828771263,18.387495040893555,18.540359365746834,19580
2006-12-29,18.138532638549805,18.5447172946843,18.077388039271657,18.418058922951758,48730
2007-01-03,17.85901641845703,18.125438971543833,17.544551265356354,18.08613105649471,110220
2007-01-04,17.841541290283203,17.950730315225744,17.592590020181074,17.863377995647436,70400
2007-01-05,17.30432891845703,17.876481751828646,17.286859554263117,17.85027587283066,45980
2007-01-08,17.465932846069336,17.579489231900467,17.142731223208315,17.38731702762528,29370
2007-01-09,17.25628662109375,17.57511901729713,16.981129468808348,17.4702973322697,25190
2007-01-10,17.234455108642578,17.273763027463882,17.01170962441922,17.09032546206183,26180
2007-01-11,17.27375602722168,17.50087059501555,17.225713442066798,17.234448124330022,52580
2007-01-12,16.946191787719727,17.273758921846557,16.837002743010782,17.273758921846557,49940
2007-01-16,16.837003707885742,17.212615289450678,16.627360290180786,17.02044124020069,31900
2007-01-17,17.037906646728516,17.378577579457694,16.76274949588627,16.76274949588627,52580
2007-01-18,16.793317794799805,17.177663858580722,16.684128801223096,16.99859376249839,65340
2007-01-19,17.1864070892334,17.208245629568246,16.60551951031666,16.745281769962133,86350
2007-01-22,17.120899200439453,17.29996942822565,16.928725110854106,17.29996942822565,40700
2007-01-23,17.011703491210938,17.21697952982042,16.954924388546278,17.072849935202534,42020
2007-01-24,17.321802139282227,17.348008021342174,16.959292630123716,17.002967878418744,43010
2007-01-25,16.91998863220215,17.422260518104242,16.710345192705905,17.378583427011712,35640
2007-01-26,17.14272689819336,17.177667456765125,16.622985860349978,16.885040965991706,26510
2007-01-29,17.251924514770508,17.30870179927982,16.915620819330115,17.02917722105644,43670
2007-01-30,17.112154006958008,17.25191622894408,16.810791028535476,17.25191622894408,88770
2007-01-31,17.07721519470215,17.234446794133262,16.850100644437536,17.016068758164714,118580
2007-02-01,16.806421279907227,17.26938311571918,16.79331742803199,17.05973981278095,93390
2007-02-02,16.749650955200195,17.011706137234754,16.679769817685315,16.885045888223715,56320
2007-02-05,16.561840057373047,16.954920854647554,16.49195894529283,16.762746880073536,135300
2007-02-06,16.49633026123047,16.79332414279179,16.42207995813285,16.55310753303686,85140
2007-02-07,16.87193489074707,16.880669570114986,16.491956178470794,16.491956178470794,48400
2007-02-08,16.45701789855957,16.950554896490853,16.45701789855957,16.810792660933284,97240
2007-02-09,16.28668212890625,16.62298381840682,16.212433680150195,16.435179026418364,88220
2007-02-12,16.71034049987793,16.762750428679638,16.208068755030705,16.343463667437035,63030
2007-02-13,16.819528579711914,16.88067502044299,16.67976633387353,16.815161238617854,36410
2007-02-14,16.762746810913086,16.963655465491506,16.701602212625303,16.797687366809036,29810
2007-02-15,16.588048934936523,16.771488282145896,16.50069843572886,16.771488282145896,31350
2007-02-16,16.566207885742188,16.692868092383385,16.408974462577014,16.58804458846867,46970
2007-02-20,16.740917205810547,16.793327145518926,16.37840763927149,16.509435237603864,33660
2007-02-21,16.8326358795166,16.86320727342966,16.561846014626628,16.622990635160246,29920
2007-02-22,16.87193489074707,16.919977459977147,16.574939297879073,16.8544636993047,51590
2007-02-23,16.701610565185547,16.819534313043576,16.596788845075825,16.815166970460808,49610
2007-02-26,16.64482879638672,16.841370177569054,16.317259827749496,16.83263549379405,42350
2007-02-27,15.592245101928711,16.461393928091965,15.587877759336944,16.417716836758782,132880
2007-02-28,15.592245101928711,15.858667661688536,15.52236395504493,15.614083647595303,100980
2007-03-01,15.670856475830078,15.701427861699933,15.317082624483714,15.47431514185315,43890
2007-03-02,15.242839813232422,15.600981138130923,14.958946975517003,15.566040565767842,81180
2007-03-05,15.015717506408691,15.330183413399379,14.976409611667373,15.21225789646866,46640
2007-03-06,15.635916709899902,15.710165173337245,15.076866814529069,15.212260801869647,61380
2007-03-07,15.417539596557617,15.705800652658441,15.382599029094559,15.653388885110129,61160
2007-03-08,15.378231048583984,15.723269367040501,15.295247891570845,15.343290482572026,43670
2007-03-09,15.400071144104004,15.531098738051739,15.22100003795185,15.531098738051739,31790
2007-03-12,15.474321365356445,15.53110048450723,15.168590889335189,15.430646106698484,30470
2007-03-13,14.985796928405762,15.822008499820528,14.941786279063267,15.822008499820528,65120
2007-03-14,15.337874412536621,15.447902794240841,14.90656540932767,14.924169839593544,50490
2007-03-15,15.60195541381836,15.60195541381836,15.126635353450366,15.183849574313614,53900
2007-03-16,15.465522766113281,15.637165441150158,15.276273796337628,15.597555664094795,120560
2007-03-19,15.852811813354492,15.857210845013814,15.518326584104678,15.518326584104678,93720
2007-03-20,16.103675842285156,16.160889112447084,15.61955332797501,15.879218100016574,121660
2007-03-21,16.543785095214844,16.543785095214844,15.958436857583973,15.980443096934575,43780
2007-03-22,16.27532196044922,16.5922019003303,16.20050146982159,16.5922019003303,31460
2007-03-23,16.10807991027832,16.328134970613597,16.07287102675343,16.275322568716856,32450
2007-03-26,15.980445861816406,16.279722273572947,15.760390817360195,16.08167162549372,39820
2007-03-27,15.77799129486084,16.072866770534766,15.751586024295387,15.945233909012247,16500
2007-03-28,15.593159675598145,15.817615764933096,15.49193383723657,15.685583748914997,26620
2007-03-29,15.672368049621582,15.945237345179724,15.40390055682995,15.725182295695271,30580
2007-03-30,15.945236206054688,16.059664601998126,15.645961655620933,15.817603326145601,78540
2007-04-02,15.962841033935547,16.103676546307867,15.68997176701895,16.04206054794975,44110
2007-04-03,16.46897315979004,16.58780431508239,15.96724695036888,16.059669130283492,85030
2007-04-04,16.389751434326172,16.605405621066485,16.196101646162678,16.402954073472262,92290
2007-04-05,16.363346099853516,16.47777637209979,16.218109666228653,16.460171004530572,38280
2007-04-09,15.949642181396484,16.42056224638673,15.93643953999326,16.35454534580748,50050
2007-04-10,15.923230171203613,16.21810569319453,15.910027533847108,15.914428412965943,34760
2007-04-11,15.848407745361328,16.028854826798494,15.773589124658384,16.002447711614938,52250
2007-04-12,15.984837532043457,15.989238408783459,15.733974630403404,15.821995858763422,22330
2007-04-13,16.350133895874023,16.350133895874023,15.791192889290553,16.028853208385172,50380
2007-04-16,16.706626892089844,16.71542864914832,16.28412039191399,16.301723906030944,44110
2007-04-17,16.20490264892578,16.649413590138213,16.17409464908654,16.561392316409773,76670
2007-04-18,15.201452255249023,16.147692308641734,15.183847810613594,16.12128517999322,200200
2007-04-19,14.910972595214844,15.381891534930924,14.897769036081216,15.381891534930924,121110
2007-04-20,15.126631736755371,15.258665516984465,14.880169542158992,14.950587312043671,62810
2007-04-23,14.87136459350586,15.20144807039819,14.800946834349656,15.073816112775194,63580
2007-04-24,14.932978630065918,15.351084250902728,14.827352005226537,14.906571512160886,82830
2007-04-25,15.223454475402832,15.403899754321785,14.98579315062451,15.113426033002284,80080
2007-04-26,15.126631736755371,15.2630663967546,14.827356214745482,15.15303793876681,65450
2007-04-27,15.056208610534668,15.249857408825823,14.919773999072868,15.051806808939865,67100
2007-04-30,14.638104438781738,15.276265082348882,14.598493760930438,15.166237576228422,59620
2007-05-01,14.792146682739258,14.858163574087042,14.374040935390829,14.620504057981933,55330
2007-05-02,14.94617748260498,15.038601448488814,14.717319853379083,14.822946451483343,31240
2007-05-03,14.827347755432129,14.994589401798056,14.774534458149715,14.994589401798056,45430
2007-05-04,14.89777660369873,14.919782854563413,14.64691346968087,14.818557055436608,51480
2007-05-07,14.580889701843262,14.853758958308694,14.470862192864166,14.796544764446415,65450
2007-05-08,14.858162879943848,14.858162879943848,14.303623419345115,14.523678482369666,66330
2007-05-09,14.818553924560547,14.915378822413516,14.4928712685168,14.4928712685168,46860
2007-05-10,14.541282653808594,14.827355523165016,14.413649759302713,14.690920869529402,61820
2007-05-11,14.858162879943848,14.919778888560712,14.629305134235198,14.853762000297102,51590
2007-05-14,14.792146682739258,14.90217514278245,14.646910260486655,14.770141360086882,70510
2007-05-15,14.42245101928711,14.941782458435735,14.391643941981057,14.787744301733966,123090
2007-05-16,14.563286781311035,14.602896540929319,14.294819299000805,14.4972708230774,88550
2007-05-17,14.457656860351562,14.686515454517492,14.264008062002961,14.554481721221018,39820
2007-05-18,14.38284683227539,14.655715294951925,14.233208573343724,14.523682406144792,48180
2007-05-21,14.598496437072754,14.624903560481144,14.308022696533309,14.308022696533309,20570
2007-05-22,14.708526611328125,14.80094970731296,14.334431500653558,14.51487681266935,34430
2007-05-23,14.585298538208008,14.902178581734493,14.457665605911135,14.765743887701761,26950
2007-05-24,14.38284683227539,14.708529558543809,14.233208573343724,14.541286852878466,58520
2007-05-25,14.743730545043945,14.831753660409788,14.413647094288516,14.462059530722602,92840
2007-05-29,15.007803916931152,15.029810166078894,14.787748812580004,14.827358583620684,54340
2007-05-30,14.937378883361816,15.069412620579774,14.836153141280095,14.875763816479683,40260
2007-05-31,14.94617748260498,15.144228046593074,14.756929596820646,15.144228046593074,58520
2007-06-01,15.126631736755371,15.280670839225769,15.016604202158218,15.029807764859255,44220
2007-06-04,15.144230842590332,15.364286757630342,15.06060953947171,15.06060953947171,32670
2007-06-05,14.89337158203125,15.126631127928848,14.638107638168632,15.029807159929765,62590
2007-06-06,14.717325210571289,14.871364286391993,14.506071937465345,14.818550968115506,55440
2007-06-07,14.510473251342773,14.743731849873566,14.36963773171807,14.616099891061303,41690
2007-06-08,14.75253677368164,14.765740336500802,14.462063008613331,14.462063008613331,19030
2007-06-11,14.6513090133667,14.778941897681094,14.514874370625392,14.682117014641934,23870
2007-06-12,14.43125057220459,14.646904683545065,14.321222154055715,14.554481624883476,55110
2007-06-13,14.866142272949219,14.972646813123506,14.431253001248747,14.608759016444242,33220
2007-06-14,14.679768562316895,15.012592735448289,14.635391571405902,14.906089074530838,27390
2007-06-15,15.132404327392578,15.376475364931167,14.75520422550565,14.950460869325099,107030
2007-06-18,14.990397453308105,15.256656476788118,14.937145648612104,15.141278032141942,20900
2007-06-19,14.954901695251465,15.070280181906904,14.719705440583175,14.892774101623665,52910
2007-06-20,14.54662799835205,14.923828889546536,14.484501373284827,14.879451930735575,49390
2007-06-21,14.373564720153809,14.626510575604248,14.311437145239214,14.471192569374818,64240
2007-06-22,14.08512020111084,14.369129914044027,13.934240506643723,14.315878092869054,186780
2007-06-25,14.098426818847656,14.4001869982092,13.951983680570743,14.085113636993965,52360
2007-06-26,14.058489799499512,14.333624595650331,13.98748739159698,14.164994342410324,38940
2007-06-27,14.591018676757812,14.639833098031904,13.943120800100523,13.95643306230993,64350
2007-06-28,14.635382652282715,14.750762013490627,14.329185046512944,14.622069470017019,36080
2007-06-29,14.333624839782715,14.755202807705643,14.333624839782715,14.715263254287452,46530
2007-07-02,14.48450756072998,14.586573771644415,14.320314698209259,14.45788118785788,28160
2007-07-03,14.289255142211914,14.662018910853945,14.25375485064232,14.528888860473575,53790
2007-07-05,14.466758728027344,14.706392389002941,14.284814307265398,14.3291912904694,94270
2007-07-06,14.622076034545898,14.843960022436535,14.4356951233786,14.4356951233786,56760
2007-07-09,14.559947967529297,14.75964297869925,14.471194939583942,14.61763813398668,25960
2007-07-10,14.222684860229492,14.409066663461555,14.116181238684625,14.409066663461555,109780
2007-07-11,14.209368705749512,14.34249867039187,14.156116906103948,14.2537456709826,90530
2007-07-12,14.710829734802246,14.710829734802246,14.169435756328264,14.293690005200967,71610
2007-07-13,14.599889755249023,14.693080216041242,14.444570768833085,14.693080216041242,34980
2007-07-16,14.307004928588867,14.706394099652773,14.307004928588867,14.568826646092964,50600
2007-07-17,14.102866172790527,14.462316545869166,13.978611964222559,14.462316545869166,206800
2007-07-18,13.912053108215332,14.018556762497802,13.667982001053659,13.978618124906221,162360
2007-07-19,14.049617767333984,14.133932445248629,13.67685505146905,13.978615345264473,93500
2007-07-20,13.592538833618164,14.018553346951874,13.450533064783103,14.018553346951874,112970
2007-07-23,13.450530052185059,13.685726210369248,13.410591433269612,13.672413027045115,71500
2007-07-24,12.975703239440918,13.401717722692313,12.784884019386958,13.352904261445909,167420
2007-07-25,12.989014625549316,13.17983381917072,12.798195431927912,13.099956580154343,131780
2007-07-26,12.62956428527832,12.882511048533368,12.38993163663197,12.780444859731698,75350
2007-07-27,12.514187812805176,12.815948078130091,12.376620400260421,12.634004621507287,81840
2007-07-30,12.62956428527832,12.847009846433393,12.323366649930273,12.651753234883529,51040
2007-07-31,12.727191925048828,13.086642262646253,12.722754507945089,12.77600630636061,112420
2007-08-01,12.780448913574219,12.878077715844604,12.483126018914557,12.691695880172622,56100
2007-08-02,12.72276496887207,13.108841057588755,12.616261284471443,12.83814349477726,54230
2007-08-03,12.132550239562988,12.736070813733933,12.097049029317638,12.736070813733933,122980
2007-08-06,12.691692352294922,12.753819923935225,11.777535896835616,12.239051542237576,87890
2007-08-07,12.758257865905762,12.997891464856055,12.159174799587069,12.594064094712877,89870
2007-08-08,13.521536827087402,13.841047721831616,12.882514106541787,12.882514106541787,150700
2007-08-09,13.845483779907227,13.898735590465334,12.660629831167972,13.428344131673505,121000
2007-08-10,13.845483779907227,13.925361961272936,13.43278248084617,13.588100494404923,130900
2007-08-13,12.474245071411133,13.93867091117263,12.46980858540442,13.93867091117263,133980
2007-08-14,11.923979759216309,12.847012107312302,11.923979759216309,12.616254253052587,133980
2007-08-15,11.879602432250977,12.15917465058126,11.879602432250977,11.977230279142344,196350
2007-08-16,13.295218467712402,13.295218467712402,11.746476285596549,11.848541583617608,307120
2007-08-17,13.898736000061035,14.182745664740704,13.486034688837671,13.623602102931166,129140
2007-08-20,13.956421852111816,14.09398923290544,13.628036222344276,13.778916785711422,53460
2007-08-21,14.147244453430176,14.258186426963219,13.836609348286174,13.916486600930558,75900
2007-08-22,14.54662799835205,14.564379526721853,14.151677440901304,14.320308580903482,65010
2007-08-23,14.382436752319336,14.62650772437935,14.20049241200618,14.62650772437935,318780
2007-08-24,14.790702819824219,14.812891770572325,14.364688372681586,14.364688372681586,92950
2007-08-27,13.983050346374512,14.839517612807773,13.929798539028988,14.68863702646694,122760
2007-08-28,13.49047565460205,14.058495133330426,13.47272504589179,13.91205284423511,114290
2007-08-29,13.991924285888672,14.04961443844405,13.379529006167552,13.579223038158615,228910
2007-08-30,14.040740013122559,14.29812422224868,13.623601307992931,13.801106407003166,88440
2007-08-31,14.20493221282959,14.39575140673997,14.00079983537733,14.271497199482019,44550
2007-09-04,14.080680847167969,14.391315962473067,13.934238591824954,14.107306288567994,27720
2007-09-05,13.841044425964355,14.014113018836868,13.699039617670389,13.965298633221575,41580
2007-09-06,13.832170486450195,14.040739363841698,13.67241413572011,13.867671690821986,24420
2007-09-07,13.228646278381348,13.676849586909242,13.206457332057278,13.55703188371838,49170
2007-09-10,13.219771385192871,13.415027980742492,12.851446210823683,13.339588165226179,39710
2007-09-11,13.690167427062988,13.725667704936722,13.321841220583691,13.321841220583691,37950
2007-09-12,13.403648376464844,13.811041283479668,13.318589268555664,13.748365162622717,26400
2007-09-13,13.712552070617676,13.864763914175295,13.36783524509665,13.49766409904613,28380
2007-09-14,13.36783504486084,13.578246415359022,13.25591446282989,13.578246415359022,37730
2007-09-17,13.318592071533203,13.488711262431842,13.15294853970926,13.35440579763166,125180
2007-09-18,14.34378719329834,14.487045851017497,12.99178220215702,13.363359580435548,126170
2007-09-19,14.849662780761719,14.97949158858615,14.446748446849725,14.504946077710237,96250
2007-09-20,14.518381118774414,14.831759862044075,14.361691747139583,14.737746614774268,36300
2007-09-21,14.446751594543457,14.594486819881606,14.348260818132921,14.585532685990804,105930
2007-09-24,14.075175285339355,14.563150758488563,14.0124991573365,14.415414573600879,27280
2007-09-25,13.864762306213379,14.13784977620598,13.842378379923424,13.958776487331,16390
2007-09-26,13.6812105178833,13.900575970715769,13.515567983522088,13.900575970715769,68640
2007-09-27,13.918481826782227,13.918481826782227,13.605104096414498,13.627488018738442,18260
2007-09-28,13.448413848876953,13.963249663051895,13.434983120683098,13.878189636860741,35970
2007-10-01,14.401987075805664,14.437801743437511,13.5245267795475,13.5245267795475,72930
2007-10-02,14.3124418258667,14.549714561132,14.124414463890174,14.424362360296069,36850
2007-10-03,13.8468599319458,14.433326336955176,13.743893458457954,14.200530978119934,57200
2007-10-04,14.09307861328125,14.1736620493562,13.88266729943404,13.88266729943404,24860
2007-10-05,14.334830284118652,14.549719168399582,14.043836426746156,14.146803801879635,46090
2007-10-08,14.35273265838623,14.357209254209087,14.169181897598387,14.321394609071557,26400
2007-10-09,14.406460762023926,14.446752959422716,14.070698086033811,14.40198416429442,27830
2007-10-10,14.240813255310059,14.460177739336174,14.093077127956066,14.406455767374018,30580
2007-10-11,13.775225639343262,14.487043135559224,13.600628948155062,14.325876236556523,43890
2007-10-12,13.90505599975586,14.231864552366115,13.636445098207094,13.775227146866548,20570
2007-10-15,13.296202659606934,13.88714537574493,13.085791337572084,13.88714537574493,47080
2007-10-16,13.143994331359863,13.63644644721209,13.117133802114436,13.390220389285977,60280
2007-10-17,12.656017303466797,13.390217797530516,12.41426789066063,13.390217797530516,77660
2007-10-18,12.459036827087402,12.718693591593054,12.248625456772476,12.553051017618179,67430
2007-10-19,12.096415519714355,12.463516326087849,11.921818783277232,12.445608053310686,99770
2007-10-22,12.861950874328613,12.942534323491879,11.680066235359291,11.957630301137833,79970
2007-10-23,12.915675163269043,12.978350350987107,12.297870846119611,12.978350350987107,76780
2007-10-24,12.548571586608887,12.844042967881744,12.21280895220534,12.844042967881744,58300
2007-10-25,12.43664836883545,12.794794851999383,12.342635151824274,12.566477173440445,61710
2007-10-26,12.888812065124512,12.960441378745605,12.441127915715022,12.638108528173031,58520
2007-10-29,12.888812065124512,13.018639961243332,12.826136885344878,12.991779438274246,43450
2007-10-30,12.87091064453125,13.023123475481347,12.557531783957682,12.88881798115608,55110
2007-10-31,13.049980163574219,13.072365032214636,12.656018873969893,12.991781571520304,79420
2007-11-01,12.176997184753418,12.808230362196497,12.087460530531782,12.808230362196497,119350
2007-11-02,12.257574081420898,12.620198069142889,12.109837965262747,12.373972148156652,66660
2007-11-05,12.262055397033691,12.342638849526095,12.033736710795875,12.033736710795875,53240
2007-11-06,12.656017303466797,12.664970498389705,12.042689637250783,12.329207842504557,87780
2007-11-07,11.881524085998535,12.673924068930752,11.827802101017248,12.4769434573327,62480
2007-11-08,12.566481590270996,12.633633375008477,11.944200682959385,12.011353406974624,71170
2007-11-09,12.848514556884766,13.135032632126771,12.333679782656063,12.333679782656063,94050
2007-11-12,12.785844802856445,13.188760165108096,12.741076011816192,12.821659459977585,90750
2007-11-13,13.264866828918457,13.287250756069142,12.879858773393664,12.879858773393664,76670
2007-11-14,13.103703498840332,13.296207565329281,12.82614030421167,13.296207565329281,180620
2007-11-15,12.982828140258789,13.170855599223634,12.709741557247755,13.014166206632572,37950
2007-11-16,13.005203247070312,13.121600350110652,12.74554665376339,13.032063755742255,72820
2007-11-19,12.73659896850586,13.166375778187966,12.535140824795539,12.852997069712552,47080
2007-11-20,12.602293968200684,12.803752118766287,12.132226828769587,12.71869207336821,46310
2007-11-21,12.382929801940918,12.709739262165922,12.226240437644293,12.503804508071326,49940
2007-11-23,12.709734916687012,12.88433061109451,12.467985587080685,12.503800233001817,21010
2007-11-26,12.118796348571777,12.714215739414184,12.065074361830352,12.714215739414184,66110
2007-11-27,12.28444766998291,12.42322979228073,11.729319180791624,12.185956828585011,53900
2007-11-28,12.897764205932617,12.960440319869221,12.521710340145717,12.521710340145717,55330
2007-11-29,12.51723575592041,12.915674548909672,12.490374291549124,12.87090575471677,38720
2007-11-30,12.647065162658691,12.879860477956761,12.418746445527663,12.7589866917796,58960
2007-12-03,12.217286109924316,12.705260547373406,12.176994858042649,12.705260547373406,34320
2007-12-04,12.118796348571777,12.329207698128453,11.997921643584148,12.150134408990363,47080
2007-12-05,12.45008659362793,12.57543793821597,12.118800427577685,12.338165045787257,41140
2007-12-06,12.92015552520752,12.93806192181992,12.391887707522415,12.432179917734441,60830
2007-12-07,12.794798851013184,13.041024869965675,12.696309006998819,13.041024869965675,34210
2007-12-10,12.911191940307617,12.97386803970213,12.69630406685904,12.848515840913105,21120
2007-12-11,12.320255279541016,13.24695984403654,12.3157777425722,12.982826491096867,72710
2007-12-12,12.406221389770508,12.894869541300242,12.189044855437789,12.795329821757187,52910
2007-12-13,12.32478141784668,12.401698829679136,11.881378791005531,12.265963002324066,51700
2007-12-14,12.030689239501953,12.315733737627385,11.908527176122295,12.11665520627144,54230
2007-12-17,11.9356689453125,12.11665030442788,11.899473812626542,11.931144672386871,79200
2007-12-18,12.40169620513916,12.40169620513916,11.845180190182463,12.139274104119673,74690
2007-12-19,12.415275573730469,12.537436708450455,12.225245559808027,12.351931919329163,49610
2007-12-20,12.777228355407715,12.786276900607762,12.265958022459998,12.596247958598132,92620
2007-12-21,13.261353492736816,13.487579503282538,12.858672276145809,13.09847110688507,253990
2007-12-24,13.627840995788574,13.67308563305323,12.944638619418315,13.41971300638399,27610
2007-12-26,13.360888481140137,13.469476699997141,12.989878258738358,13.469476699997141,81290
2007-12-27,12.419795036315918,13.338272043718558,12.415271711484877,13.252307038461602,59730
2007-12-28,12.397171020507812,12.781754172891102,12.30215558873797,12.60529802735394,45540
2007-12-31,12.455986022949219,12.695784775000584,12.275004704331485,12.333824036326554,33880
2008-01-02,12.121175765991211,12.474088074416455,11.95829338116749,12.474088074416455,64570
2008-01-03,12.103082656860352,12.32478353370074,12.103082656860352,12.170949632907682,80520
2008-01-04,11.808982849121094,11.926619633316237,11.763737274928511,11.917571088046245,126390
2008-01-07,11.976396560668945,12.437897323583588,11.76374422973217,11.881381083475004,62150
2008-01-08,11.600859642028809,12.216194195868923,11.587285869313813,12.057836045610667,98670
2008-01-09,12.184521675109863,12.193571173531456,11.591810380137042,11.591810380137042,98230
2008-01-10,12.293110847473145,12.646023247782782,11.813512114872069,12.021639186138792,82720
2008-01-11,11.704916954040527,12.383593810127644,11.627999585516024,12.284054132875095,77880
2008-01-14,11.881378173828125,12.139276042550021,11.763741348893534,11.863281077020835,47740
2008-01-15,11.890427589416504,12.003540139368296,11.691349083817624,11.904001361209453,124080
2008-01-16,12.460514068603516,12.668641081733231,11.76373896099315,11.76373896099315,119790
2008-01-17,12.170944213867188,12.39717116375774,11.827081414394206,12.39717116375774,95810
2008-01-18,11.723020553588867,12.324781324702736,11.428927528917141,12.09403098951175,139150
2008-01-22,11.863282203674316,12.207145112012235,10.578318910796357,10.849789627905238,176000
2008-01-23,12.994407653808594,13.121093959090045,11.537513719150287,11.564661259208275,128260
2008-01-24,12.899391174316406,13.11204339130278,12.13927251048416,13.048699773783042,70840
2008-01-25,12.546483039855957,13.12109626272912,12.419795763051257,13.12109626272912,65340
2008-01-28,12.885817527770996,13.044175623781243,12.15737066583623,12.45598881686358,58520
2008-01-29,12.81342887878418,13.098473339939968,12.496712599881928,12.967261794784958,67210
2008-01-30,12.894866943359375,13.4016120880413,12.519331408467146,12.695787544381977,105820
2008-01-31,13.080370903015137,13.27944934172213,12.668639309088217,12.668639309088217,78540
2008-02-01,13.256829261779785,13.446859187189041,12.872245137548942,13.16633809784697,33550
2008-02-04,12.885817527770996,13.3518423206647,12.831523404791563,13.247778347633886,184030
2008-02-05,12.641494750976562,12.994407059914561,12.555529759711023,12.555529759711023,128040
2008-02-06,12.623394012451172,13.030600362783225,12.591722207021617,12.7681783238082,73370
2008-02-07,12.917486190795898,13.143713088659375,12.46503619219203,12.551001160329534,36850
2008-02-08,12.885817527770996,13.148239596812058,12.731983704688801,12.858670940921746,95260
2008-02-11,12.677689552307129,12.881293224968504,12.487659647679365,12.881293224968504,71060
2008-02-12,12.826997756958008,13.007979110165076,12.51028252472767,12.76817936300223,211420
2008-02-13,13.207062721252441,13.229685043273122,12.77723385645313,12.998934700674608,89100
2008-02-14,12.691262245178223,13.252302416415963,12.605296320622681,13.252302416415963,99000
2008-02-15,12.700313568115234,12.912965799214135,12.555529231925513,12.573626324668242,74140
2008-02-19,12.437895774841309,12.985361497598117,12.428846276067144,12.70031794935365,117370
2008-02-20,12.831524848937988,12.967259697022621,12.374548550469193,12.374548550469193,75900
2008-02-21,12.541956901550293,13.102996268632223,12.52385790816978,12.949163368427726,158510
2008-02-22,12.81342887878418,12.944639474657995,12.501236874051083,12.587202829670973,138930
2008-02-25,13.00798511505127,13.089425859773147,12.496714525980941,12.82247940343113,49390
2008-02-26,13.07132625579834,13.207062079893396,12.894871013468487,12.894871013468487,98670
2008-02-27,12.971784591674805,13.306598853903,12.881294378813267,12.917489514676866,94050
2008-02-28,12.7410306930542,13.084893404269662,12.560050318730271,12.840569424291987,94270
2008-02-29,12.238811492919922,12.885817651224702,12.170943601225183,12.564577183198482,135190
2008-03-03,12.256912231445312,12.6007750626511,11.84970577248213,12.216191870333319,110880
2008-03-04,12.252386093139648,12.261435588977912,11.822557348925779,12.084979438301334,100870
2008-03-05,11.913045883178711,12.460512300503796,11.854227490996966,12.35644833406472,51260
2008-03-06,11.750164985656738,12.062356923794129,11.732066943559541,11.836130922938672,92290
2008-03-07,12.184521675109863,12.306684682754343,11.637055973682452,11.637055973682452,72050
2008-03-10,11.840657234191895,12.2659617713212,11.804461143767321,12.238814228862193,46420
2008-03-11,12.682212829589844,12.682212829589844,12.225237568768483,12.234286113893235,68860
2008-03-12,12.510283470153809,13.121092616884862,12.501233974633163,12.700313383277658,114510
2008-03-13,12.9629545211792,13.228158062795991,12.107903029898585,12.473700356719963,82390
2008-03-14,12.533145904541016,13.100132845438763,12.217644921104148,13.100132845438763,82170
2008-03-17,12.583441734313965,12.940094642220409,12.030172504339674,12.162773808335007,59510
2008-03-18,13.191585540771484,13.34704899867132,12.45998862174962,12.898946581294132,79530
2008-03-19,13.026969909667969,13.456782260780715,13.026969909667967,13.296745685833887,85800
2008-03-20,13.708272933959961,13.749425868225499,12.885227679450427,13.219018585330751,288970
2008-03-24,13.735709190368652,14.11522432635754,13.520802925000401,13.763143522467253,75570
2008-03-25,13.749425888061523,13.790577863043488,13.401917336924676,13.717417410691299,56430
2008-03-26,13.552807807922363,13.758568616322329,13.269314328459584,13.676263717356647,60940
2008-03-27,13.25558853149414,13.612241275386143,13.168711458066316,13.612241275386143,141240
2008-03-28,13.420207023620605,13.644258687354043,13.113851411067362,13.644258687354043,70840
2008-03-31,13.397345542907715,13.818012641352608,13.173293868793964,13.456787393069618,77990
2008-04-01,13.740273475646973,13.785998615167413,13.488787606640694,13.667114019888235,112530
2008-04-02,13.868305206298828,13.946037862588117,13.433920613856156,13.763138228463575,84260
2008-04-03,13.667120933532715,13.895744828101597,13.383627419388453,13.71741736530294,33550
2008-04-04,13.41563606262207,13.731136161809117,13.333331146683742,13.731136161809117,26620
2008-04-07,13.484220504760742,13.676263669436388,13.21901689718149,13.676263669436388,90860
2008-04-08,13.315040588378906,13.648831504498492,13.25102650979597,13.374482438350844,47630
2008-04-09,12.912663459777832,13.337903747951383,12.857793838014437,13.305895269410678,36190
2008-04-10,13.154999732971191,13.27388435412155,12.857789619109294,12.940094504419951,30140
2008-04-11,12.638309478759766,13.095556114335265,12.624591839856866,13.026968879163306,37840
2008-04-14,12.51942253112793,12.816632548800614,12.50570489479196,12.620016292459551,43230
2008-04-15,12.99496841430664,13.118424344168073,12.414263716245646,12.66574972331387,71170
2008-04-16,13.92318058013916,13.936898226269673,13.06355549299172,13.145860410431746,95590
2008-04-17,13.48879337310791,13.804294380451184,13.356191083350794,13.712844062315236,129800
2008-04-18,13.584815979003906,13.863737263751874,13.23730838952361,13.731134964048241,70070
2008-04-21,13.34247875213623,13.662551132666913,13.168724434069121,13.497943192477495,129030
2008-04-22,13.356191635131836,13.831729279844483,12.98582195655459,13.251025587682244,238480
2008-04-23,13.296751976013184,13.543665775232817,13.187012722880693,13.415636646578246,78870
2008-04-24,13.401918411254883,13.721991698499641,13.026975499854709,13.246454955819388,131560
2008-04-25,13.630538940429688,13.71284287655514,13.118421616128757,13.484219979013075,75790
2008-04-28,13.689983367919922,13.717417698702928,13.461359467794367,13.589389542591613,29810
2008-04-29,13.763137817382812,13.959754126736431,13.630536521962165,13.70369598968978,41580
2008-04-30,13.74484634399414,13.863730944827942,13.621389516797404,13.749419529699576,73920
2008-05-01,14.20210075378418,14.284404705271617,13.662548043839045,13.667121231743986,50050
2008-05-02,14.096932411193848,14.32555532984479,13.790576817606139,14.32555532984479,78870
2008-05-05,13.708272933959961,14.01462855032993,13.539091846455898,14.01462855032993,40480
2008-05-06,13.689983367919922,13.758570633891885,13.365337871039397,13.64425916350059,30690
2008-05-07,13.296751976013184,13.781434157019879,13.246455537834757,13.607679859888572,34100
2008-05-08,13.269318580627441,13.38363007088724,13.127571795473136,13.205303532102349,23980
2008-05-09,13.278461456298828,13.397346121096312,13.109280355763005,13.127570230397769,39380
2008-05-12,13.749425888061523,13.790577863043488,13.273888224158501,13.319612427617805,29370
2008-05-13,13.644254684448242,13.781428212018719,13.516224651679911,13.781428212018719,23100
2008-05-14,13.635109901428223,13.918603342507588,13.571094882084095,13.667117411100284,23870
2008-05-15,13.886598587036133,13.968902531839266,13.520801144926908,13.621394961835502,29810
2008-05-16,13.735709190368652,13.987195204763712,13.278461368190538,13.978049787835504,63470
2008-05-19,13.589388847351074,13.96433075804204,13.484221839486862,13.699128083554712,80850
2008-05-20,13.548236846923828,13.763143105785755,13.529946972964153,13.529946972964153,41250
2008-05-21,13.840875625610352,14.037492008182744,13.580244205266167,13.580244205266167,151470
2008-05-22,14.20210075378418,14.288977893176558,13.744852954669446,13.859164424776647,54230
2008-05-23,14.092354774475098,14.192948551458027,13.987187811773733,14.106072412945384,51040
2008-05-27,14.334695816040039,14.366703320634164,13.996332823207602,14.133507294700967,29920
2008-05-28,14.101502418518066,14.403285736448026,14.023770715165925,14.403285736448026,28930
2008-05-29,14.389570236206055,14.604476468600335,14.087786873367277,14.087786873367277,44330
2008-05-30,14.010056495666504,14.39414383817586,13.827157761138238,14.39414383817586,79420
2008-06-02,14.124369621276855,14.311840606317325,13.840877029184323,13.973478387431749,80410
2008-06-03,14.197526931762695,14.613620789747488,13.923177899348234,14.211243615909133,209990
2008-06-04,14.106078147888184,14.316411199461047,13.97804808257049,14.110649416780094,87780
2008-06-05,14.549605369567871,14.54960536956787,14.083213208932323,14.115220720991045,46090
2008-06-06,13.726563453674316,14.54046428957515,13.657976186011068,14.426151857022072,56540
2008-06-09,13.557376861572266,13.99176242494809,13.360761500442509,13.808862785943322,37730
2008-06-10,13.731132507324219,13.941466490364732,13.356189695560039,13.429350134335547,35750
2008-06-11,13.486430168151855,13.772688065944674,13.334067593493161,13.772688065944674,64460
2008-06-12,13.569531440734863,13.915810653787787,13.218635416911185,13.64802109862639,57090
2008-06-13,13.629563331604004,13.98045959939106,13.190941785997866,13.76807453190786,48400
2008-06-16,13.768068313598633,13.88811220376249,13.523364690072878,13.60647117898081,53900
2008-06-17,13.324840545654297,13.805014508473391,13.163243296761806,13.786546279134196,34100
2008-06-18,12.724616050720215,13.232492618849276,12.636892726408709,13.232492618849276,109010
2008-06-19,13.163235664367676,13.204788914112662,12.655359167671035,12.752317073308514,136840
2008-06-20,12.784642219543457,13.135538525075049,12.655364633294974,13.061665618647345,144210
2008-06-23,12.346015930175781,13.020106376354269,12.346015930175781,12.886211068371802,34980
2008-06-24,12.650742530822754,12.82157331335527,12.258292152945888,12.258292152945888,64240
2008-06-25,12.876977920532227,13.283278734489985,12.641507888450503,12.641507888450503,58300
2008-06-26,12.655359268188477,13.121682518843986,12.604571424375912,12.738465768338536,44990
2008-06-27,12.609188079833984,12.756933828213791,12.355249832631806,12.567634830276546,205920
2008-06-30,12.124398231506348,12.68306264350921,12.119781418428866,12.576870130541149,84480
2008-07-01,12.632268905639648,12.761547361133518,12.027434707381,12.027434707381,76670
2008-07-02,12.2305908203125,12.73385057241315,12.212123567888067,12.641509466802619,70400
2008-07-03,12.202888488769531,12.669211780122335,12.142867014678746,12.258293149937401,28270
2008-07-07,11.967414855957031,12.322927749906286,11.699625256086694,12.272139916857151,62590
2008-07-08,13.001641273498535,13.015492682591042,11.731949761803321,12.00897310016471,113960
2008-07-09,12.175182342529297,12.978550193999077,12.096692669525142,12.978550193999077,54120
2008-07-10,12.613807678222656,12.830808550894929,12.138249771241211,12.138249771241211,76560
2008-07-11,12.913922309875488,12.97394478451017,12.045914522340325,12.475301600735438,71720
2008-07-14,11.815054893493652,13.227876175209387,11.54264936923803,12.997021967265608,118250
2008-07-15,11.616518020629883,12.309077543923873,11.588816182168646,11.593432993795957,71500
2008-07-16,12.590717315673828,12.85850691481884,11.593432747045288,11.602667338800728,84260
2008-07-17,13.320219039916992,13.417176967630516,12.309082628784587,12.692298494801936,83820
2008-07-18,13.172469139099121,13.32021585515823,12.4706758704341,13.241725200349244,77550
2008-07-21,12.950844764709473,13.41716779918095,12.747694452335804,13.195548307894391,40920
2008-07-22,13.320219039916992,13.334069480520522,12.493764857142615,12.85389568678965,88550
2008-07-23,13.555685997009277,14.031243870212982,13.163236566385677,13.274045885763936,84810
2008-07-24,13.204792022705078,13.81424434969365,13.14015275793141,13.661880783597622,72050
2008-07-25,13.851175308227539,13.998922012553374,13.403321289278376,13.403321289278376,51370
2008-07-28,13.43564224243164,13.938902935788056,13.158619909403251,13.597239410612884,39930
2008-07-29,14.220545768737793,14.248247619857011,13.214027095713845,13.214027095713845,52470
2008-07-30,14.280562400817871,14.312882023389456,13.971219517698707,14.19745493830486,40480
2008-07-31,14.229771614074707,14.303643494529815,13.971215673344386,13.971215673344386,28820
2008-08-01,14.285177230834961,14.31287906681869,14.040472674709418,14.303644475692597,44000
2008-08-04,13.888108253479004,14.312877107082112,13.620318709250212,13.971214718748431,54890
2008-08-05,14.285177230834961,14.31287906681869,13.53721312881511,14.1558987672533,80850
2008-08-06,14.520648956298828,14.626841446372813,13.883495953249843,14.211306078938618,41470
2008-08-07,14.026622772216797,14.469860913626817,14.003537744979024,14.285178758329883,48290
2008-08-08,14.649925231933594,14.756116737274434,14.086644213350748,14.086644213350748,57090
2008-08-11,15.277849197387695,15.420978143757333,13.915816769173919,14.677631566413705,69850
2008-08-12,15.624131202697754,15.698005063462812,14.890019095604648,15.148574217840151,102300
2008-08-13,15.564102172851562,15.790337552928992,15.060842613156312,15.536399367410858,81400
2008-08-14,15.53640365600586,15.637979345730505,15.222443930298658,15.434828934978785,22550
2008-08-15,15.614889144897461,15.651825570988745,14.894627867420185,15.651825570988745,78100
2008-08-18,14.88539981842041,15.614894991198833,14.525269044846857,15.614894991198833,51150
2008-08-19,15.005443572998047,15.185507989173068,14.483715638144098,14.73303612060822,42020
2008-08-20,14.98235034942627,15.07469140373224,14.608368352964243,15.06084000341206,31570
2008-08-21,14.66378116607666,15.300936249285222,14.636079318679322,14.714569016452401,29040
2008-08-22,15.296318054199219,15.388659157524959,14.617610702580615,14.922336827904383,78320
2008-08-25,14.682250022888184,15.236296645243783,14.663780833445344,15.236296645243783,41910
2008-08-26,14.959267616271973,15.097780680933814,14.543733265773167,14.66377617815821,25410
2008-08-27,15.282464981079102,15.554872417075778,14.963888451497423,14.977739857661202,48510
2008-08-28,15.785723686218262,15.785723686218262,15.324018248558664,15.439444365799194,50050
2008-08-29,15.48561954498291,15.73494006380311,15.337873765327164,15.725706436923497,34430
2008-09-02,15.61027717590332,15.771873363654661,15.30555108177977,15.698001457255295,39710
2008-09-03,15.951936721801758,16.085831040679114,15.236292167377869,15.504081773829949,65670
2008-09-04,15.513322830200195,16.09968915304177,15.50408823434474,15.679535868620665,75020
2008-09-05,15.947321891784668,16.11353682908992,15.347104298574733,15.46714723599819,58630
2008-09-08,16.385942459106445,16.390559271379356,15.254762424300385,15.730319274545371,101200
2008-09-09,15.605661392211914,16.538306986145372,15.49023429074011,16.265899530394673,128480
2008-09-10,15.878069877624512,16.132008192138034,15.305554950896418,15.467151179497938,96030
2008-09-11,16.273849487304688,16.28316261359164,15.468306560178458,15.896687899861291,77440
2008-09-12,16.441490173339844,16.613774844070182,15.840824795800229,15.933951248788398,75240
2008-09-15,16.059659957885742,16.4740721134293,15.86875014214053,16.4740721134293,79090
2008-09-16,17.46122169494629,17.572973410629498,15.65922405838448,15.73838225636213,166320
2008-09-17,16.57651710510254,17.256341383771176,16.436826997470593,17.256341383771176,96800
2008-09-18,18.159666061401367,20.07341690961853,16.860552433186808,16.907115148445797,377300
2008-09-19,18.44370460510254,21.568100111403066,17.698693253848226,21.42840999457491,292930
2008-09-22,17.94547462463379,18.890706813550747,17.22839990834705,18.43904403612449,71830
2008-09-23,17.903560638427734,18.066533003840583,16.623071855344584,18.066533003840583,50050
2008-09-24,17.01421356201172,18.001354620454112,17.01421356201172,17.493814883581376,42790
2008-09-25,17.111988067626953,17.680058460326503,16.553229823855848,17.624183612884867,48180
2008-09-26,16.543922424316406,17.992040324275834,16.380950959616584,16.80933440728428,59730
2008-09-29,15.69647216796875,17.44725072623266,14.900240097460971,16.54392303409458,29920
2008-09-30,16.01775550842285,16.529952175565583,15.850128964789437,16.25522905039885,54120
2008-10-01,16.269193649291992,16.29713205162374,15.137706916631373,16.29713205162374,22880
2008-10-02,15.873411178588867,16.846581870258888,15.873411178588865,16.14347824257079,58080
2008-10-03,15.640593528747559,16.399573920873085,15.64059352874756,15.864096885181894,33330
2008-10-06,14.774518966674805,15.398466385688186,14.271635389000844,15.1563367491377,103400
2008-10-07,13.941033363342285,15.160990502017054,13.73149923621279,14.439259779484717,53020
2008-10-08,13.703559875488281,15.575402571411617,13.503337912587398,13.759435703953487,81400
2008-10-09,12.42307186126709,14.285601571965865,12.32528939826755,13.312430086321763,186890
2008-10-10,13.489371299743652,13.489371299743654,11.873626202153854,11.929502037294531,159170
2008-10-13,14.136602401733398,14.518421162737482,13.177399911528282,14.332167369930351,116600
2008-10-14,14.066757202148438,14.709329898547752,13.512654836582332,14.36941778049087,71500
2008-10-15,13.736162185668945,14.299577843334013,13.442813674718654,13.852570960718747,113520
2008-10-16,14.993369102478027,14.993369102478027,12.958554870824992,14.080730076585757,87120
2008-10-17,13.92706298828125,15.27739695543205,12.371850986382551,14.332162983039384,80630
2008-10-20,14.322853088378906,14.732609222381695,13.5452474534806,14.13194324778948,24970
2008-10-21,14.136602401733398,14.606891494510307,13.75943971689214,14.006225430623488,42020
2008-10-22,13.782723426818848,14.676737032205821,13.526625535208387,13.75012893655513,48840
2008-10-23,13.731504440307617,14.253012406680298,12.888708606442366,13.917757285440718,92620
2008-10-24,13.42418384552002,13.885159781467797,12.921301272741292,12.921301272741292,55330
2008-10-27,12.879393577575684,13.964316890989624,12.809548532008343,13.293805821253237,42790
2008-10-28,14.029508590698242,14.06210210496103,12.576734486397322,13.265870970588065,52580
2008-10-29,14.062097549438477,14.523074399773005,13.140145802640696,14.038817173175449,52800
2008-10-30,14.462545394897461,14.713987186128968,13.559217767713413,14.541702597829818,66440
2008-10-31,15.542803764343262,15.747681744978745,14.0667493305827,14.304221779644013,175450
2008-11-03,15.454339027404785,15.761655620143063,14.797797257580967,15.445025900112547,31790
2008-11-04,15.878071784973145,15.919978435103397,15.496252925630605,15.673193634747802,40150
2008-11-05,14.81176471710205,15.887375595922196,14.402007680109111,15.580058062411368,35970
2008-11-06,14.592924118041992,14.900240814278249,14.402014225144974,14.625517632202598,38500
2008-11-07,14.793144226074219,15.328621312886439,14.564983795230308,14.74192445776756,28050
2008-11-10,14.45323371887207,15.51021978201414,14.313544580647681,15.07718120656589,31130
2008-11-11,14.117971420288086,14.769856989587268,14.02484504995041,14.271629687111398,54010
2008-11-12,13.60112476348877,14.537046902369546,13.587156534560172,13.945693949111384,46970
2008-11-13,14.760547637939453,14.825736602310515,12.902673876592385,13.712873994143107,71390
2008-11-14,13.806002616882324,14.900239145918341,13.74081461892417,14.49513902175093,32560
2008-11-17,13.778060913085938,14.551011335164658,13.52196312296562,13.610433428505726,38500
2008-11-18,13.768752098083496,14.094694996617385,13.107553172260234,13.83859714447444,58520
2008-11-19,13.000457763671875,14.308884378481695,12.832829271590645,13.587154555149029,65340
2008-11-20,12.260100364685059,12.91664212772574,12.115754220163863,12.828172792509433,62370
2008-11-21,13.307772636413574,13.461431904460163,10.732825403000449,12.54879235396094,106590
2008-11-24,14.318199157714844,14.434607908411191,12.073851105378495,13.340372295029628,55330
2008-11-25,14.653453826904297,14.667423031963384,13.829284405519338,14.569640550421374,64900
2008-11-26,15.04924488067627,15.342592385684068,14.141261018975923,14.257669782515151,58740
2008-11-28,15.20290756225586,15.361223017701995,14.420644395545954,14.853683126158565,8470
2008-12-01,12.33926010131836,14.783830959568135,12.250790747807173,14.783830959568135,211420
2008-12-02,13.014429092407227,13.014429092407225,12.059882631497302,12.618641106545896,430100
2008-12-03,14.192476272583008,14.718641136941477,12.655889289951945,12.665202417918142,95150
2008-12-04,13.75012493133545,14.434604142814583,13.335711762682529,13.885157952748557,62370
2008-12-05,14.364762306213379,14.40201189108351,13.154117093649178,13.45212158809659,67760
2008-12-08,14.364762306213379,14.434606376897644,14.206446930070292,14.434606376897644,103840
2008-12-09,13.931727409362793,14.53704968432599,13.535939354721606,14.145917706885369,57750
2008-12-10,14.299580574035645,14.690711671015865,13.517317403138915,14.066763956412608,36960
2008-12-11,13.086389541625977,14.821523600612931,12.917108338456861,14.012734643342606,54120
2008-12-12,13.918693542480469,13.942203592591866,12.50801456962546,12.705509842871365,32010
2008-12-15,13.354415893554688,14.031541542735937,12.978234538865895,13.975114487518601,23540
2008-12-16,14.29487133026123,14.501770583814599,13.561318444725824,13.735301661297791,72710
2008-12-17,14.308972358703613,14.924968881616323,14.045646127993738,14.050348135470276,52800
2008-12-18,14.52997875213623,14.840328021670153,13.768213080787973,14.384209612313533,41580
2008-12-19,14.96729564666748,15.310561091568928,14.370108858498714,15.037829736798118,146960
2008-12-22,14.896753311157227,15.098950463880913,14.257246817507491,14.971990355806682,54780
2008-12-23,15.16008472442627,15.221213791999991,14.75098829802273,15.014314574649996,26180
2008-12-24,15.183600425720215,15.282348549778298,14.9155720583022,15.164791400172044,23540
2008-12-26,15.475144386291504,15.517464456897931,15.127176840061106,15.366992217787235,47740
2008-12-29,15.724357604980469,15.81840271745881,15.39049720903899,15.545671397984899,114290
2008-12-30,16.51904296875,16.523745965278636,15.74316989008208,15.79959795583664,99660
2008-12-31,17.280807495117188,17.501813769626153,16.283927268619024,16.537849581155598,134200
2009-01-02,16.86701011657715,17.47830293323289,16.62249180602658,17.47830293323289,75240
2009-01-05,16.735340118408203,17.135032498506824,16.081725497151083,17.078604456850968,41250
2009-01-06,17.069202423095703,17.163246539247638,16.373267676355404,16.956348299825382,43780
2009-01-07,16.020597457885742,16.77766123521974,15.790187214884353,16.72123516310452,62150
2009-01-08,15.893643379211426,16.32625099419694,15.606804981519051,16.03471058646335,30030
2009-01-09,14.948481559753418,16.12404669965454,14.854436466950116,15.92655151148099,77880
2009-01-12,14.656942367553711,15.277639984383676,14.647537364921185,14.924970637268796,54010
2009-01-13,14.798007011413574,15.037822205813473,14.388910677420762,14.652236894565299,49720
2009-01-14,13.923395156860352,14.393620810067816,13.866968078475455,14.393620810067816,28710
2009-01-15,14.10677719116211,14.116182194025876,13.288584364664313,13.91868798619257,36520
2009-01-16,14.10677719116211,14.18671626249774,13.17102824159338,14.106777191162108,41580
2009-01-20,12.658483505249023,13.843452864751397,12.649078501066064,13.843452864751397,55770
2009-01-21,14.10677719116211,14.134991213180157,12.823060893952578,12.823060893952578,99660
2009-01-22,13.396736145019531,14.008029745925453,13.109898856549165,13.725894465485775,65010
2009-01-23,13.636555671691895,13.791729878126365,12.912407730708463,12.931216755323959,62700
2009-01-26,13.918693542480469,14.308980105802695,12.733722889578694,13.636557155965276,69740
2009-01-27,14.022139549255371,14.026841558222515,13.467272893929536,14.003330526813368,55440
2009-01-28,14.896753311157227,14.948478347728033,14.050346671224268,14.243139809974906,114730
2009-01-29,13.75411319732666,14.741588567747012,13.735304170839806,14.741588567747012,70070
2009-01-30,13.152225494384766,14.059761841288589,12.978241244309284,13.956311693320805,92180
2009-02-02,13.89987564086914,13.90928064214988,12.96412684880355,12.987637872145763,40920
2009-02-03,13.871670722961426,14.384217448335622,13.326207953713464,14.012737932090356,51810
2009-02-04,13.829341888427734,14.403017341051864,13.6835707884945,13.871661925670036,46750
2009-02-05,14.09737491607666,14.520578392605593,13.711789482502594,13.890475679824897,68750
2009-02-06,14.22433853149414,14.412428778979862,14.0644613278445,14.0644613278445,80410
2009-02-09,14.125592231750488,14.511176768562564,13.876371899195394,14.106782219318397,40480
2009-02-10,13.19924545288086,14.323084865540231,13.166328428190717,14.064460543035434,37070
2009-02-11,13.542509078979492,13.725897295722666,13.283884771938958,13.283884771938958,16390
2009-02-12,13.406144142150879,13.495486260982979,12.907703555512173,13.330907063988215,66550
2009-02-13,13.011152267456055,13.89517723458716,12.841871079689676,13.415546709295747,64130
2009-02-17,12.413966178894043,12.8606806915606,12.413966178894043,12.832467652256357,110880
2009-02-18,12.522116661071777,12.649076801179318,12.413964553655784,12.43747656766675,109230
2009-02-19,12.042490005493164,12.677294854162815,12.028382989915853,12.677294854162815,88000
2009-02-20,12.065997123718262,12.26819432611349,11.689816740924003,11.826181883043608,57970
2009-02-23,11.802677154541016,12.625573414278142,11.708632008653028,12.145941690388726,46090
2009-02-24,12.898295402526855,12.92180642696816,11.628685284099305,12.033079640040818,83710
2009-02-25,12.658483505249023,13.128710036635505,11.882610616377384,12.818360683772172,44990
2009-02-26,12.686695098876953,13.608337976582677,12.385750807894908,12.74782416133938,39600
2009-02-27,12.183555603027344,12.625569118156966,12.164747566823367,12.456286926586708,116160
2009-03-02,12.18825626373291,12.475093559495493,11.924929008721453,11.924929008721453,110110
2009-03-03,12.207069396972656,12.395159652105008,11.685117705763394,12.395159652105008,217800
2009-03-04,12.122424125671387,12.52681852861154,11.755648747411792,12.437476428036632,50490
2009-03-05,11.144351959228516,12.033077609622335,11.11613794540117,11.788560431601557,74140
2009-03-06,11.271312713623047,11.520531912837962,10.674126247659263,11.261907712945657,55880
2009-03-09,10.67413330078125,11.29953419544885,10.603599202099783,11.149060991194006,89100
2009-03-10,11.840290069580078,11.84969507337032,10.678831789173287,10.94686009188151,58740
2009-03-11,11.656903266906738,12.084808792809453,11.605178206286965,11.873206541157694,50160
2009-03-12,12.954730033874512,13.067583205951534,11.558158094068714,11.558158094068714,46640
2009-03-13,12.667886734008789,13.14281520763812,12.423369484975442,13.025258097980606,37400
2009-03-16,12.272899627685547,13.072282598091538,12.164747500660232,12.903002380588877,49610
2009-03-17,13.011152267456055,13.011152267456055,11.962549107704312,12.30111148323707,49830
2009-03-18,13.829341888427734,13.942194992216189,12.55502889830649,12.959423215388375,67100
2009-03-19,13.530056953430176,14.128647881390004,13.425540665766224,14.128647881390004,34430
2009-03-20,13.183246612548828,13.872100997521105,13.164242756845034,13.686821876703965,93720
2009-03-23,14.309163093566895,14.366171655874474,13.3210136834952,13.615557423714204,109450
2009-03-24,13.135746002197266,14.337678222924266,13.069235461833053,14.028881848567542,35420
2009-03-25,13.639317512512207,13.933861377413605,12.76993532338091,13.302015463484747,78870
2009-03-26,13.962367057800293,14.176150018113399,13.197501060156725,13.910108934385478,76230
2009-03-27,12.93145751953125,13.848346179148733,12.883949875458283,13.701073778285235,36850
2009-03-30,12.394628524780273,12.636915265903713,12.123837988857995,12.575156213222282,58520
2009-03-31,12.708179473876953,13.306770280747928,12.551406070835885,12.613165139194338,63690
2009-04-01,13.207000732421875,13.325769364613496,12.461138666092396,12.480141527634169,70400
2009-04-02,13.800844192504883,13.929112781664406,13.183250591431753,13.596563147810313,66550
2009-04-03,13.848344802856445,13.848344802856444,13.48729053139865,13.720075273021855,41690
2009-04-06,13.406527519226074,13.767582784059261,13.045473251133311,13.677318967850965,96910
2009-04-07,12.793688774108887,13.42078422767751,12.755684046193398,13.216503208465062,85800
2009-04-08,12.79843807220459,12.974214269819392,12.380374174966846,12.945709482778842,108680
2009-04-09,13.71532917022705,13.981369244335497,12.665420273064951,13.164245162833096,128480
2009-04-13,13.929113388061523,14.014626781298192,13.563307479133709,13.563307479133709,93940
2009-04-14,12.97421646118164,13.758085279565739,12.888703082357246,13.739082417242624,47960
2009-04-15,13.853097915649414,13.857849378211062,13.14049016635208,13.14049016635208,51920
2009-04-16,14.000371932983398,14.133392965127165,13.387528879463897,14.04787958685485,79860
2009-04-17,14.109642028808594,14.252163031173513,13.810346628078994,14.047882961008497,134310
2009-04-20,13.354269027709961,13.796086169445456,13.230750964266342,13.791335704714639,76010
2009-04-21,14.190402030944824,14.252161090334662,12.997971057915892,13.330521679382734,110880
2009-04-22,13.625061988830566,14.370924904412107,13.572803880739148,13.862598209502146,91960
2009-04-23,13.815095901489258,13.9433654902495,13.420786201017863,13.682075845633682,66880
2009-04-24,14.133394241333008,14.394683869367858,13.658321646683735,14.081136116377872,117700
2009-04-27,13.74383544921875,14.109641364779785,13.50154965692676,13.767589779112457,52250
2009-04-28,14.147645950317383,14.480196574477638,13.515799963761069,13.625066682848653,69190
2009-04-29,14.750990867614746,14.8650080746925,14.024130424938285,14.16665143541496,66220
2009-04-30,14.375677108764648,14.85550007341509,14.299665668432771,14.85550007341509,48070
2009-05-01,13.501544952392578,14.617963182454837,13.463538237154049,14.375676477845296,57420
2009-05-04,14.214154243469238,14.25215896942667,13.420783536219968,13.582308356057355,55440
2009-05-05,13.753327369689941,14.252151986516163,13.572799776953856,14.218897743003899,53680
2009-05-06,13.810341835021973,13.938611390351483,13.477791283684816,13.938611390351483,39930
2009-05-07,13.325769424438477,14.062131558413967,13.111986483578221,14.062131558413967,44220
2009-05-08,13.72482681274414,13.948110642026958,13.321016331965366,13.601308734890145,66990
2009-05-11,13.012226104736328,13.667825550701913,12.841200292320226,13.468294937845936,77550
2009-05-12,13.012226104736328,13.653574147223022,12.850701227972818,13.145246181059964,79420
2009-05-13,12.613163948059082,12.945713589673124,12.470641961123855,12.850699263963271,184800
2009-05-14,12.921961784362793,13.064482780404795,12.598912066953591,12.703428327893205,44990
2009-05-15,12.874452590942383,13.021725033515832,12.68442295757157,12.92196024847029,85910
2009-05-18,13.634567260742188,13.734333043430599,13.092985143079462,13.097736606593786,53900
2009-05-19,13.09298324584961,13.634565285034755,13.035975659346628,13.634565285034755,34760
2009-05-20,12.750933647155762,13.606063520024701,12.641666930465297,13.19750144750419,50710
2009-05-21,12.708179473876953,12.765188074686524,12.589410807967944,12.589410807967944,83160
2009-05-22,12.603657722473145,12.850694885141868,12.603657722473145,12.760432054029865,38940
2009-05-26,13.207000732421875,13.254508384646664,12.589407233943845,12.589407233943845,51150
2009-05-27,12.541901588439941,13.202251329378743,12.489643465806617,13.202251329378743,47740
2009-05-28,12.63216495513916,12.703425938125015,12.375625815086384,12.61791255919384,76340
2009-05-29,13.078727722167969,13.088229648081727,12.546646782987512,12.641661058423244,101090
2009-06-01,13.515798568725586,13.539552894242975,13.064480338265636,13.183248975630345,56870
2009-06-02,13.677325248718262,13.81984723415263,13.430288004474122,13.482545135508564,65780
2009-06-03,13.710582733154297,13.710582733154297,13.444542580860322,13.506301652743305,23540
2009-06-04,13.77708911895752,13.895856767714788,13.520549961031367,13.720080527945132,64570
2009-06-05,13.501544952392578,13.89585353425331,13.306764897535176,13.89585353425331,24640
2009-06-08,13.387531280517578,13.691578126996037,13.354276016517304,13.397033211692333,33330
2009-06-09,13.354269027709961,13.553799510548636,13.321014777853847,13.48729001409601,23650
2009-06-10,13.016971588134766,13.468288749301287,12.793686745262375,13.468288749301287,71390
2009-06-11,13.189889907836914,13.530924860820791,13.026577011902184,13.161070577833486,52580
2009-06-12,13.333995819091797,13.343601930995343,13.02178005005047,13.069813632893391,35310
2009-06-15,13.03138542175293,13.180289217775519,12.78161342537231,13.074615946188523,61050
2009-06-16,12.834450721740723,13.084222730976832,12.77681102730162,13.036190156165109,51590
2009-06-17,12.978550910949707,13.213912752778802,12.613498492424858,12.815237933832007,51040
2009-06-18,13.065001487731934,13.19468995485703,12.834441861369362,12.997754720089857,16610
2009-06-19,13.040987968444824,13.31958021676895,12.877675062646272,13.31958021676895,73590
2009-06-22,12.719169616699219,12.992957876399675,12.680743158924596,12.89689273973804,51920
2009-06-23,12.719169616699219,12.93531818973774,12.642316701149973,12.844056108354204,68640
2009-06-24,12.570263862609863,12.858463235411463,12.503017073549573,12.858463235411463,18700
2009-06-25,12.949726104736328,12.949726104736326,12.306082545384237,12.488608691866082,28160
2009-06-26,13.093826293945312,13.156269027349339,12.747988221250244,12.824840118518809,150150
2009-06-29,12.940119743347168,13.09862859898455,12.618297969951028,13.069809265129901,20680
2009-06-30,12.848857879638672,13.08421965804467,12.685544946529017,12.988153523208055,26290
2009-07-01,13.074612617492676,13.209105196687618,12.522232129569762,13.021775995150975,62810
2009-07-02,12.589475631713867,13.03618380170112,12.29647323864062,12.877673963427627,90200
2009-07-06,12.92090892791748,12.964139451795768,12.488611751334549,12.575070783541138,36410
2009-07-07,12.546253204345703,12.992960618300502,12.488613505520078,12.992960618300502,93940
2009-07-08,12.81042766571045,12.935313100455463,12.62790155920678,12.647114780534823,51040
2009-07-09,12.474200248718262,12.920907552371304,12.445379902534254,12.920907552371304,36740
2009-07-10,12.594284057617188,12.728775651250379,12.282068334231461,12.430971109162739,33990
2009-07-13,12.940119743347168,12.954529914161856,12.546248123652317,12.570264403160312,57860
2009-07-14,12.877674102783203,13.141856161656635,12.680738825924646,12.901691386516845,56980
2009-07-15,13.63180160522461,13.684638248672409,12.98815778665179,13.122651427346247,84150
2009-07-16,13.564552307128906,13.626995047281047,13.132254165654713,13.482896338639579,46200
2009-07-17,13.42525577545166,13.626994155908534,13.406041540596426,13.617387038480915,64790
2009-07-20,13.285957336425781,13.545336371014168,13.089021029506936,13.545336371014168,21340
2009-07-21,12.925712585449219,13.406043326445351,12.776809803796677,13.406043326445351,47960
2009-07-22,12.839247703552246,13.093823656052336,12.786412097810338,12.839247703552246,58080
2009-07-23,12.882475852966309,13.089017200043347,12.71435993586517,12.79121281136576,115060
2009-07-24,12.997756958007812,13.08421595097748,12.810427796207483,12.810427796207483,65780
2009-07-27,13.185089111328125,13.252335910945831,12.786415399615425,12.944924273321671,53900
2009-07-28,13.237922668457031,13.372416236501788,13.036184331939113,13.036184331939113,31900
2009-07-29,13.079411506652832,13.175477604055816,12.973738295622338,13.15626438457522,21890
2009-07-30,13.213905334472656,13.530923990773402,13.08901889175584,13.223512449039116,50270
2009-07-31,13.040987968444824,13.329187332533408,13.036184914449922,13.11303780946697,52140
2009-08-03,13.040987968444824,13.362809718272377,12.983348297182038,13.170677480729756,68970
2009-08-04,13.223514556884766,13.372417298091236,12.983348747734844,12.983348747734844,34650
2009-08-05,13.113039016723633,13.271547875345806,12.992955601372984,13.271547875345806,30140
2009-08-06,12.940119743347168,13.17067844528326,12.786413942056441,13.146662165775265,37510
2009-08-07,13.233125686645508,13.348404060361275,13.02658220175582,13.194698218373594,151470
2009-08-10,13.32918643951416,13.598171554052557,13.055397263528068,13.103429815808346,38940
2009-08-11,13.146661758422852,13.285957384582785,13.074611914356623,13.213907540516557,33110
2009-08-12,13.358010292053223,13.554945637074553,13.199500397201367,13.199500397201367,46310
2009-08-13,13.314775466918945,13.473284290759246,13.156265635304122,13.42044768022097,11220
2009-08-14,13.09862995147705,13.362812076667163,12.690349126585405,13.333992739836788,50050
2009-08-17,12.834450721740723,12.964140286172466,12.704762165084036,12.820040546187183,18260
2009-08-18,12.949726104736328,13.189891927826952,12.719167398301204,12.949726104736326,28050
2009-08-19,13.079411506652832,13.175477604055816,12.810426433924482,12.810426433924482,27610
2009-08-20,13.16586971282959,13.30036223095575,12.983343648628368,13.084212785279416,78100
2009-08-21,13.228323936462402,13.511719384127725,13.05060177752998,13.33880028165357,92730
2009-08-24,13.151468276977539,13.300371058531764,13.089024524858052,13.300371058531764,31130
2009-08-25,13.209105491638184,13.377221471329468,13.122646478398238,13.266745169723073,33000
2009-08-26,13.300368309020996,13.521319900169761,13.089021819037763,13.151465558248605,46310
2009-08-27,13.324382781982422,13.324382781982422,13.002561043960332,13.156266828356003,31460
2009-08-28,13.084217071533203,13.444466265674325,13.084217071533201,13.410842873184537,38060
2009-08-31,12.853659629821777,13.060202050700651,12.685543658977357,12.992955259252994,49830
2009-09-01,12.776803016662598,13.233118237929542,12.7768030166626,12.7768030166626,40480
2009-09-02,12.570263862609863,13.00736496817769,12.560656746554958,12.776806276156156,48730
2009-09-03,12.752789497375488,12.844052561330669,12.512623698721008,12.618296932305878,18150
2009-09-04,12.776803016662598,12.7768030166626,12.488604725158025,12.709556244757652,24970
2009-09-08,12.704765319824219,13.084225979941483,12.551058422044354,12.858471209828773,18700
2009-09-09,12.786412239074707,12.968938357684735,12.637509511962516,12.66152578827186,29150
2009-09-10,12.488612174987793,12.791220813526285,12.479005055652829,12.762400463296416,46200
2009-09-11,12.440016746520996,12.682987133868242,12.425439379692817,12.614955343847903,26070
2009-09-14,12.440016746520996,12.809330430279049,12.415721135140696,12.809330430279049,92180
2009-09-15,12.269937515258789,12.590656897362567,12.240781763906886,12.391422701251674,68640
2009-09-16,12.498327255249023,12.63438978269148,12.221342059730057,12.34768634498165,43450
2009-09-17,12.590653419494629,12.634388563749905,12.420576041254268,12.512904430852926,12980
2009-09-18,12.785030364990234,12.804466848873362,12.464311048762402,12.639248579557965,77330
2009-09-21,12.600373268127441,12.823905061843226,12.493466492122874,12.614951650225988,30470
2009-09-22,12.42057991027832,12.877360840855667,12.337969736199769,12.692705023676396,42900
2009-09-23,12.595515251159668,12.867640316335192,12.401140204605722,12.449733456474876,33440
2009-09-24,12.610095977783203,12.799612973135906,12.51776857070275,12.639252752310984,35310
2009-09-25,12.673258781433105,12.862774609681152,12.483742953185056,12.532337199714004,18590
2009-09-28,13.05715274810791,13.120325385989808,12.624667620584793,12.707276738383099,46310
2009-09-29,12.857919692993164,13.086310603399378,12.789888943670908,13.032858235909949,24200
2009-09-30,12.716999053955078,12.955109244151444,12.508045629716895,12.901655852920534,39710
2009-10-01,12.707283020019531,12.79961246249437,12.517768071305417,12.707283020019531,56870
2009-10-02,12.537199974060059,12.896795289482606,12.48374760834554,12.614951001407178,52360
2009-10-05,12.595515251159668,12.726718662468247,12.357405054477086,12.405999325884904,36410
2009-10-06,12.911375045776367,13.052297725718207,12.396280638748136,12.644109089483782,49390
2009-10-07,12.9356689453125,13.00855982492146,12.760730426435629,12.935668945312498,22000
2009-10-08,12.93080997467041,13.06201336592013,12.828763345715522,13.023138362552695,35420
2009-10-09,13.115470886230469,13.15434590185664,12.91137654442365,13.018283347165038,22770
2009-10-12,12.955106735229492,13.159199979256956,12.882215853988924,13.159199979256956,13420
2009-10-13,12.751014709472656,13.081452273611616,12.605232921406747,13.081452273611616,30470
2009-10-14,12.857919692993164,13.06201398003704,12.68784230991825,12.857919692993162,61820
2009-10-15,12.668407440185547,12.794750723558368,12.43029721922501,12.794750723558368,48730
2009-10-16,12.51290512084961,12.770451782263837,12.410857464831965,12.595514254211771,36080
2009-10-19,12.775317192077637,12.809333094161895,12.478895378509728,12.600379577908841,33660
2009-10-20,12.580942153930664,12.61009791339483,12.425442051350872,12.56150464110819,28050
2009-10-21,11.939501762390137,12.66354871045146,11.83745407651539,12.483752008899915,52690
2009-10-22,12.352547645568848,12.415720309110185,11.954078235126136,11.978375883967638,55660
2009-10-23,12.16788387298584,12.561493936882039,12.051259914970723,12.561493936882039,61490
2009-10-26,12.153308868408203,12.313667988706104,11.978371368209107,12.255355488639738,100540
2009-10-27,12.197042465209961,12.357401578627007,12.099854969269575,12.163026586746232,41800
2009-10-28,12.16788387298584,12.469165574767754,12.114430503389336,12.211619004222012,26840
2009-10-29,12.143590927124023,12.333106827801096,12.026965914328676,12.265076080106411,43010
2009-10-30,11.963794708251953,12.148451494778028,11.837450430175391,12.051263980695508,70180
2009-11-02,11.97351360321045,12.070701122595885,11.818013572193754,12.012388610964624,51920
2009-11-03,12.031827926635742,12.056124555256115,11.788858581815683,11.905483622640004,52910
2009-11-04,11.696532249450684,12.138735824213713,11.662516354575327,12.13387670195691,86350
2009-11-05,12.080423355102539,12.09986086375967,11.74026644383335,11.85203237349656,45760
2009-11-06,11.939501762390137,12.114438322086539,11.83745407651539,11.929782498218735,20570
2009-11-09,11.96865177154541,12.119292647361348,11.808291636222767,12.017245010463741,31020
2009-11-10,11.65279483795166,11.988092560555163,11.638216454460492,11.929780046129164,35090
2009-11-11,11.667373657226562,12.022108897888316,11.662514535727574,11.754842941901932,25740
2009-11-12,11.385529518127441,11.886046568901307,11.351514647495536,11.618780608198422,75350
2009-11-13,11.390386581420898,11.458417323840653,11.176574074541245,11.458417323840653,45540
2009-11-16,11.70139217376709,11.847172988235645,11.48271942275585,11.48271942275585,27280
2009-11-17,11.657652854919434,11.774277862523716,11.584761970282134,11.662511975351658,24530
2009-11-18,11.511869430541992,11.774276169693714,11.429260316917256,11.657651178857025,17600
2009-11-19,11.108543395996094,11.555605953982708,11.030793385911466,11.429262697364463,57530
2009-11-20,11.541028022766113,11.57504390839075,11.079388084520238,11.079388084520238,43890
2009-11-23,11.81315803527832,11.973517236033388,11.65279781498432,11.65279781498432,22990
2009-11-24,12.051265716552734,12.099858970824053,11.706248717440525,11.852030519331917,18810
2009-11-25,11.866610527038574,12.099860626347503,11.866610527038574,12.075562976348682,5940
2009-11-27,11.1765718460083,11.968650093443848,11.176571846008299,11.404962687702042,21340
2009-11-30,11.390386581420898,11.555604826967768,10.889869665893187,11.191151435356472,68310
2009-12-01,11.127975463867188,11.52158444280631,10.982194775923759,11.468131082093896,51480
2009-12-02,11.268906593322754,11.516736114100647,11.04051560160176,11.171719045732853,29810
2009-12-03,11.118265151977539,11.52645385348908,11.098827643312175,11.346657153219173,36190
2009-12-04,11.565326690673828,11.628498327043244,11.28348235838625,11.366091499756925,41800
2009-12-07,11.429265022277832,11.594483317546697,11.127983162144597,11.541029919855516,17600
2009-12-08,11.516733169555664,11.516733169555662,11.278622974185131,11.336935487829997,38830
2009-12-09,11.36609172821045,11.526451912348008,11.24460757439548,11.516733669421388,47300
2009-12-10,11.200876235961914,11.487580812525387,11.045376139886166,11.385533109821388,49500
2009-12-11,11.437198638916016,11.639061105467572,11.289495478470364,11.432275441263892,16720
2009-12-14,11.663677215576172,11.678447840361837,11.30426418836796,11.486432817097363,31130
2009-12-15,11.402734756469727,11.786764852096793,11.402734756469727,11.540592561450268,41250
2009-12-16,11.294418334960938,11.545514836415325,11.215643042973921,11.535667408425393,27610
2009-12-17,11.314109802246094,11.471660353416514,11.122094809761423,11.269798967975138,21340
2009-12-18,11.604594230651855,11.604594230651857,11.245181250482233,11.42242562576398,132550
2009-12-21,11.639059066772461,11.693216297425916,11.39288579850518,11.639059066772461,31240
2009-12-22,11.855692863464355,12.170794032916849,11.54059169401186,11.629213381428817,98340
2009-12-23,11.988629341125488,12.101869109663504,11.96401128154184,11.96401128154184,25410
2009-12-24,11.801531791687012,12.042781842047416,11.69813950323705,12.003393172228098,20790
2009-12-28,12.106789588928223,12.146177235834665,11.786764183076022,11.845845653435685,29700
2009-12-29,12.136330604553223,12.205258468807315,12.02309086365388,12.165870822666944,15730
2009-12-30,12.160948753356934,12.160948753356934,11.904929007945727,12.11171470342335,31460
2009-12-31,12.037858963012695,12.293878609198426,12.037858963012695,12.23972034887495,38060
2010-01-04,12.407119750976562,12.407119750976562,12.229874327205257,12.229874327205257,35090
2010-01-05,11.9393949508667,12.426817435305496,11.9393949508667,12.426817435305496,78760
2010-01-06,11.038399696350098,11.959086268135122,10.905466120106654,11.885235199540507,212850
2010-01-07,11.570135116577148,11.683374888957374,11.077788369966026,11.077788369966026,82500
2010-01-08,11.998475074768066,12.03786376132609,11.34365559233426,11.5307464303225,71830
2010-01-11,11.520895004272461,12.032935356119541,11.506125414042438,12.032935356119541,26950
2010-01-12,11.535664558410645,11.634133649066525,11.437195467754766,11.437195467754766,23980
2010-01-13,11.619365692138672,11.727682233194104,11.481509966585909,11.589825474658248,20570
2010-01-14,11.860614776611328,11.97877770236021,11.579978086203484,11.609518301149203,25630
2010-01-15,11.451967239379883,11.93939057829251,11.383039385491816,11.91969572520111,60940
2010-01-19,11.816304206848145,11.880308868174243,11.456891191438148,11.456891191438148,33220
2010-01-20,12.156023025512695,12.190486437173075,11.72275793495955,11.816303841998854,134640
2010-01-21,12.367735862731934,12.653295840301597,12.239725469592088,12.29388375257369,74470
2010-01-22,12.402194023132324,12.510510543135341,12.308649158473138,12.46619970903542,49940
2010-01-25,12.46127986907959,12.628677904509429,12.298806064826552,12.456356670886045,42790
2010-01-26,12.352964401245117,12.663142416610336,12.34804017004546,12.397275251159217,48840
2010-01-27,12.914236068725586,13.047168588763936,12.269262125066936,12.269262125066936,30360
2010-01-28,12.540053367614746,12.978241702400515,12.480972931827276,12.978241702400515,53130
2010-01-29,12.466200828552246,12.727143693109063,12.269261589680534,12.60405653969137,233420
2010-02-01,12.313576698303223,12.574519631468743,12.244647791627468,12.49082113020526,31130
2010-02-02,12.106789588928223,12.480973267522566,12.018166866897158,12.284034000007216,51040
2010-02-03,11.845843315124512,12.116633592399422,11.757221643570062,12.077245953267905,81180
2010-02-04,11.801531791687012,11.904924080136974,11.599670411145926,11.767068384192271,47850
2010-02-05,12.131406784057617,12.141254212417085,11.845845823397175,11.845845823397175,36960
2010-02-08,11.850770950317383,12.082173654959133,11.771995649416636,12.082173654959133,39160
2010-02-09,12.0870943069458,12.25449230259012,11.850768454024182,12.04278346776875,32340
2010-02-10,12.224950790405273,12.249567807973758,11.811380556726208,12.013241960157147,40150
2010-02-11,12.288955688476562,12.33819075755486,11.890155037786286,12.160945335259399,30910
2010-02-12,12.008317947387695,12.185562321208062,11.944312259882041,12.185562321208062,47850
2010-02-16,12.126482963562012,12.190487629170288,11.91477411102976,12.008320027216069,24310
2010-02-17,12.303730010986328,12.377582120312134,12.151102593841882,12.20033767772019,35420
2010-02-18,12.44650650024414,12.485894143084112,12.27418530457351,12.4809719789579,14080
2010-02-19,12.535133361816406,12.648373130705483,12.38250593705142,12.446510619603927,32120
2010-02-22,12.59913444519043,12.59913444519043,12.3381915578016,12.535129780922052,16830
2010-02-23,12.535133361816406,12.648373130705483,12.421893592927328,12.574521017692312,20790
2010-02-24,12.914236068725586,12.929005660074495,12.495741588213212,12.54989985544163,20350
2010-02-25,12.869921684265137,12.874844880420715,12.594208237793099,12.712371143423972,18370
2010-02-26,12.559744834899902,12.786224272534728,12.559744834899902,12.756683027198484,45320
2010-03-01,12.860078811645508,12.899466457635855,12.59913488222213,12.59913488222213,34540
2010-03-02,13.066861152648926,13.071784348902222,12.638520352989646,12.899463183191282,37180
2010-03-03,12.879776954650879,13.071792051503444,12.786231005801751,13.057021421057064,21670
2010-03-04,12.899471282958984,13.061945125200202,12.559751934475623,12.94378214302777,49940
2010-03-05,12.973318099975586,12.973318099975586,12.820691739666893,12.933931485204921,45320
2010-03-08,12.933929443359375,12.973316051912178,12.835460339519878,12.973316051912178,50930
2010-03-09,13.111172676086426,13.229335590291871,12.914234485744018,12.919157682256852,13970
2010-03-10,13.263806343078613,13.288423370339048,13.066868059028335,13.071791257883744,16170
2010-03-11,13.44304370880127,13.44304370880127,13.089540499644666,13.283717862659001,22330
2010-03-12,13.313591003417969,13.433084597545609,13.268781166774037,13.433084597545609,13200
2010-03-15,13.423124313354492,13.438061271590696,13.114433095961251,13.248862586240335,17930
2010-03-16,13.731817245483398,13.7417745217164,13.428104651142359,13.43308328925886,91520
2010-03-17,13.96085262298584,14.100261857366498,13.83637930882679,13.83637930882679,63360
2010-03-18,13.547597885131836,13.95586709249518,13.43308294370432,13.940930133914284,67430
2010-03-19,13.776628494262695,13.811481053892972,13.507767383708755,13.627262023100528,80080
2010-03-22,13.846335411071777,13.935956141096344,13.627263792208902,13.687010597353323,22660
2010-03-23,13.786584854125977,13.88118419768156,13.572491932799842,13.771647895750759,44990
2010-03-24,13.706921577453613,13.836372422644486,13.60734360245466,13.691984620049888,39380
2010-03-25,13.63722038269043,13.901102875559298,13.622283421004003,13.73679838624024,25410
2010-03-26,13.482870101928711,13.771646746415,13.46295450729571,13.72683691964462,10230
2010-03-29,13.502791404724121,13.607349104209677,13.44304564018373,13.492834125506038,14850
2010-03-30,13.5824556350708,13.602372285404892,13.388279262782342,13.512751537365837,21560
2010-03-31,13.477892875671387,13.701944122214316,13.448018958286085,13.49282983436404,46090
2010-04-01,13.48785400390625,13.682030328867084,13.348443753243343,13.597389286349605,21780
2010-04-05,13.517724990844727,13.577471785073689,13.338484608157842,13.497809392768406,20350
2010-04-06,13.587432861328125,13.617305742191611,13.398234118934406,13.398234118934406,29040
2010-04-07,13.781604766845703,13.791563087008583,13.517723384839432,13.567511851807152,65340
2010-04-08,14.05544662475586,14.075363268136321,13.6720716096886,13.691987208453337,27940
2010-04-09,14.438824653625488,14.463719938938455,14.005660060262946,14.085322466186362,63250
2010-04-12,14.707686424255371,14.732580666015984,14.239669247153097,14.43882527046983,50270
2010-04-13,14.578227043151855,14.642953501142408,14.423881987351875,14.642953501142408,37180
2010-04-14,14.906840324401855,14.911820007737456,14.53840225605022,14.62802193147033,22440
2010-04-15,15.001439094543457,15.001439094543457,14.687768153649111,14.847092943358529,28930
2010-04-16,14.812243461608887,15.001441153042686,14.707685770552876,15.001441153042686,65120
2010-04-19,14.737552642822266,14.787341100305824,14.593163817966145,14.702700095814556,52250
2010-04-20,14.936710357666016,14.936710357666016,14.66785033797585,14.762448634106049,41140
2010-04-21,14.97156810760498,15.230470923546154,14.757475133268892,14.876967696010505,45320
2010-04-22,15.16574478149414,15.245408232829279,14.862032117030916,14.862032117030916,55990
2010-04-23,15.310133934020996,15.340007861388218,14.981527000677362,15.101020620914314,59290
2010-04-26,15.220507621765137,15.379832379457536,15.135866605394929,15.245402898616208,36080
2010-04-27,15.105997085571289,15.325068691129411,14.946672281529018,15.130892369664755,35420
2010-04-28,15.115950584411621,15.32506380067812,15.021351251045596,15.210548873162166,11000
2010-04-29,15.708451271057129,15.713429912085404,15.031320574259194,15.190645444094002,40150
2010-04-30,14.946669578552246,15.663632111701764,14.896881108600759,15.663632111701764,52250
2010-05-03,15.275275230407715,15.33502201243819,14.916794538224874,14.976541320255349,15840
2010-05-04,14.976543426513672,15.245404505770395,14.871985759794045,15.130889562953064,39050
2010-05-05,14.936710357666016,15.185656870883754,14.737555445246063,14.936710357666016,35970
2010-05-06,14.533416748046875,15.310124817068935,14.11518828165042,14.936707215039108,42020
2010-05-07,14.020597457885742,14.832158504584562,13.761694630595361,14.438825101970203,46640
2010-05-10,14.8321533203125,14.911816745480738,14.189875638260204,14.433841417548978,41470
2010-05-11,15.081100463867188,15.379834424258114,14.563293887907262,14.652914598332366,49830
2010-05-12,15.54911994934082,15.643719312706667,15.071145538164936,15.071145538164936,34540
2010-05-13,15.424643516540527,15.474433029856172,15.200593318159132,15.469454391909288,23320
2010-05-14,14.991479873657227,15.310129433962768,14.817218134211219,15.310129433962768,16280
2010-05-17,15.15080738067627,15.270302031913342,14.911821212049665,15.135871463310501,36630
2010-05-18,14.777389526367188,15.429626765079483,14.697728166959516,15.389795563067727,20020
2010-05-19,14.613091468811035,14.871994377375803,14.538408720956445,14.857058454574622,33000
2010-05-20,13.696965217590332,14.642957682368872,13.587429951725483,14.443800659257402,44330
2010-05-21,14.130134582519531,14.214775641281634,13.527687801917686,13.527687801917686,94160
2010-05-24,13.462957382202148,14.364140059862969,13.443042827932059,14.16000438782153,32340
2010-05-25,13.48785400390625,13.582452324547745,13.034772778483468,13.19409758539441,54890
2010-05-26,13.353421211242676,13.68700773126596,13.308610333305943,13.56751310138366,54780
2010-05-27,13.876203536987305,13.930970635353553,13.288691965001977,13.63721537166861,20570
2010-05-28,13.353421211242676,13.791564357220354,13.223969304895988,13.791564357220354,35970
2010-06-01,12.895363807678223,13.17418115765664,12.89536380767822,13.17418115765664,70180
2010-06-02,13.37831974029541,13.408192623890836,12.910302525500455,12.965070697477396,48620
2010-06-03,13.567512512207031,13.711901371595799,13.353420631363102,13.353420631363102,32560
2010-06-04,12.970051765441895,13.343469670296566,12.960093439301783,13.204060416648334,71060
2010-06-07,12.755951881408691,13.099496712846486,12.701183728548454,13.004897366018008,34540
2010-06-08,12.9849853515625,13.074605040409098,12.507010892071525,12.830639171197893,32010
2010-06-09,12.701181411743164,13.189113971158806,12.601603444986447,13.17417701499144,26400
2010-06-10,13.104477882385254,13.11443620510882,12.79578554719219,12.945153075734856,44550
2010-06-11,13.467090606689453,13.477162686735413,12.882878264233423,12.993676428037375,29040
2010-06-14,12.983606338500977,13.769270968922804,12.908061499935826,13.628254430042446,53240
2010-06-15,13.169947624206543,13.310965201183635,12.988641726172455,13.084330715321624,39930
2010-06-16,13.19512939453125,13.351255085472149,13.028931623741085,13.028931623741085,12320
2010-06-17,13.215276718139648,13.270675279463545,13.02893370127785,13.25053111655291,13860
2010-06-18,13.124625205993652,13.426804613867878,13.074262675787965,13.316005356759325,63250
2010-06-21,12.948348045349121,13.321036085292423,12.943312006068677,13.321036085292423,17380
2010-06-22,12.691495895385742,13.129654508656206,12.615950031612249,12.978564894428018,33660
2010-06-23,12.716676712036133,12.817403830897144,12.666314209265078,12.716676712036133,30030
2010-06-24,12.64113712310791,12.837553273284529,12.53537498711273,12.59581064434709,50710
2010-06-25,12.948348045349121,13.028929957133837,12.641133799349202,12.741859868255693,234960
2010-06-28,12.792222023010254,12.993674155289872,12.666314704500364,12.908057263235907,18260
2010-06-29,12.721715927124023,12.86273243770006,12.54040898495483,12.54040898495483,47740
2010-06-30,12.64113712310791,12.882879752045348,12.64113712310791,12.762008437576629,53460
2010-07-01,12.590771675109863,12.731787119196495,12.338954910216628,12.711642961463737,51590
2010-07-02,12.490041732788086,12.651203397986503,12.369169427230046,12.651203397986503,20680
2010-07-06,12.585738182067871,12.892952525335204,12.42457642079191,12.726754723184335,72710
2010-07-07,13.164908409118652,13.174981543613283,12.540406826894344,12.590770386048607,75350
2010-07-08,13.25556755065918,13.321040308701045,13.064187430730408,13.321040308701045,60720
2010-07-09,13.572848320007324,13.592993530212787,13.265634128538853,13.27066911026605,21780
2010-07-12,13.361327171325684,13.547670158557779,13.321037795250854,13.517452862336741,23430
2010-07-13,13.915316581726074,13.960644096167298,13.537593634671738,13.582921149112963,35420
2010-07-14,13.774308204650879,13.834743869413876,13.593001210361884,13.829707828181943,22770
2010-07-15,13.51241397857666,13.759193619632708,13.35628832042393,13.643358385734913,18480
2010-07-16,12.76201343536377,13.441915109674493,12.741868208396491,13.441915109674493,49170
2010-07-19,12.751931190490723,13.044037277119594,12.600841580282147,12.772075344748536,14850
2010-07-20,13.15987777709961,13.195132177326357,12.590775559124474,12.590775559124474,35090
2010-07-21,12.620989799499512,13.270672742270314,12.620989799499512,13.26563775916511,26840
2010-07-22,13.331109046936035,13.346217165778164,12.872805138887534,12.877841178501578,46420
2010-07-23,13.648398399353027,13.688688835341534,13.225347764813977,13.235420902140975,61600
2010-07-26,13.849845886230469,13.915317558361567,13.592994179673843,13.713865446681739,42350
2010-07-27,13.78941535949707,14.056339242160556,13.784379319004874,13.940503970881387,33880
2010-07-28,13.708837509155273,13.859927210529786,13.648401839937469,13.764237136769928,36740
2010-07-29,13.739052772521973,14.101666733910342,13.633290631281996,13.869997231353254,52030
2010-07-30,13.839777946472168,13.900213602657997,13.648398896880268,13.648398896880268,86790
2010-08-02,13.980796813964844,14.066413737233438,13.774307510600757,14.066413737233438,31570
2010-08-03,13.910283088684082,14.051299582765301,13.864956622608565,13.895173914439075,30250
2010-08-04,13.990864753723145,14.04122831857373,13.804521782761073,13.990864753723146,16280
2010-08-05,13.744089126586914,14.000939876181807,13.658471153395487,13.895177740662746,37620
2010-08-06,13.51241397857666,13.643358385734913,13.134690987021791,13.598031922612972,28600
2010-08-09,13.834741592407227,13.965686039505382,13.431837226966376,13.643362547152702,29040
2010-08-10,13.592999458312988,13.77934246981552,13.512418582348673,13.663507196451867,20680
2010-08-11,13.013822555541992,13.477162535633939,12.968496082524,13.346218099886817,58080
2010-08-12,13.008783340454102,13.129655676584301,12.86776790439777,12.973530009769764,69300
2010-08-13,12.928210258483887,13.094408089907168,12.923173160061936,12.943318383769608,40260
2010-08-16,13.154838562011719,13.19512899350359,12.923168052603641,12.928205149034843,46420
2010-08-17,13.356291770935059,13.426800559926399,13.09440394562097,13.30592925593528,28930
2010-08-18,13.129658699035645,13.391546531508832,13.129658699035645,13.31096565997862,21780
2010-08-19,12.92316722869873,13.139728548325778,12.918131189248221,13.119583333864181,32780
2010-08-20,12.938281059265137,12.983607543948574,12.842590991975705,12.918135837554725,82610
2010-08-23,12.64113712310791,13.044042561330107,12.62099190402979,13.008787107118648,41690
2010-08-24,12.610918998718262,12.767045770277567,12.389321584772475,12.595810876625913,47740
2010-08-25,13.114546775817871,13.144765124645101,12.485008056292527,12.485008056292527,29480
2010-08-26,12.81740665435791,13.164911381337923,12.792224340765689,13.164911381337923,9900
2010-08-27,13.326071739196777,13.366363225448527,12.802296154498512,13.003748302459384,28930
2010-08-30,13.008783340454102,13.351253022280597,13.003747301307694,13.255562995201414,38830
2010-08-31,13.290822982788086,13.537601684858982,13.033971141520452,13.18002373492364,85250
2010-09-01,13.587964057922363,13.587964057922363,13.381474761040288,13.482201917401202,40260
2010-09-02,13.53759765625,13.572852047957445,13.270672755218925,13.542634752679367,22220
2010-09-03,13.688691139221191,13.718908442968432,13.472129745169601,13.587965032297188,21560
2010-09-07,13.411690711975098,13.668542484274676,13.386508399074996,13.668542484274676,21560
2010-09-08,13.39155101776123,13.582931180088888,13.37644183512271,13.48220505693225,8910
2010-09-09,13.366360664367676,13.598031118462913,13.154835421208572,13.577884850867406,15180
2010-09-10,13.406660079956055,13.587967100009166,13.351260448552585,13.391550897453277,13750
2010-09-13,13.65884017944336,13.78620789290806,13.37353829704566,13.628272655068377,31350
2010-09-14,13.592607498168945,13.730164008320932,13.455050988016962,13.658838014573046,28380
2010-09-15,13.602798461914062,13.755640359313267,13.429579996456331,13.577326415707551,11220
2010-09-16,13.271650314331055,13.551857904593144,13.14428254763466,13.551857904593144,25520
2010-09-17,13.500905990600586,13.623179304320992,13.174846671097546,13.41939222963159,44880
2010-09-20,14.010371208190918,14.01037120819092,13.500902581216797,13.511092466831398,36520
2010-09-21,13.760734558105469,13.969617108003412,13.689409617557615,13.969617108003412,21450
2010-09-22,13.546765327453613,13.867730389979563,13.42958743654616,13.745458087008465,25630
2010-09-23,13.20541000366211,13.653741389293735,13.195221188441833,13.480521910391984,22770
2010-09-24,13.8473482131958,13.8473482131958,13.307311808875863,13.3633535342963,33660
2010-09-27,13.536566734313965,13.883004703405792,13.475431691027875,13.883004703405792,9570
2010-09-28,13.760734558105469,13.801493041298635,13.449959541398236,13.612989198543898,32560
2010-09-29,13.867727279663086,14.010378267801627,13.567141001715834,13.67412897559298,25410
2010-09-30,13.801494598388672,13.959429863793538,13.725074170753173,13.959429863793538,30140
2010-10-01,13.974710464477539,14.030752172124942,13.837153934399973,14.005279057342182,18700
2010-10-04,13.714881896972656,14.056225488009206,13.679219963329247,13.974710664412818,31130
2010-10-05,14.030749320983887,14.265103853394878,13.577323480581908,13.903382704045166,53570
2010-10-06,14.05622673034668,14.061321140045045,13.796397939941961,13.959428670450636,21010
2010-10-07,13.781112670898438,14.061320149259478,13.755640624201417,14.061320149259478,23650
2010-10-08,14.030749320983887,14.142832713502607,13.760730724873541,13.786204903386446,27060
2010-10-11,14.010371208190918,14.112264719804445,13.959424986837403,14.071507315159035,3740
2010-10-12,14.025656700134277,14.04603540419759,13.806585364227015,13.928857588606894,22220
2010-10-13,14.102072715759277,14.244724679495356,13.888096907967828,14.066410793731592,31900
2010-10-14,14.122452735900879,14.173398950510178,13.923760147330634,14.127547143580538,21890
2010-10-15,14.02056884765625,14.214166092334551,13.893201086020774,14.214166092334551,44000
2010-10-18,14.198873519897461,14.214156743359641,14.096978950044628,14.096978950044628,52800
2010-10-19,13.872819900512695,14.265109800048016,13.760736461270092,13.959430219529942,23650
2010-10-20,14.163212776184082,14.219254482059068,13.979805500423462,14.00527861440059,17380
2010-10-21,14.030749320983887,14.260010514161328,13.826962306319352,14.239631812694874,24530
2010-10-22,14.173404693603516,14.229446407507048,14.066416744447164,14.14283716623318,12870
2010-10-25,14.112271308898926,14.260017771402017,14.040945283013711,14.239639059564384,8030
2010-10-26,14.193779945373535,14.260011531544652,13.989992916169774,13.989992916169774,20240
2010-10-27,14.02056884765625,14.260018999598724,13.88810667484934,14.107178113198987,38500
2010-10-28,14.040940284729004,14.158118103309265,13.93395235289367,14.158118103309265,17380
2010-10-29,13.913575172424316,14.040941822794823,13.847344642500461,14.000184409163722,53020
2010-11-01,13.709789276123047,14.005281084659266,13.54166412884409,14.005281084659266,35310
2010-11-02,13.704690933227539,13.877910454218853,13.511093776844236,13.618081707185183,53680
2010-11-03,13.801494598388672,13.801494598388672,13.587517614790647,13.689411162002356,29810
2010-11-04,14.010371208190918,14.015465616544972,13.663933268704934,13.959424986837403,67210
2010-11-05,14.198873519897461,14.239630920276042,14.03584391838314,14.061315957486775,36740
2010-11-08,14.239631652832031,14.254914877080456,14.051127864703759,14.096979675261906,25520
2010-11-09,14.188688278198242,14.260014286653377,14.137742045507489,14.244729989283458,51590
2010-11-10,14.591167449951172,14.601356268538444,14.158119144044912,14.239635037276543,42460
2010-11-11,14.463801383972168,14.57078932796074,14.402665263277735,14.402665263277735,8360
2010-11-12,14.254918098449707,14.387380220881969,14.234539392606797,14.34152733105541,15950
2010-11-15,14.463801383972168,14.560599440058303,14.081700362405277,14.305866138284864,13750
2010-11-16,14.290580749511719,14.601355738747824,14.158118630336556,14.158118630336556,29920
2010-11-17,14.326241493225098,14.331335901530993,14.203969280444664,14.290578497270849,20240
2010-11-18,14.407759666442871,14.514747610384418,14.356812364766535,14.494368903495232,19250
2010-11-19,14.41285514831543,14.489275572062564,14.305867196413526,14.428139446846219,42680
2010-11-22,14.183589935302734,14.341524067971001,14.096979653496534,14.285483441333763,55550
2010-11-23,14.117361068725586,14.14283525181051,14.010373134051488,14.046036135245068,37070
2010-11-24,14.331339836120605,14.336434245825144,14.046037927971543,14.046037927971543,23100
2010-11-26,14.219257354736328,14.387382506327143,14.219257354736326,14.229447243729792,4180
2010-11-29,14.346623420715332,14.367002127426877,14.091889052367653,14.18359376702297,21670
2010-11-30,14.015470504760742,14.310962325952742,13.898292658310112,14.19378447950211,69630
2010-12-01,14.326241493225098,14.377187714097035,14.127548880230272,14.270199795140776,44990
2010-12-02,14.37719440460205,14.39247870553886,14.224354601954925,14.29567955814839,17710
2010-12-03,14.356818199157715,14.361913679630788,14.193788477791436,14.260020103776863,16940
2010-12-06,14.37719440460205,14.494372263605937,14.280395257211582,14.316059338668786,43890
2010-12-07,14.555500030517578,14.621730537958644,14.417944607887602,14.52493251512415,26400
2010-12-08,14.580982208251953,14.626834040956059,14.575886728801644,14.616644150962394,19580
2010-12-09,14.713440895080566,14.774577018346326,14.5707899407938,14.667589069857945,39050
2010-12-10,14.794960021972656,14.794960021972656,14.4587107119241,14.71853957847429,47410
2010-12-13,14.746044158935547,14.890209257831595,14.720300661338666,14.879911210641335,23760
2010-12-14,14.849019050598145,14.926250622710414,14.756340948012921,14.838722083784507,23870
2010-12-15,14.833575248718262,15.008633439024019,14.77693868006763,14.869616799700726,36740
2010-12-16,14.936544418334961,15.0549659930646,14.72029735863518,14.740892368142411,23870
2010-12-17,14.936544418334961,14.97773551760169,14.555537282577342,14.936544418334961,66990
2010-12-20,14.854169845581055,14.988036906770118,14.854169845581055,14.982887342683933,9680
2010-12-21,15.034375190734863,15.060117607657602,14.823275489190973,14.92110207475985,10230
2010-12-22,15.327853202819824,15.348448215717841,15.008629962774348,15.060116954893166,75350
2010-12-23,15.204282760620117,15.363894376813136,15.142497723408539,15.363894376813136,11660
2010-12-27,15.348445892333984,15.399932876658918,15.091007729952475,15.147644276911727,24200
2010-12-28,15.317557334899902,15.374192814241374,15.281514709428246,15.34844931633593,12100
2010-12-29,15.209431648254395,15.322703679362638,15.132200079622326,15.322703679362638,16720
2010-12-30,15.075559616088867,15.178534654154515,15.075559616088867,15.173386172314274,5280
2010-12-31,14.910805702209473,15.111607379281638,14.910805702209473,15.03952428279312,23100
2011-01-03,15.32270336151123,15.36904294988068,15.111604753198188,15.111604753198188,33660
2011-01-04,14.812976837158203,15.415381776120888,14.792381824208688,15.415381776120888,32450
2011-01-05,15.044672012329102,15.044672012329103,14.740895291784698,14.823275346152503,22330
2011-01-06,15.091009140014648,15.35359580931357,14.99833104721699,15.018927139174146,35860
2011-01-07,14.771784782409668,15.13734756237046,14.52979314342639,15.13734756237046,39710
2011-01-10,14.715150833129883,14.766638907650718,14.54524223969086,14.67911036924304,35200
2011-01-11,15.024078369140625,15.024078369140623,14.648218526614537,14.756342087771523,20900
2011-01-12,15.10645580291748,15.271215898017797,14.993182697409818,15.132199297713807,19470
2011-01-13,14.962289810180664,15.142496423305376,14.915951306313612,15.11160336722579,8800
2011-01-14,15.33300495147705,15.389641519071692,14.91080655702519,14.982888577393453,18370
2011-01-18,15.358744621276855,15.384488116396343,15.054967922059205,15.240324111626252,27830
2011-01-19,14.88506031036377,15.420531741252677,14.818125706344858,15.363895184103013,25630
2011-01-20,15.16823673248291,15.266062202277716,14.849013594514725,14.849013594514725,26730
2011-01-21,15.034375190734863,15.446274386296066,14.98803559951645,15.240325328641712,26840
2011-01-24,15.127046585083008,15.163087035619522,14.998326986588292,15.029220035907693,15180
2011-01-25,15.492609024047852,15.49775750578627,15.054964310734988,15.065262354463973,34320
2011-01-26,15.549245834350586,15.626477388144135,15.332998780031343,15.513205378798874,37180
2011-01-27,15.374185562133789,15.580135608734347,15.353590557473733,15.554392122972281,12320
2011-01-28,14.818123817443848,15.410231730005034,14.622471754393157,15.410231730005034,48400
2011-01-31,14.88506031036377,14.998332344410622,14.79753177311132,14.88506031036377,29810
2011-02-01,15.358744621276855,15.49261274035252,14.828422788452425,14.967439390501506,27500
2011-02-02,15.178543090820312,15.389642846379262,15.101311499280522,15.281518186122446,18810
2011-02-03,14.85931396484375,15.193982599768026,14.756337836903064,15.193982599768026,22660
2011-02-04,14.838724136352539,15.039524739266707,14.710004471609428,14.885062653928681,31460
2011-02-07,15.060117721557617,15.157944307866357,14.812977554200272,14.812977554200272,13310
2011-02-08,14.962289810180664,15.049818335318944,14.751191221228693,14.998330268603743,11550
2011-02-09,14.936544418334961,15.0549659930646,14.766635859963381,14.90050396188651,14630
2011-02-10,14.82326889038086,14.982879366016197,14.766632357605992,14.895350866433592,10890
2011-02-11,15.024078369140625,15.054970352220085,14.668813542085038,14.802681682769588,14850
2011-02-14,14.988032341003418,15.132197406195623,14.673958719040609,15.132197406195623,26180
2011-02-15,14.98288345336914,15.008628026359428,14.776933350960682,14.962289523380603,17160
2011-02-16,15.024078369140625,15.147648461963632,14.900508276317614,14.988036822004101,13310
2011-02-17,15.152791976928711,15.168238503529572,14.828420319571748,14.96743689847505,17820
2011-02-18,15.343301773071289,15.502913425558411,15.085864599610598,15.240327767889147,62150
2011-02-22,15.003480911254883,15.363894163443309,14.982884818884635,15.193984503281813,21670
2011-02-23,14.802679061889648,15.039521157740182,14.746042509310378,15.039521157740182,18370
2011-02-24,14.812976837158203,14.864464909658219,14.421671591117398,14.864464909658219,24860
2011-02-25,15.013782501220703,15.034378599934259,14.684262205847642,14.838725384430134,14960
2011-02-28,14.730597496032715,14.977738743602602,14.478308845292677,14.977738743602602,59400
2011-03-01,14.68425464630127,14.833568183211458,14.61732114082459,14.782081203691606,148830
2011-03-02,14.740901947021484,14.854175113044139,14.694563415581749,14.699710820988088,23760
2011-03-03,14.921100616455078,15.008629146447818,14.843869052225068,14.843869052225068,16060
2011-03-04,14.82326889038086,14.993177408453452,14.704847343738503,14.874755861811096,18920
2011-03-07,14.534945487976074,15.039523910135106,14.421673442339916,14.83872331829111,24970
2011-03-08,15.034375190734863,15.039522593866916,14.550390746275028,14.550390746275028,13750
2011-03-09,14.910805702209473,15.152797411488613,14.895359170068703,15.044673847008454,19910
2011-03-10,14.447420120239258,14.895362078002346,14.437123150303606,14.71515538185298,37950
2011-03-11,14.382345199584961,14.73630885552756,14.345907603808058,14.439604122645362,25630
2011-03-14,14.366729736328125,14.481247588867506,14.101258617676544,14.283445514649278,28270
2011-03-15,14.325092315673828,14.574947237237572,14.267833372839629,14.267833372839629,41690
2011-03-16,14.200161933898926,14.371938746883629,14.153314208595551,14.356322474408039,44000
2011-03-17,14.25741958618164,14.476044104759609,14.174134263318283,14.423990231908359,27500
2011-03-18,14.356321334838867,14.496865591716334,14.158519236968216,14.293857342018137,59730
2011-03-21,14.548917770385742,14.548917770385744,14.450016186909396,14.470836423301064,20900
2011-03-22,14.351116180419922,14.54891936910842,14.31467857848415,14.54891936910842,24090
2011-03-23,14.50727367401123,14.548916326909344,14.070024726457957,14.345907028877194,17820
2011-03-24,14.418787956237793,14.574947420696189,14.351118891376606,14.533305843347659,19250
2011-03-25,14.554126739501953,14.720697412370585,14.39796618762587,14.434403795346753,83050
2011-03-28,14.397968292236328,14.574949111967527,14.387558169722087,14.554128866939045,16830
2011-03-29,14.413578033447266,14.455220688871975,14.309471394885495,14.356319109207506,21450
2011-03-30,14.418787956237793,14.517689569264766,14.283449826515417,14.418787956237793,23870
2011-03-31,14.403168678283691,14.460427609896916,14.377142288322512,14.413579889542135,50820
2011-04-01,14.366729736328125,14.528095304850352,14.356319618164463,14.528095304850352,37620
2011-04-04,14.403168678283691,14.444812431194178,14.293856966748107,14.444812431194178,30140
2011-04-05,14.33549976348877,14.39275869564502,14.314678432897706,14.39275869564502,38170
2011-04-06,14.345903396606445,14.429189773438289,14.314671960901954,14.314671960901954,65670
2011-04-07,14.403168678283691,14.476043880722937,14.293856966748107,14.33029456796773,145200
2011-04-08,14.299062728881836,14.502070983224815,14.288651517111852,14.502070983224815,22770
2011-04-11,14.413578033447266,14.423988151241872,14.30426524386505,14.340703932515598,37180
2011-04-12,14.247014045715332,14.43440608238358,14.241807892270698,14.37194207016083,22110
2011-04-13,14.127289772033691,14.418788468698173,14.1168785582339,14.345913248470278,44550
2011-04-14,14.377143859863281,14.444814010131854,14.054413749547036,14.054413749547036,22220
2011-04-15,14.444811820983887,14.49165953935962,14.33029396259516,14.33029396259516,40370
2011-04-18,14.377143859863281,14.481250523211004,14.30947480171811,14.330296134387655,51700
2011-04-19,14.262622833251953,14.52288886813297,14.148104991575693,14.460424888706756,55880
2011-04-20,14.491659164428711,14.55932821056772,14.319882381289865,14.423989026166495,38830
2011-04-21,14.486449241638184,14.580145743695473,14.371932508149193,14.580145743695473,60060
2011-04-25,14.413578033447266,14.626997461591253,14.33029272259785,14.481247075481633,30800
2011-04-26,14.699869155883789,14.798770719356252,14.423985789769924,14.481244704635346,48400
2011-04-27,14.75712776184082,14.79877150478101,14.606173425659344,14.715486203146675,83600
2011-04-28,14.913290023803711,14.913290023803713,14.767539647143424,14.767539647143424,14300
2011-04-29,14.731106758117676,14.960141404278776,14.72069554632141,14.939318980686245,72600
2011-05-02,14.377143859863281,14.835214270716671,14.36152758733027,14.835214270716671,38500
2011-05-03,14.371933937072754,14.543709600446428,14.356317669823412,14.371933937072754,23100
2011-05-04,14.148106575012207,14.361524922239818,14.137695364547758,14.361524922239818,19800
2011-05-05,14.059619903564453,14.309477026570438,14.023183384820113,14.096057514432363,19030
2011-05-06,14.096044540405273,14.273026278781096,14.059606963074579,14.17932980737682,22000
2011-05-09,14.11167049407959,14.16892942748344,13.960716117036092,14.059616620406095,17600
2011-05-10,14.397968292236328,14.408378414750569,14.05441677528817,14.122084755878012,20240
2011-05-11,14.1168794631958,14.351120321409848,14.059620513935236,14.340710199066265,31680
2011-05-12,14.288651466369629,14.309473889835653,14.054412853918542,14.080438152942738,32340
2011-05-13,14.028386116027832,14.304268497946284,14.017974903741633,14.304268497946284,17600
2011-05-16,13.960712432861328,14.028381467868305,13.960712432861328,14.012765200674995,47080
2011-05-17,13.981535911560059,14.054411108269564,13.945098313205303,13.960714582803512,25190
2011-05-18,14.038797378540039,14.064823771163558,13.924279503599116,14.023181106116569,23430
2011-05-19,14.017974853515625,14.11687645532488,13.99194846107847,14.11687645532488,20130
2011-05-20,13.950307846069336,14.054415615361442,13.934692663586713,13.950307846069336,34430
2011-05-23,13.84620189666748,14.0440051397462,13.830585621240507,13.924282181678745,26180
2011-05-24,13.835789680480957,13.950307569154958,13.783736888991703,13.934692386982297,30800
2011-05-25,13.924277305603027,14.044000221745293,13.814965600140763,13.814965600140763,17270
2011-05-26,14.049201011657715,14.054407161477243,13.887835486078743,13.887835486078743,23540
2011-05-27,14.064823150634766,14.111670873714896,13.981537824215266,14.111670873714896,16390
2011-05-31,14.304267883300781,14.481249747574209,13.955510306735016,14.179339893974836,113740
2011-06-01,13.877429962158203,14.439605866714354,13.872224902739424,14.262625109489784,58300
2011-06-02,13.877429962158203,14.07523204918115,13.788938491422668,13.887840080995767,85250
2011-06-03,13.721271514892578,13.913868571584118,13.627574970587544,13.731681635302351,37400
2011-06-06,13.77332592010498,13.872228628363342,13.580728840775581,13.716066974750765,29920
2011-06-07,13.788935661315918,13.96071241598868,13.757704219090071,13.877427113889048,14960
2011-06-08,13.783738136291504,13.851407208200364,13.716067972259017,13.716067972259017,30360
2011-06-09,13.830582618713379,13.981538094863355,13.731681018644895,13.856610102815809,33330
2011-06-10,13.70565414428711,13.908662397250218,13.632780030885906,13.820172012361853,44440
2011-06-13,13.792552947998047,13.934743247271903,13.692492248383934,13.787285781233171,27500
2011-06-14,14.087461471557617,14.087461471557615,13.89787338718178,13.945270132045177,21340
2011-06-15,13.913671493530273,14.066394939017407,13.824142965900707,13.971600352386737,26070
2011-06-16,14.250716209411621,14.340243627476754,13.866272928744571,13.982132850294121,61050
2011-06-17,14.329716682434082,14.556169443622775,14.224388840321783,14.319183456253853,86680
2011-06-20,14.261246681213379,14.429770485363118,14.187518552762217,14.28231201861685,49720
2011-06-21,14.556172370910645,14.587769845960679,14.192794225837579,14.345517749245301,63910
2011-06-22,14.145398139953613,14.529840550236168,14.119065620404461,14.492977011728348,19800
2011-06-23,14.187520980834961,14.213852380865202,13.992665747813573,14.1401242397961,39710
2011-06-24,14.208590507507324,14.213856568080253,13.871544952080164,13.876809907730605,82610
2011-06-27,14.50877571105957,14.50877571105957,14.124332211525113,14.213859680559102,36850
2011-06-28,14.535103797912598,14.666763055398375,14.440310281642299,14.47717491793522,55000
2011-06-29,14.524565696716309,14.63515845514459,14.356042977236221,14.63515845514459,32340
2011-06-30,14.59830093383789,14.6404305260866,14.535103783158428,14.614100221507755,39600
2011-07-01,14.798416137695312,14.877410333316446,14.614094138068474,14.645691595332508,77770
2011-07-05,14.73522663116455,14.819488033993036,14.624633816182833,14.819488033993036,24200
2011-07-06,14.835282325744629,14.877413012966455,14.708890264079152,14.735221667362218,41250
2011-07-07,14.97220516204834,14.982737279669468,14.698354634989332,14.861611297493777,36960
2011-07-08,14.661491394042969,14.8668776358155,14.661491394042969,14.8668776358155,52580
2011-07-11,14.798416137695312,14.866877110947035,14.550897013696211,14.550897013696211,40150
2011-07-12,14.845817565917969,15.177597049072602,14.782621526503869,14.814218993749694,33990
2011-07-13,15.088067054748535,15.167061261983894,14.935342489931202,14.935342489931202,56100
2011-07-14,14.819491386413574,15.098608175115888,14.787893905666342,15.098608175115888,29700
2011-07-15,14.840546607971191,14.856345890017678,14.687823161314267,14.83528054892975,44770
2011-07-18,14.619367599487305,14.830021104321494,14.49824155797698,14.798423631057695,31240
2011-07-19,14.982745170593262,15.024875873110883,14.687830252969917,14.729960955487538,51590
2011-07-20,14.729958534240723,15.109134794571956,14.614099673822993,15.045938751183417,45430
2011-07-21,15.077537536621094,15.109135006296881,14.735224801444446,14.824752254602132,35310
2011-07-22,14.945878982543945,15.067005015974475,14.919547572426792,15.067005015974475,17270
2011-07-25,14.814217567443848,14.951142858785852,14.751021534114232,14.803684342761075,25740
2011-07-26,14.445574760437012,14.808952812801632,14.377112661193038,14.808952812801632,30580
2011-07-27,14.219125747680664,14.477176011376162,14.176993942361912,14.440311372298908,46090
2011-07-28,14.39818000793457,14.408712130086588,14.2138579259709,14.292853261801415,31020
2011-07-29,14.282313346862793,14.4824346232679,14.208585211554961,14.255981948890144,47190
2011-08-01,14.492971420288086,14.57196563369097,14.282316869780017,14.456105686157649,31680
2011-08-02,14.287581443786621,14.614095907870642,14.266517206341069,14.466637406373913,32780
2011-08-03,14.45083999633789,14.482437459107828,14.171723366438282,14.277050083875222,36960
2011-08-04,14.087461471557617,14.450839461969657,14.013732219617,14.345511643505276,62920
2011-08-05,13.992668151855469,14.403442924558794,13.955803522526226,14.182256253505692,42240
2011-08-08,12.902527809143066,14.324440520841469,12.902527809143066,13.955795543245603,103070
2011-08-09,14.39818000793457,14.482441404841092,13.107926539111487,13.350178607679037,105380
2011-08-10,13.044727325439453,14.208588416430379,12.955198784263157,13.966336406658074,76560
2011-08-11,13.69249153137207,13.855748279310934,13.23431986679906,13.297514815440824,66880
2011-08-12,13.197453498840332,13.86101252688864,13.14478957530072,13.792550420717442,33660
2011-08-15,13.581891059875488,13.59242317707291,13.276443087319205,13.381769783903772,21450
2011-08-16,13.344908714294434,13.866276277328906,13.2027173598446,13.476566843822397,35310
2011-08-17,13.576630592346191,13.67142521848603,13.429173144401812,13.43970637171629,17930
2011-08-18,13.1605806350708,13.42916393588698,13.049987901177738,13.281706589055608,58080
2011-08-19,13.013131141662598,13.360709935704094,12.955201158501927,13.023663263188615,69190
2011-08-22,12.923603057861328,13.387040690669094,12.802477036692318,13.387040690669094,37840
2011-08-23,13.508170127868652,13.508170127868652,12.976269154284713,13.007866630232757,60280
2011-08-24,13.803074836730957,13.845205510073646,13.434430892521469,13.434430892521469,26730
2011-08-25,13.165861129760742,14.187531476987386,13.113197185816512,13.866283960250438,46860
2011-08-26,13.292247772216797,13.42390592024475,12.913070405429556,13.165855684928557,39710
2011-08-29,13.634559631347656,13.697755676068434,13.286980832922108,13.471302906255012,44990
2011-08-30,13.555563926696777,13.645091378026947,13.260649059437677,13.571363213673427,47520
2011-08-31,13.297513961791992,13.660892075152194,13.244851139663705,13.660892075152194,76670
2011-09-01,12.93940258026123,13.392306995393913,12.928869354135008,13.244849564084262,134200
2011-09-02,12.639222145080566,13.071062372232047,12.61815679509568,12.913071694884085,100980
2011-09-06,12.797205924987793,13.05525717419049,12.244241014408834,12.249507073290772,76340
2011-09-07,13.14478588104248,13.186916566064589,12.813006460262816,13.018393825976155,92730
2011-09-08,12.649760246276855,13.165862072213342,12.644493078059309,13.06580024007968,51370
2011-09-09,12.560223579406738,12.691882811678076,12.460162916455674,12.644484957697667,117150
2011-09-12,12.828805923461914,12.860404490133183,12.40223300785558,12.40223300785558,40260
2011-09-13,12.972831726074219,13.058179222227267,12.706120241013625,12.935493035880748,63690
2011-09-14,13.143526077270508,13.351560868787281,12.823472982308008,13.132858200354056,36300
2011-09-15,13.2715482711792,13.298219084555972,13.004836779917445,13.298219084555972,23870
2011-09-16,13.1488618850708,13.442244185315813,13.122189952928775,13.356895569291853,69080
2011-09-19,12.764792442321777,13.426236424420404,12.642106299053918,12.930153437846434,42130
2011-09-20,12.722123146057129,13.015505443176194,12.679449398082163,12.828807515994548,46310
2011-09-21,12.268709182739258,12.796796849626574,12.199363534959579,12.743454129731754,76120
2011-09-22,12.40207290649414,12.674118392586031,12.135361360342412,12.236711815029963,105160
2011-09-23,12.300721168518066,12.807472269923462,12.16203202955342,12.476750121498117,84810
2011-09-26,12.738126754760742,12.743460693748437,12.188700821580928,12.418072508863649,41470
2011-09-27,12.594101905822754,12.999502511703742,12.428740852580137,12.999502511703742,56980
2011-09-28,12.076682090759277,12.63677588260929,12.076682090759277,12.63677588260929,72490
2011-09-29,12.78612995147705,12.78612995147705,12.21536846288777,12.33805573148594,66440
2011-09-30,12.423408508300781,12.84481210355143,12.418073449744156,12.57276664542565,49170
2011-10-03,11.964665412902832,12.706122178589453,11.959331473371048,12.439411772022433,82280
2011-10-04,13.020838737487793,13.079515417840657,11.884649414510179,11.884649414510179,80850
2011-10-05,13.116854667663574,13.122188605878563,12.786132591701525,12.999501311946542,99000
2011-10-06,13.40490436553955,13.575599359129425,12.96749788488317,13.100853068834095,79750
2011-10-07,12.940828323364258,13.452914517106528,12.860815869835186,13.452914517106528,50490
2011-10-10,13.479582786560059,13.506254718525469,12.839476564353914,13.138192801383449,129690
2011-10-11,13.580936431884766,13.602273311007293,13.207540487658092,13.388904519782027,74800
2011-10-12,13.794297218322754,13.86897681149772,13.495581083951413,13.660942080983757,90310
2011-10-13,13.628939628601074,13.815637523718715,13.356893133026851,13.815637523718715,17710
2011-10-14,13.682284355163574,13.826308542375575,13.335560413386101,13.772965794859582,35750
2011-10-17,13.255545616149902,13.692953232112487,13.202203988266941,13.500920238072673,36410
2011-10-18,13.788968086242676,13.868981644192782,13.292884922283731,13.367564541481075,51480
2011-10-19,13.852975845336914,14.162361016516732,13.660944017448744,13.810302105806208,41690
2011-10-20,13.986336708068848,14.22637629186762,13.138194457761628,13.927660017177878,79860
2011-10-21,14.125024795532227,14.221041293400082,13.89565310761458,14.221041293400082,60720
2011-10-24,14.41840934753418,14.41840934753418,14.029011594932948,14.210374502492197,126830
2011-10-25,14.141026496887207,14.423739788471911,14.087683754026436,14.365063107074448,45980
2011-10-26,14.615774154663086,14.669115783422049,14.210372404104335,14.370399528710655,48180
2011-10-27,15.18653678894043,15.250547418908848,14.509090675316818,14.706456504594907,162580
2011-10-28,15.02650260925293,15.28254612824524,14.983828875948255,15.159858865203235,62920
2011-10-31,15.111856460571289,15.255880651115373,14.509090002767003,14.738460576814736,115940
2011-11-01,14.423739433288574,14.871814880958462,14.194367771048286,14.66378009150414,61380
2011-11-02,14.962496757507324,15.053178189765617,14.450411795345753,14.631774659862334,56100
2011-11-03,15.143864631652832,15.170535450492668,14.647781357741371,15.10119087384313,50490
2011-11-04,14.951828956604004,14.999837765018393,14.802471949863817,14.999837765018393,17600
2011-11-07,15.111856460571289,15.186536084988493,14.701120764606134,14.983835206568711,22000
2011-11-08,15.111856460571289,15.213206899781179,14.925158518693012,15.159865270195807,33440
2011-11-09,14.503753662109375,15.005170755535092,14.47708284967482,14.727791396387678,65670
2011-11-10,14.770467758178711,14.855815268406674,14.61044061691886,14.770467758178711,20240
2011-11-11,15.063849449157715,15.090520265152664,14.845145624337725,14.930494250018178,35530
2011-11-14,14.738458633422852,14.999836165253468,14.594434461869588,14.999836165253468,27940
2011-11-15,15.106517791748047,15.170528398708264,14.615769805053056,14.615769805053056,38720
2011-11-16,14.861141204833984,15.293213582052731,14.861141204833983,14.967825535166224,43780
2011-11-17,14.92515754699707,15.266548654609226,14.866481982106155,14.919823608218746,29590
2011-11-18,15.181199073791504,15.229206758075588,14.84514304547374,14.941159533206497,28820
2011-11-21,14.893155097961426,15.122525692541668,14.839812344436249,14.935827733950799,28160
2011-11-22,14.802470207214355,15.021172871751007,14.674447852345706,14.866480825066393,33770
2011-11-23,14.43974494934082,14.701121407909076,14.429075951458042,14.669116652590311,57420
2011-11-25,14.215707778930664,14.642444176000973,14.210372720604168,14.429075417883448,18260
2011-11-28,14.429075241088867,14.839810934806057,14.237043361135996,14.610439242848944,57860
2011-11-29,14.38640022277832,14.65844450154542,14.349059297803356,14.461078715234619,48070
2011-11-30,15.037177085876465,15.053178902328018,14.509089163858437,14.850479154792973,140690
2011-12-01,14.914487838745117,15.10651968367567,14.770463675256071,14.951826524774887,51700
2011-12-02,15.074517250061035,15.255881260052854,14.903822237910987,15.07985230856431,65780
2011-12-05,15.319889068603516,15.335892002836996,15.010503856469379,15.22387370153178,77990
2011-12-06,15.431907653808594,15.565263949321514,15.202537108622142,15.27721560447795,63580
2011-12-07,15.50125503540039,15.522590791564891,15.159865030132906,15.373233783425084,47740
2011-12-08,15.058517456054688,15.442582432723205,14.903825348795918,15.415910492133925,50820
2011-12-09,15.543931007385254,15.597272643748799,15.149198197802543,15.149198197802543,67210
2011-12-12,15.287883758544922,15.511921488503175,15.08518402112042,15.399903183106355,47740
2011-12-13,15.158461570739746,15.611436593187658,15.072181960990529,15.438875110884577,41030
2011-12-14,15.201605796813965,15.535943162987584,15.099145984083023,15.099145984083023,53240
2011-12-15,15.595255851745605,15.633003952025119,15.331021412593234,15.438872319533193,32780
2011-12-16,15.304060935974121,15.74625144106301,15.217780192952587,15.622222590118966,113850
2011-12-19,15.120715141296387,15.638399606907765,15.06139684676116,15.390343032836828,47300
2011-12-20,15.692322731018066,15.719286309103232,15.298667162679699,15.298667162679699,68200
2011-12-21,15.74625301361084,15.77321433424471,15.508979815203254,15.681541318479708,60170
2011-12-22,15.805570602416992,15.891851356351262,15.65997154730229,15.773214753990397,65560
2011-12-23,15.87027645111084,16.005089806215043,15.730070833338985,15.805565904892564,37840
2011-12-27,15.864887237548828,15.956560246126342,15.77860649267532,15.805568942597699,28600
2011-12-28,15.832536697387695,16.053632028758297,15.794789707409764,15.881069349789858,47300
2011-12-29,16.123729705810547,16.17226234265457,15.924205763249942,15.924205763249942,42460
2011-12-30,15.864887237548828,16.16686984460612,15.859494973844829,16.161477580902115,57200
2012-01-03,16.172260284423828,16.42031796366074,15.961951841064735,16.16686802132796,79640
2012-01-04,16.199230194091797,16.247762843727838,15.870283914240945,16.102163763417025,43120
2012-01-05,16.247764587402344,16.436504072400897,15.999706784592332,16.14530588052852,45870
2012-01-06,16.16148567199707,16.296299120504415,16.04285015410343,16.177662471207835,53570
2012-01-09,16.13990592956543,16.177652903469287,16.010484824003512,16.177652903469287,40370
2012-01-10,16.2908992767334,16.387965683864298,16.16687041872263,16.30707719982228,41690
2012-01-11,16.25315284729004,16.339434735551787,16.123731712001206,16.18844227964562,59510
2012-01-12,16.269330978393555,16.31247135737031,16.05902134803124,16.28550777195793,25300
2012-01-13,16.177654266357422,16.20461784750607,15.961953536984762,16.069803335969908,29040
2012-01-17,16.220796585083008,16.334039784830285,16.09676772605377,16.334039784830285,44110
2012-01-18,16.247764587402344,16.344829897091262,16.069809633967978,16.263942516151435,48840
2012-01-19,16.2908992767334,16.328647386806658,16.042842692114274,16.226188715780268,45210
2012-01-20,16.636028289794922,16.66298961719725,16.296296330678906,16.355614645172263,81180
2012-01-23,16.684558868408203,16.716913588672778,16.490426021210336,16.66298754636168,33000
2012-01-24,16.67377281188965,16.69534300202193,16.36100448927028,16.619847902260233,55440
2012-01-25,16.458070755004883,16.67916491892034,16.40953697911406,16.62524000980062,111100
2012-01-26,16.436494827270508,16.5767015785617,16.15069019334122,16.5767015785617,84150
2012-01-27,16.371793746948242,16.689954404150466,16.096773479488593,16.34483015480701,121550
2012-01-30,16.220796585083008,16.344824312709825,15.961954339144992,16.285506015165094,94820
2012-01-31,16.61444664001465,16.711513015354832,16.11833250185893,16.33403430105707,233970
2012-02-01,17.008106231689453,17.09438696638245,16.533561059475733,16.69533800272622,95370
2012-02-02,17.250782012939453,17.390988865965618,16.83016258526395,17.07822042853986,60280
2012-02-03,17.428733825683594,17.61747330714582,17.38559343742953,17.461088551172747,85250
2012-02-06,16.954185485839844,17.417945144916935,16.76544603708044,17.417945144916935,66990
2012-02-07,16.921825408935547,17.21302345271014,16.862507121292243,16.98653595961854,36960
2012-02-08,16.948795318603516,17.13214252530644,16.830158691077614,16.96497324624845,49170
2012-02-09,16.684558868408203,17.056644374165135,16.66838094257461,17.056644374165135,47630
2012-02-10,16.447284698486328,16.65220091807681,16.398750927102235,16.619846201889874,32670
2012-02-13,16.733091354370117,16.8732981579151,16.549744169950152,16.549744169950152,43120
2012-02-14,16.61444664001465,16.73847545740409,16.344818825315954,16.711513015354832,39710
2012-02-15,16.4418888092041,16.695338761737805,16.377178255242452,16.695338761737805,29590
2012-02-16,16.921825408935547,16.927217671975235,16.404139872069354,16.46345815971266,38390
2012-02-17,16.970355987548828,17.040459924198874,16.808580196099552,17.002710693277844,33110
2012-02-21,16.878684997558594,17.008107238662834,16.58209467164108,16.96496686876219,42240
2012-02-22,16.57131576538086,16.87329958851191,16.549745573114546,16.830158072576598,39270
2012-02-23,17.126745223999023,17.17527786446682,16.555135803950062,16.555135803950062,42350
2012-02-24,16.959575653076172,17.196848849418803,16.954183388996324,17.18606318985666,47740
2012-02-27,16.900259017944336,17.186063731414148,16.716911850829984,16.857118641141252,23430
2012-02-28,16.787010192871094,17.07281596134333,16.67915927969351,16.964965048165748,52690
2012-02-29,16.63062858581543,16.97575154812273,16.62523632237996,16.80319006696908,64350
2012-03-01,16.598276138305664,17.00271747535638,16.58749160922827,16.738482936129632,45540
2012-03-02,15.961956024169922,16.63063189676528,15.891852059942696,16.63063189676528,64900
2012-03-05,16.145299911499023,16.156085570478485,15.81096145417153,15.967346155258204,41580
2012-03-06,15.74625301361084,16.05902017259818,15.708503770516039,15.983525080615962,47410
2012-03-07,15.999704360961914,16.03206021355884,15.730077535866519,15.870283213379492,39710
2012-03-08,16.05362892150879,16.11833948932091,15.767823065120016,16.11833948932091,37400
2012-03-09,16.258541107177734,16.39335446433297,15.994305524214782,16.06980059691693,53020
2012-03-12,16.38796615600586,16.41492860766252,16.177655412596067,16.296292010129296,39600
2012-03-13,16.8782901763916,16.900083798143232,16.34982285393563,16.54050732823468,68200
2012-03-14,16.600444793701172,16.93822780185927,16.51872267413969,16.84561000932299,63140
2012-03-15,16.703954696655273,16.703954696655273,16.40975672926706,16.671266541639866,31130
2012-03-16,16.74209976196289,16.88919938687958,16.595000137046203,16.88919938687958,94050
2012-03-19,17.085329055786133,17.286910456118132,16.57865277950935,16.76388952572148,61930
2012-03-20,16.970909118652344,17.183386072273624,16.94366766291273,17.00904624223813,41250
2012-03-21,16.905542373657227,17.090779131746935,16.818372403512143,17.07443447657903,32450
2012-03-22,16.823820114135742,16.900094408969473,16.518725220926427,16.796579784436325,54670
2012-03-23,17.085329055786133,17.112569383944088,16.638582415907045,16.79657883396122,31790
2012-03-26,17.461244583129883,17.657376938208373,17.15614980856334,17.161597643772154,65010
2012-03-27,17.57020378112793,17.755440431825726,17.40676075339425,17.51027417563198,52030
2012-03-28,17.559316635131836,17.733656570312597,17.43400952095497,17.56476561540332,75680
2012-03-29,17.559316635131836,17.641038765513514,17.286911057943286,17.40677033491145,44660
2012-03-30,17.47214126586914,17.619240826466427,17.368626675592353,17.619240826466427,53020
2012-04-02,17.64647674560547,17.760886970982927,17.472135776039824,17.472135776039824,64790
2012-04-03,17.526622772216797,17.679170165918162,17.28145760381949,17.668273351979717,44550
2012-04-04,17.16704559326172,17.395867247241068,17.07987565709099,17.395867247241068,30470
2012-04-05,17.009050369262695,17.20518272564159,16.905535784297133,17.13980527351529,37730
2012-04-09,16.763893127441406,16.916441741251585,16.714860297609842,16.79113460451493,49170
2012-04-10,16.54595947265625,16.927328520607723,16.513270174574746,16.75843648099886,61600
2012-04-11,16.74753761291504,16.74753761291504,16.573196628202762,16.63312623453553,58740
2012-04-12,16.981815338134766,17.025400319791384,16.71485646819094,16.71485646819094,41250
2012-04-13,16.486024856567383,16.927323388498284,16.48057702289296,16.894634100327682,29260
2012-04-16,16.867399215698242,16.99815412432479,16.524167294787954,16.524167294787954,23540
2012-04-17,17.118017196655273,17.270564624224626,16.89464332041744,16.943676136370495,45650
2012-04-18,17.32504653930664,17.352285722732024,17.085328008411224,17.139809804450003,63580
2012-04-19,17.477590560913086,17.706413388797888,17.33049213109432,17.483039539955,53570
2012-04-20,17.635591506958008,17.77724213740878,17.488491896056964,17.771794300021323,50490
2012-04-23,17.40676498413086,17.608345186452848,17.357731035137057,17.461245625596295,47520
2012-04-24,17.624691009521484,17.67917165461409,17.42310965071633,17.42310965071633,50270
2012-04-25,17.39042091369629,17.815374960755477,17.32504345592276,17.662826416221435,72600
2012-04-26,17.434003829956055,17.526622747584234,17.28145757953149,17.379523189527625,32450
2012-04-27,17.744548797607422,17.78813377012799,17.29780225774037,17.43400501110152,37290
2012-04-30,17.40676498413086,17.777236089445633,17.374075684801657,17.777236089445633,47300
2012-05-01,17.624691009521484,17.91888900775907,17.395869328170026,17.412212835860306,63800
2012-05-02,17.973373413085938,18.207642964447043,17.597452106345095,17.624693575920638,68750
2012-05-03,18.076881408691406,18.13681102332292,17.869853389594798,18.006057267041392,53900
2012-05-04,17.864408493041992,17.978818763021444,17.76089389493558,17.782686381744167,62700
2012-05-07,17.875308990478516,17.929790793738977,17.788139019712034,17.858964335194095,51700
2012-05-08,17.97882080078125,18.03330145244642,17.777239417657256,17.82082553927709,43010
2012-05-09,17.858957290649414,17.96791971112681,17.7881320031047,17.90799123716102,36300
2012-05-10,18.049646377563477,18.169505641935906,17.995165725076124,18.033301724592206,33000
2012-05-11,17.97882080078125,18.136816062285412,17.87530619094226,18.000613290059846,35090
2012-05-14,17.624691009521484,17.831719061160896,17.49393494656172,17.760893765315505,45540
2012-05-15,17.73910140991211,17.84261486496643,17.55386470048923,17.592001838173722,27500
2012-05-16,17.84806251525879,17.940680291544,17.65192900550051,17.65192900550051,34760
2012-05-17,17.673728942871094,17.918894202993727,17.651935306840404,17.90254954750213,36740
2012-05-18,17.744548797607422,17.78813377012799,17.477589983622085,17.61924171584517,65780
2012-05-21,17.93523406982422,18.120470782124663,17.668275244948212,17.777237680694785,69850
2012-05-22,18.02240753173828,18.125922151642467,17.84806760055766,17.978822548943125,66000
2012-05-23,18.223983764648438,18.289361220294772,17.891647507816092,17.93523247824698,50600
2012-05-24,18.28391456604004,18.311154890256667,18.006061201517788,18.311154890256667,56650
2012-05-25,18.109575271606445,18.240330203921733,18.049645641862952,18.223986694679283,36190
2012-05-29,18.02240753173828,18.349294902701953,17.85896327472507,18.22943677154665,28050
2012-05-30,17.842613220214844,17.92433646705007,17.679170155731615,17.89709500375086,40590
2012-05-31,17.995161056518555,18.065986343602685,17.690066281165908,17.9025421424183,60940
2012-06-01,17.733654022216797,17.85896111838866,17.651931903577527,17.69551802417274,48070
2012-06-04,17.804479598999023,17.880753877489557,17.613795045835243,17.755446787433712,35970
2012-06-05,17.89710235595703,17.935239505792907,17.624696755558798,17.668280600004667,31680
2012-06-06,18.082334518432617,18.11502382226893,17.924339264723987,17.95157844614994,33550
2012-06-07,17.962472915649414,18.251223060863595,17.90799227378822,18.185846747855134,71610
2012-06-08,18.09868049621582,18.142264332752777,17.842617312239685,17.842617312239685,23210
2012-06-11,17.73910140991211,18.25122427843417,17.73365243091253,18.25122427843417,53350
2012-06-12,17.929784774780273,17.978817581110594,17.679170621425417,17.83716585463558,27280
2012-06-13,17.9517822265625,18.100280570429902,17.80878352218932,17.913282442239115,45540
2012-06-14,18.20477867126465,18.28177824132715,17.951782556627723,17.951782556627723,29040
2012-06-15,18.045286178588867,18.237784004570585,17.96828774055554,18.09478641082343,73590
2012-06-18,18.01778793334961,18.199285334306094,17.9407883366212,17.979288134985403,50160
2012-06-19,18.06178092956543,18.21577891415021,18.01778150539835,18.039781217481888,115610
2012-06-20,18.10028076171875,18.210279322425265,17.973782128423277,18.07278025609318,32890
2012-06-21,18.06178092956543,18.17177948998313,17.935282296602093,18.17177948998313,77110
2012-06-22,18.199281692504883,18.380780211074605,18.03978404339704,18.149782621045915,120340
2012-06-25,18.08379364013672,18.166292908232794,17.90779581696255,18.028793743428416,31570
2012-06-26,18.01778793334961,18.16628633137416,17.86928953532506,18.039787653281678,24860
2012-06-27,18.078283309936523,18.21578123952829,17.924285305692766,18.034283880152593,39930
2012-06-28,18.116783142089844,18.13878170310148,17.731787553608935,17.90228447897361,34210
2012-06-29,18.41927719116211,18.45227618245545,18.298278197245367,18.353278054643503,34540
2012-07-02,18.474281311035156,18.479782106140075,18.281783484601842,18.479782106140075,56210
2012-07-03,18.50177764892578,18.51277808340665,18.402779508258348,18.4797790878282,35860
2012-07-05,18.424776077270508,18.496276008835395,18.33127758698652,18.386277445580127,35530
2012-07-06,18.380783081054688,18.430282160242452,18.232284689559105,18.25428440852392,19250
2012-07-09,18.55678367614746,18.573283756382377,18.23228748321222,18.39728597769648,42460
2012-07-10,18.628278732299805,18.6832786040248,18.419281989182164,18.589780091417754,31020
2012-07-11,18.67228126525879,18.705281424553934,18.584282379048293,18.584282379048293,32450
2012-07-12,18.639280319213867,18.80977727804561,18.485281130447152,18.589781239357308,137060
2012-07-13,18.85377311706543,18.930772696748267,18.650276041225485,18.650276041225485,37730
2012-07-16,18.66677474975586,18.91427123760505,18.633774602612238,18.77677331701461,46860
2012-07-17,18.897781372070312,18.936280023606948,18.639284326680883,18.820781761131954,33990
2012-07-18,19.211273193359375,19.227773271437865,18.809777447755103,18.809777447755103,73810
2012-07-19,19.018774032592773,19.392770391259454,18.716277622633317,18.716277622633317,75680
2012-07-20,18.919771194458008,19.123269412745007,18.771273991619836,18.903272274541774,61160
2012-07-23,18.67777442932129,18.776773718939282,18.567775859707975,18.644775435403304,44220
2012-07-24,18.622777938842773,18.815275747069254,18.468779923048018,18.732776521553312,56540
2012-07-25,18.683277130126953,18.76577635424008,18.6392776977909,18.76577635424008,25300
2012-07-26,18.80427360534668,18.908772537921465,18.6887753924651,18.853772674591347,30250
2012-07-27,19.068273544311523,19.24427128107911,18.68877755895727,18.930774447012706,34540
2012-07-30,18.925273895263672,19.233269919781726,18.864774387678878,19.233269919781726,40370
2012-07-31,18.66677474975586,19.01877016498386,18.650274676184047,18.875772604513482,71500
2012-08-01,18.633777618408203,18.919773939568216,18.633777618408203,18.7767763559543,52580
2012-08-02,18.578781127929688,18.710779445812307,18.47428217112287,18.600780847576793,23430
2012-08-03,19.189273834228516,19.249773352364144,18.633780041969516,18.67227984023149,51260
2012-08-06,19.117769241333008,19.244267880766433,19.057269741525896,19.222267013625682,35310
2012-08-07,19.18376922607422,19.304768231018894,19.150769077841296,19.194769660129204,38610
2012-08-08,19.068273544311523,19.282769920547885,18.947274523317713,19.079272825893405,17380
2012-08-09,19.08477783203125,19.14527620194607,19.002278586233388,19.002278586233388,16390
2012-08-10,19.00227165222168,19.10126978790831,18.738273931215954,19.057270360062695,34760
2012-08-13,19.090269088745117,19.21676773052673,18.83727295911389,18.980270520659367,26510
2012-08-14,19.007774353027344,19.227771527681416,18.881275689118198,19.227771527681416,18480
2012-08-15,19.05177116394043,19.09026979875329,18.92527251745406,18.92527251745406,17270
2012-08-16,18.95277976989746,19.084779265447697,18.826281070697352,19.084779265447697,23650
2012-08-17,19.178268432617188,19.22776749805763,18.88127173211062,18.88127173211062,47850
2012-08-20,19.277271270751953,19.277271270751953,19.084774601715782,19.1122728070841,16060
2012-08-21,19.238767623901367,19.45326512215574,19.139769488665202,19.277267411574105,33660
2012-08-22,19.07927131652832,19.200270327949873,18.98577281475027,19.194770687594012,32780
2012-08-23,18.88677215576172,19.161769154827542,18.710774445617833,19.13426980110056,21560
2012-08-24,19.068273544311523,19.11777261929436,18.914274370707698,18.99677359830055,17160
2012-08-27,19.013275146484375,19.10677366289713,18.80427724092757,19.073774661664743,22110
2012-08-28,19.029769897460938,19.145269261279346,18.925272121528124,18.958272269456817,21450
2012-08-29,19.24977684020996,19.24977684020996,18.9747797149967,19.013279520234413,23870
2012-08-30,19.040769577026367,19.233267355165,18.985770871233598,19.233267355165,13090
2012-08-31,18.914274215698242,19.16727153719434,18.892275652714765,19.16727153719434,33440
2012-09-04,19.073766708374023,19.106765695846647,18.71077092258439,18.881268960666365,54010
2012-09-05,19.035268783569336,19.156266621339334,18.936269503637607,19.156266621339334,31130
2012-09-06,19.39826774597168,19.442267176637007,19.106770652364833,19.106770652364833,30910
2012-09-07,19.238767623901367,19.50826613761052,19.205768630133317,19.50826613761052,32450
2012-09-10,19.035268783569336,19.277265613041237,19.035268783569336,19.277265613041237,13640
2012-09-11,19.112272262573242,19.227771645423047,19.007774469421815,19.007774469421815,16280
2012-09-12,19.126142501831055,19.20384526907412,19.00403782059548,19.17609552843836,21670
2012-09-13,19.614564895629883,19.636764688337003,18.976285920670538,19.065090913937293,37620
2012-09-14,19.6201114654541,19.864323117033905,19.392550820025185,19.586809453152327,53680
2012-09-17,19.575716018676758,19.597915814887244,19.159447714461177,19.52021303468702,13310
2012-09-18,19.80327606201172,19.819925909579286,19.486912655397777,19.520213515020778,18150
2012-09-19,19.664522171020508,19.81437779996851,19.575718317797406,19.781078101741812,26070
2012-09-20,19.764427185058594,19.80882911450397,19.486915708269038,19.636771346781135,87340
2012-09-21,19.964235305786133,19.986435104101197,19.753325576913497,19.98088515452243,69300
2012-09-24,20.23619270324707,20.491504305925154,19.88097737046902,19.94202913242446,38830
2012-09-25,19.869884490966797,20.491511542867045,19.847682360339377,20.27505183188689,50930
2012-09-26,20.06413459777832,20.175140551615133,19.825475174043483,19.975330766299024,33330
2012-09-27,19.986434936523438,20.141842839329477,19.736675562693563,20.03083686175718,24310
2012-09-28,19.725566864013672,19.958678641754346,19.71446696859034,19.875424768129122,15620
2012-10-01,19.80327606201172,20.09743967186891,19.71447221703322,19.880980008611843,24310
2012-10-02,19.708925247192383,19.96423692234433,19.592369309672733,19.892082914026055,26950
2012-10-03,19.58126449584961,19.79772413750947,19.492460659731492,19.70892030139135,27610
2012-10-04,19.769969940185547,19.78107216523851,19.53131052963859,19.6256643042496,34320
2012-10-05,19.94203758239746,19.98088956700461,19.731130135924957,19.769979791555688,17710
2012-10-08,20.030839920043945,20.202897697716274,19.553518568660337,19.85323219199202,17270
2012-10-09,19.697824478149414,20.014187918630572,19.692272199390107,19.986435840737986,31790
2012-10-10,19.897628784179688,19.94203070427675,19.658969337023823,19.658969337023823,17600
2012-10-11,19.89208221435547,19.953133991493935,19.775526280935477,19.953133991493935,12320
2012-10-12,19.681169509887695,19.85322724468425,19.43140899567556,19.842127346691093,24750
2012-10-15,19.592363357543945,19.825475161764256,19.431406704209337,19.78107324605211,19690
2012-10-16,19.642324447631836,19.792182439158506,19.436966946616,19.664526580403983,29920
2012-10-17,19.148347854614258,19.59236709647053,19.009592132656152,19.59236709647053,35090
2012-10-18,18.937440872192383,19.387010100845036,18.859736916160166,19.070646655829318,55990
2012-10-19,18.59886932373047,18.870831917985306,18.565568470763377,18.793127986916026,49500
2012-10-22,18.609975814819336,18.66547880875027,18.565575049957857,18.565575049957857,27720
2012-10-23,18.793134689331055,18.91523941307488,18.560023977473865,18.709880780490053,51040
2012-10-24,18.737628936767578,18.90413672993672,18.68767706461199,18.826433947082233,18480
2012-10-25,18.898584365844727,18.909685428082547,18.693225777079146,18.876384570344687,16830
2012-10-26,18.86528778076172,18.976292605841557,18.709881025649945,18.84308681574575,35200
2012-10-31,18.82643699645996,18.87083892656527,18.64882927603873,18.865287811936057,33770
2012-11-01,18.78203582763672,18.837538828203254,18.465672334320857,18.787585778346916,43010
2012-11-02,18.715423583984375,18.815328469342077,18.432361100706427,18.815328469342077,56100
2012-11-05,18.58222198486328,18.743179826869806,18.487868190920054,18.65992593127855,42240
2012-11-06,18.55447006225586,18.67657475990546,18.47676612007973,18.59332086885612,42020
2012-11-07,17.76633071899414,18.47121130375427,17.760779607095934,18.47121130375427,68750
2012-11-08,17.200218200683594,17.766343521193633,17.133615290299375,17.705290562219346,80300
2012-11-09,17.3167667388916,17.333417751586715,16.928250484429068,17.028154231623922,51810
2012-11-12,17.41666603088379,17.610924677679193,17.305661256213206,17.305661256213206,19910
2012-11-13,17.25016212463379,17.52767470529797,17.205760204886545,17.294564044381033,18590
2012-11-14,16.889392852783203,17.338963089043787,16.844990940398525,17.25570921220061,40480
2012-11-15,16.489782333374023,16.883849756834447,16.439830452791174,16.77284493082363,68090
2012-11-16,17.150257110595703,17.20576009216002,16.428726501674106,16.428726501674106,63360
2012-11-19,17.394466400146484,17.599824957798607,17.211307634630955,17.23905970377695,37290
2012-11-20,17.52767562866211,17.760785137371535,17.116957267119407,17.30566601823034,66110
2012-11-21,17.544328689575195,17.549878639362205,17.300118089578802,17.527677675726167,9130
2012-11-23,17.610933303833008,17.744139098684318,17.522129440598803,17.62758315482334,22880
2012-11-26,17.838497161865234,17.921751094602687,17.560984440903187,17.633138470336117,33330
2012-11-27,18.010547637939453,18.116002498791204,17.86624080238107,17.877341865649214,32010
2012-11-28,17.782983779907227,18.177049887875487,17.733031918465674,17.8995385114334,31020
2012-11-29,18.18260955810547,18.21036047591319,17.89954693589981,17.921747903043624,19470
2012-11-30,18.1715087890625,18.310265709343614,17.86069524397298,18.28806357734902,53790
2012-12-03,18.06049346923828,18.132647445122117,17.616474376818633,18.132647445122117,48180
2012-12-04,17.94394874572754,18.099355514656324,17.6442351091208,18.099355514656324,89980
2012-12-05,18.049402236938477,18.260311989307198,17.810741569096425,18.016100206780013,29480
2012-12-06,17.960596084594727,18.132653834658473,17.79408828402002,18.016097908461006,16500
2012-12-07,17.99944305419922,18.171500767543694,17.766333580528634,18.071597040109925,42790
2012-12-10,17.932844161987305,17.98279603679299,17.78853848710689,17.98279603679299,10340
2012-12-11,18.004995346069336,18.004995346069336,17.76078363082167,17.99389428424546,34430
2012-12-12,17.80042266845703,18.153517838265117,17.72195798975989,18.041423424287512,29480
2012-12-13,17.693939208984375,17.867682887648712,17.408101089514393,17.867682887648712,24750
2012-12-14,17.705150604248047,17.74998791693581,17.537011269622152,17.609871608763157,20020
2012-12-17,17.974170684814453,18.04703100856973,17.738774254958532,17.817240123545904,27500
2012-12-18,18.40573501586914,18.439363589286337,17.83966304529602,17.934942043467277,44330
2012-12-19,18.06945037841797,18.467380552483263,17.834053954524233,18.467380552483263,47630
2012-12-20,18.15351676940918,18.198354061997865,17.873283102776938,18.02460925924023,35750
2012-12-21,18.041425704956055,18.248799103532708,17.80042491865997,18.248799103532708,125730
2012-12-24,17.912521362304688,18.36649999669655,17.862079683785485,17.996591610440923,28160
2012-12-26,18.007801055908203,18.114289955709403,17.76680023296011,17.89010341713125,12650
2012-12-27,17.99658966064453,18.08065989967238,17.637891228425662,17.957357901550253,22330
2012-12-28,17.794824600219727,18.075058382559597,17.76119720484653,17.91252224788553,17710
2012-12-31,18.372100830078125,18.450566693477235,17.727564344937612,17.79482029531994,56760
2013-01-02,18.96619987487793,19.055875671286824,18.512222402560536,18.859710969054596,66000
2013-01-03,18.68035888671875,19.03905849007606,18.579475541951226,19.03905849007606,27170
2013-01-04,18.72519874572754,18.926967814612023,18.35529035398113,18.736408661068392,33440
2013-01-07,18.243192672729492,18.65793827382816,18.131100601839453,18.65793827382816,32780
2013-01-08,18.3945255279541,18.472990236228693,18.131106025212713,18.18715207742222,32230
2013-01-09,18.573875427246094,18.62992148141928,18.489805170079848,18.50661945669439,24970
2013-01-10,18.506608963012695,18.635516460786505,18.40012010937756,18.635516460786505,13310
2013-01-11,18.3945255279541,18.55706049044938,18.243198129631725,18.55706049044938,26730
2013-01-14,18.36649513244629,18.495402655327325,18.22077332920989,18.29923918693088,23100
2013-01-15,18.61310577392578,18.76443199009186,18.164732671142122,18.243197376176074,31350
2013-01-16,18.13671112060547,18.646735860460566,18.08626943641828,18.646735860460566,25960
2013-01-17,18.243192672729492,18.635520800375016,18.103076408210867,18.27121686635808,20790
2013-01-18,18.30484390258789,18.366495481123945,18.181541921421843,18.26000660472641,27390
2013-01-22,18.372100830078125,18.416938130333012,18.293636142585132,18.35528654850601,56430
2013-01-23,18.489803314208984,18.624315241811075,18.41133743515459,18.41133743515459,27610
2013-01-24,18.489803314208984,18.517826338482834,18.203965174077958,18.43936163533479,130790
2013-01-25,18.489803314208984,18.601896587210724,18.15912668897091,18.601896587210724,48400
2013-01-28,18.75882911682129,18.786852144004285,18.327270264939806,18.4673854008548,74800
2013-01-29,18.88772964477539,19.027845904346595,18.62991459829458,18.697170543997483,26950
2013-01-30,18.54584312438965,19.005425977057556,18.472982815423528,18.81486806500678,40590
2013-01-31,18.893339157104492,19.229618977179236,18.545849421740748,18.545849421740748,90530
2013-02-01,19.128734588623047,19.173571895550907,18.904546878077447,19.039059974767323,34430
2013-02-04,18.68596839904785,19.162364555179913,18.613106883571984,19.016643876041073,30360
2013-02-05,18.88772964477539,19.033450272511995,18.646728878696813,18.775635226031184,16060
2013-02-06,18.921358108520508,18.960591039727337,18.66354304733975,18.826079140652013,11000
2013-02-07,18.915754318237305,18.966195987955885,18.809265434237744,18.89333566770614,17600
2013-02-08,18.898941040039062,19.072685884859276,18.859708105549426,18.977406909018335,47520
2013-02-11,19.06708335876465,19.06708335876465,18.753222204324867,18.932571435433314,29040
2013-02-12,19.280059814453125,19.336107036638424,19.03906016918462,19.106316130263195,26070
2013-02-13,19.24643898010254,19.31930051136167,19.06148531808996,19.31930051136167,33110
2013-02-14,19.190385818481445,19.33610647530153,19.151152881681316,19.1623616202492,21230
2013-02-15,19.32490348815918,19.347322147873395,19.162367323301158,19.347322147873395,52140
2013-02-19,19.336105346679688,19.448199781253333,19.18477915350209,19.3641295432762,63140
2013-02-20,19.212797164916992,19.364124494545823,19.18477415153301,19.364124494545823,30250
2013-02-21,18.994220733642578,19.2352215278151,18.93817351773694,19.2352215278151,67100
2013-02-22,19.1623592376709,19.201592169592946,18.960591385379676,19.095103286907158,50710
2013-02-25,18.66915512084961,19.319297369659132,18.495410229804072,19.195994164431166,39380
2013-02-26,18.876523971557617,19.06147874570462,18.73080331109716,18.73080331109716,32560
2013-02-27,19.016639709472656,19.167964725598317,18.831686128048275,18.89894090683333,27940
2013-02-28,19.128734588623047,19.22401357186818,18.775639326683272,19.03345442947162,45760
2013-03-01,19.212797164916992,19.23521698671125,18.77563298214093,18.92135476836825,30800
2013-03-04,19.257638931274414,19.268847668185614,18.882126254345607,19.123127032903447,41800
2013-03-05,19.39215087890625,19.532268330491323,19.04466237411383,19.313686187852287,40150
2013-03-06,19.347314834594727,19.476221197294933,19.123128322195004,19.442593808388065,53790
2013-03-07,19.431385040283203,19.431385040283203,19.117522747509064,19.291267588323233,50160
2013-03-08,19.431385040283203,19.610734249922043,19.347314804288455,19.610734249922043,30250
2013-03-11,19.431385040283203,19.47622116678674,19.212801721153152,19.31929178425893,27940
2013-03-12,19.190385818481445,19.369735042817716,19.089501291839156,19.352920759059625,25740
2013-03-13,19.317663192749023,19.374229638595295,19.119678258637368,19.24412515159408,20020
2013-03-14,19.459077835083008,19.498676243099123,19.272406916359117,19.317661731166922,26950
2013-03-15,19.60615348815918,19.79848200804035,19.385541746385865,19.509989821631,147400
2013-03-18,19.215843200683594,19.70231917709875,19.181902381469204,19.44211137269644,54230
2013-03-19,19.15927505493164,19.312006363686283,19.09139460513234,19.2158426898435,49610
2013-03-20,19.317663192749023,19.436453678486075,19.187558705747804,19.24412515159408,19030
2013-03-21,19.26675033569336,19.33463077705534,19.153616266756718,19.238467115165385,26290
2013-03-22,19.385543823242188,19.509991911819977,19.198872877200436,19.31766455815876,13310
2013-03-25,19.436450958251953,19.57786823990039,19.17624202066714,19.464734177216705,23210
2013-03-26,19.385543823242188,19.48736509451719,19.266753329108795,19.48736509451719,13200
2013-03-27,19.345947265625,19.425141722337344,19.153619905309267,19.204529949295786,20680
2013-03-28,19.24978256225586,19.334633422273175,19.215842930343875,19.334633422273175,38720
2013-04-01,18.91603660583496,19.28937967563152,18.638857210522023,19.28937967563152,47190
2013-04-02,19.102703094482422,19.312000790928145,18.876434993777703,19.09138909603491,26290
2013-04-03,18.83118438720703,19.391198358071406,18.83118438720703,19.10270735544187,34870
2013-04-04,19.06876564025879,19.074422047065262,18.723705835867882,18.80290027845752,21120
2013-04-05,18.944320678710938,19.04048435147791,18.701080919453524,18.746335738971673,27610
2013-04-08,19.046138763427734,19.046138763427734,18.7463337749511,18.949973913910902,29260
2013-04-09,18.836837768554688,19.023509853407905,18.71804730497509,19.023509853407905,28710
2013-04-10,19.0291690826416,19.119677528825594,18.89340819360282,18.927349009274916,27280
2013-04-11,18.92169761657715,19.046144537762437,18.8481595587414,18.995234487587776,15180
2013-04-12,18.887746810913086,19.046134473066875,18.66713512763561,18.89340321642674,33990
2013-04-15,18.2485408782959,18.83683798356906,18.18631803612587,18.8311815773399,42350
2013-04-16,18.463502883911133,18.53138334376972,18.2315770892755,18.44087606395827,29590
2013-04-17,18.723709106445312,18.763306334656807,18.361680018397298,18.361680018397298,41140
2013-04-18,19.176246643066406,19.266753915029966,18.836843186378086,18.842500780994534,80850
2013-04-19,19.47039222717285,19.515645856066257,19.046139159590957,19.142302824283252,38170
2013-04-22,19.28937530517578,19.49867420281554,19.0913904067603,19.419479768719494,22770
2013-04-23,19.549585342407227,19.640092594042468,19.402510465087612,19.47604731033507,33110
2013-04-24,19.515644073486328,19.543928479079767,19.38553960559547,19.476046855115253,17380
2013-04-25,19.459077835083008,19.6966599754064,19.357257765533525,19.594839905856915,35530
2013-04-26,19.261096954345703,19.48170992054903,19.215844503699515,19.442112691055485,31790
2013-04-29,19.3289737701416,19.52695868133939,19.31766095701158,19.391196616006148,15070
2013-04-30,19.583520889282227,19.623118100331066,19.368566804833932,19.368566804833932,51150
2013-05-01,18.961284637451172,19.50998567166357,18.72936013098356,19.50998567166357,76560
2013-05-02,19.261096954345703,19.3289785973775,18.99523272432119,19.00088913229884,35750
2013-05-03,19.634435653686523,19.77585412918832,19.436451924268543,19.436451924268543,26070
2013-05-06,19.900304794311523,19.900304794311523,19.3459471608037,19.628784165579585,27830
2013-05-07,20.109607696533203,20.126576922215033,19.798487423322754,20.002128812930852,31900
2013-05-08,20.12091636657715,20.12091636657715,19.855050977123884,20.019093912521807,41250
2013-05-09,19.973838806152344,20.160512104657176,19.96818239917486,20.154853324030103,17160
2013-05-10,19.900304794311523,20.053036112268522,19.685350617074793,20.024751699695955,20790
2013-05-13,19.741912841796875,19.855046900588796,19.707972030746976,19.83807649506385,8030
2013-05-14,20.041717529296875,20.154850399731053,19.7362549812858,19.7362549812858,34320
2013-05-15,20.154850006103516,20.245359623792137,19.939897081746793,19.951209893839422,17710
2013-05-16,20.194454193115234,20.245366612405206,20.019096050549837,20.200110601114115,20790
2013-05-17,20.31890106201172,20.364154696917762,20.194452972607635,20.27364742710568,28270
2013-05-20,20.415061950683594,20.415061950683594,20.137883771454216,20.200106620831374,17270
2013-05-21,20.545167922973633,20.556483111214106,20.398094212344716,20.45466065894819,14300
2013-05-22,19.945560455322266,20.70355948235448,19.80979954183814,20.499916925303275,20900
2013-05-23,19.798486709594727,20.019097316931724,19.662725788083456,19.826769938203302,32890
2013-05-24,19.996463775634766,20.002120181754563,19.640091200893735,19.724942039989145,14630
2013-05-28,20.075658798217773,20.590417880378897,20.047374393138867,20.234045295171466,25300
2013-05-29,20.002124786376953,20.205767321815653,19.724946580803266,19.9003035186576,20350
2013-05-30,20.126571655273438,20.28495817447296,20.01909279979733,20.01909279979733,13530
2013-05-31,19.900304794311523,20.211425024835012,19.86636516077939,20.036066888914938,23540
2013-06-03,20.262332916259766,20.364152992865687,19.922929496040457,20.019093165462678,64130
2013-06-04,20.20010757446289,20.562138994997067,19.973839420160072,20.296273616985047,44880
2013-06-05,19.951210021972656,20.22273175583472,19.724941910420938,20.21141894366944,68310
2013-06-06,20.002124786376953,20.00778119379889,19.80413984518508,19.939901931085846,21340
2013-06-07,19.985149383544922,20.183133076683873,19.860701337799473,20.183133076683873,23760
2013-06-10,20.21142578125,20.245366602877336,19.922932357892687,20.013439633132233,16280
2013-06-11,20.081321716308594,20.42638160083735,19.92293279434455,20.019096479686976,44440
2013-06-12,19.981435775756836,20.34100004483514,19.878702956384476,20.261096607828872,12100
2013-06-13,20.43231773376465,20.50080468394753,19.833044346440378,20.03850998678866,54890
2013-06-14,19.99856185913086,20.460856639304353,19.987147764534043,20.3410038562373,25410
2013-06-17,19.97002410888672,20.352416609327157,19.872998323958512,20.18690266898201,13640
2013-06-18,20.2611026763916,20.295347358922584,19.975734712617708,20.061344024044644,20900
2013-06-19,20.10129737854004,20.30105604702592,20.055639793893725,20.198321991132875,15840
2013-06-20,19.821632385253906,20.095585005242377,19.79309595336762,19.838754723365696,19910
2013-06-21,19.89012336730957,20.032807941921394,19.79309876663569,19.861586931367288,97460
2013-06-24,19.83875274658203,20.13553472199743,19.60475187302083,19.787386934814922,27060
2013-06-25,20.07846450805664,20.135538574512182,19.764560136176517,19.975732864866867,34320
2013-06-26,20.124126434326172,20.346713279457163,19.981441853053582,20.29534745287317,36410
2013-06-27,20.272512435913086,20.831831753043343,20.19831603878356,20.283926529348395,43670
2013-06-28,20.32958221435547,20.47797498610599,19.941482739772635,20.158363654096597,111870
2013-07-01,20.81471061706543,21.088663228967853,20.432319327705798,20.432319327705798,26180
2013-07-02,21.08295249938965,21.174270020738724,20.84895165029509,20.866072787460695,35970
2013-07-03,21.122901916503906,21.265585228727694,21.037291450189766,21.037291450189766,10230
2013-07-05,21.659408569335938,21.659408569335938,20.951696146259327,21.299845308566503,21450
2013-07-08,21.75070571899414,22.14451330019493,21.19709372470385,21.68221879764116,32780
2013-07-09,21.84773826599121,21.910520561393586,21.294126068695796,21.802079503380252,46090
2013-07-10,21.78495979309082,21.973301901840916,21.562373011413477,21.767836259177272,22440
2013-07-11,21.733592987060547,21.97330089678741,21.659396598261875,21.97330089678741,67540
2013-07-12,21.9105224609375,22.00754704053492,21.62515337370402,21.687935674549337,48180
2013-07-15,22.17306900024414,22.230141880407107,21.727895266191315,21.887699809627772,15840
2013-07-16,22.38422966003418,22.521205949914822,21.847738592610067,22.190180514761536,48400
2013-07-17,22.127403259277344,22.578281505179113,22.036083326870642,22.578281505179113,57750
2013-07-18,22.93785285949707,23.120487981137902,22.173067688900918,22.270092297910033,67980
2013-07-19,23.07482147216797,23.114775590054858,22.5440397694004,22.806578294799454,55110
2013-07-22,22.89218521118164,23.383019955428512,22.8122841642321,22.926429885531412,50380
2013-07-23,23.405851364135742,23.519997101150103,22.681018030923635,22.681018030923635,51480
2013-07-24,23.20038414001465,23.54282611805919,23.063407827776857,23.54282611805919,49720
2013-07-25,23.54852867126465,23.708335535829455,23.23462438292634,23.23462438292634,38280
2013-07-26,23.23462677001953,23.508579370362142,23.171846863861813,23.371603070190837,34760
2013-07-29,22.96637725830078,23.263160388309842,22.926425544939978,23.263160388309842,25630
2013-07-30,22.960668563842773,23.32593860845245,22.85222991743652,23.114768360724558,24640
2013-07-31,22.743789672851562,23.06340097308109,22.681009779822322,23.06340097308109,53020
2013-08-01,22.96637725830078,23.000621926167117,22.5497413831088,22.85223155861233,42130
2013-08-02,23.103361129760742,23.23463040398497,22.76091912832357,22.823701439200537,29700
2013-08-05,22.972091674804688,23.228923173861954,22.812287164984802,23.034873985187712,40260
2013-08-06,22.897891998291016,23.086234093031887,22.78374389532401,22.949257806411286,24750
2013-08-07,22.58399200439453,22.932138635629602,22.566868468497642,22.897896353636078,52030
2013-08-08,22.663894653320312,22.91501910835833,22.578284152507365,22.738091059331612,51590
2013-08-09,22.532621383666992,22.675307122992486,22.361402807296166,22.663890635314537,39600
2013-08-12,22.738088607788086,22.87506491534042,22.412770176713792,22.412770176713792,59510
2013-08-13,22.795156478881836,22.84652228360342,22.544034500809683,22.823694101460276,42460
2013-08-14,22.77233123779297,22.983503924387637,22.641061988817885,22.82940409542132,38170
2013-08-15,22.424184799194336,22.835113731543746,22.338574305592363,22.623943415898967,40700
2013-08-16,22.509790420532227,22.601107941288557,22.321448333334736,22.321448333334736,81510
2013-08-19,22.058910369873047,22.429887507117066,22.00754456262845,22.429887507117066,46640
2013-08-20,22.464134216308594,22.48125535531125,22.076033511483093,22.10457113805403,22770
2013-08-21,22.281503677368164,22.5497492789319,22.0874520881112,22.35570008457527,29480
2013-08-22,22.663894653320312,22.6867252378239,21.973305994316206,22.389942008679,18260
2013-08-23,22.5611629486084,22.61823581736086,22.372820805295078,22.57828409076405,27500
2013-08-26,22.304330825805664,22.74379741123328,22.27008854244784,22.60682109310132,18590
2013-08-27,21.619447708129883,22.17306238368155,21.49388549331919,22.076035402986893,45210
2013-08-28,21.824907302856445,22.04749404160216,21.585197033499895,21.63085579029647,21560
2013-08-29,22.007543563842773,22.26437258840988,21.813494435303284,21.830615571974583,18260
2013-08-30,21.52812957763672,21.93335144505067,21.436812041174424,21.921937351717876,32230
2013-09-03,21.625154495239258,22.030376368920724,21.288421972413822,21.81920366449798,23430
2013-09-04,21.630863189697266,21.836328863016426,21.556669181334954,21.699352545770388,9900
2013-09-05,21.647985458374023,22.115987249498243,21.630861922908462,21.705058321825742,13970
2013-09-06,21.573793411254883,21.91623545084167,21.265596054606885,21.79067320999981,19580
2013-09-09,21.699352264404297,21.699352264404297,21.385447908756525,21.647986445465598,33990
2013-09-10,21.97330093383789,22.201594751795973,21.61373787119145,21.859155222308722,30580
2013-09-11,21.875463485717773,22.042364633250898,21.639498961628785,21.996323187204407,27720
2013-09-12,21.760364532470703,22.030858402824837,21.72583524985155,21.938775485894617,15840
2013-09-13,21.823673248291016,21.973307385938053,21.70281351309172,21.86971470718033,17490
2013-09-16,21.990570068359375,22.111429792791785,21.823671304112,22.111429792791785,33110
2013-09-17,22.226524353027344,22.226524353027347,21.846680715553273,21.9157440732655,32780
2013-09-18,22.479759216308594,22.7214762263859,22.134447131936035,22.220775153029177,85360
2013-09-19,22.330121994018555,22.934415642462312,21.961790443350193,22.548819455970925,90090
2013-09-20,22.830821990966797,23.09556088508035,22.358897816223177,22.358897816223177,60280
2013-09-23,23.176137924194336,23.31426227292094,22.80204903329223,22.80204903329223,28600
2013-09-24,23.400590896606445,23.590514013707757,22.974708036834134,23.26822141012868,75460
2013-09-25,23.429363250732422,23.642305847558546,23.20491089596226,23.481159576452878,108130
2013-09-26,23.509939193725586,23.58475504426825,23.36030507766768,23.550225766312828,31350
2013-09-27,23.48116111755371,23.579001311416278,23.325772130193958,23.325772130193958,12760
2013-09-30,23.360305786132812,23.584755759540442,23.222179010231727,23.262467999013424,73480
2013-10-01,23.509939193725586,23.550225766312828,23.337283144058148,23.49842943440711,24860
2013-10-02,22.790536880493164,23.383320783377712,22.75600519319596,23.383320783377712,47190
2013-10-03,22.422210693359375,23.066791074099545,22.37616923759222,22.80205209969521,47300
2013-10-04,22.48551368713379,22.594863638851923,22.099917453898755,22.376166150388087,41250
2013-10-07,22.174728393554688,22.445222150890427,22.163218637490672,22.312855126210458,17270
2013-10-08,22.128690719604492,22.2840821127967,21.921505415311294,22.238040665734623,37730
2013-10-09,22.186250686645508,22.531560430910247,22.053881186602577,22.16322874904226,34760
2013-10-10,22.940174102783203,23.003482607296444,22.410698623515025,22.416453503021224,14960
2013-10-11,23.590517044067383,23.61929144810267,22.807809784792436,22.899892707651478,25300
2013-10-14,23.584753036499023,23.625042020629046,23.377567726513842,23.481160381506434,26070
2013-10-15,23.268218994140625,23.59626644372565,23.222177543406016,23.452387212051562,22220
2013-10-16,23.82646942138672,24.171779032439122,22.57183830280135,23.53870859470897,55440
2013-10-17,24.597667694091797,24.954489527873008,23.81496306045982,23.81496306045982,71610
2013-10-18,24.660974502563477,25.05808291774445,24.332929470445492,24.87391711620646,54780
2013-10-21,24.26962661743164,24.73579606285328,24.148766888444516,24.597671693284912,92070
2013-10-22,24.620691299438477,24.89118757429228,24.10272551550412,24.327177918702663,38940
2013-10-23,24.603424072265625,24.747303307400806,24.240847337137037,24.43652290372308,76670
2013-10-24,24.77607536315918,25.02354721367898,24.666725426672496,24.74729855566856,90860
2013-10-25,25.040821075439453,25.248006417817074,24.747305287107487,24.868165013476265,54780
2013-10-28,25.167434692382812,25.236498087068924,24.9487395774802,25.040822493746422,20460
2013-10-29,25.006282806396484,25.253754659174923,24.83362678982114,25.253754659174923,46640
2013-10-30,25.01204490661621,25.299803407344143,24.730041286106097,25.07535341895787,32450
2013-10-31,24.51134490966797,24.95449485690001,24.494080268206822,24.95449485690001,56760
2013-11-01,24.53436279296875,24.73579567142642,24.189053081998523,24.43652500127764,61930
2013-11-04,24.568891525268555,24.810610950263634,24.269623306187707,24.68399635835752,43340
2013-11-05,24.568891525268555,25.196207190418082,24.45378910715207,24.51709519561889,21450
2013-11-06,24.603424072265625,24.741548427792107,24.55738262042346,24.741548427792107,15070
2013-11-07,24.304153442382812,25.121389816814485,24.22933759245228,24.776080135277443,15620
2013-11-08,25.11562728881836,25.31130521090514,24.281126529678154,24.281126529678154,32340
2013-11-11,24.83938980102539,25.09261903024179,24.672491023334178,25.09261903024179,96250
2013-11-12,24.822118759155273,25.046571113320073,24.367459171869175,24.712771229037262,27390
2013-11-13,25.06383514404297,25.109876589553757,24.407745149257295,24.707013337591302,13530
2013-11-14,25.109872817993164,25.299793450327122,24.89693267384751,25.127139866823804,28930
2013-11-15,24.98902702331543,25.150170924892876,24.672491685782518,25.06384288602272,35420
2013-11-18,24.931472778320312,25.305561742609296,24.597672807157608,25.12139349320552,32890
2013-11-19,24.908451080322266,25.063840083932565,24.361708505251382,24.891186440467578,31240
2013-11-20,24.91996192932129,25.144414332105157,24.54012051613604,24.937226569930505,59950
2013-11-21,25.460941314697266,25.57028883271173,24.827870889944435,25.023546412695374,43120
2013-11-22,25.650863647460938,25.829274546996345,25.299796727088406,25.472452747925534,34980
2013-11-25,25.72568702697754,26.08826377699923,25.558785851579408,25.66238093370893,31020
2013-11-26,25.99043083190918,26.02496253238588,25.426421107366732,25.754466224462636,29040
2013-11-27,26.31846809387207,26.57745214769009,25.95013650531617,25.955891384515805,25850
2013-11-29,26.31846809387207,26.63500335465885,26.09401573022427,26.485369250551113,15730
2013-12-02,25.760211944580078,26.473855497203342,25.61633032641156,26.232136117460094,42350
2013-12-03,25.610580444335938,25.869564509596902,25.322821981805422,25.639357256577988,35530
2013-12-04,25.397634506225586,25.78898554044834,25.184691939681354,25.495472264781274,21560
2013-12-05,25.506986618041992,25.73143898134504,25.21347328947698,25.437923237807645,19470
2013-12-06,26.226388931274414,26.485373021970812,25.78323902007553,25.78323902007553,53350
2013-12-09,25.8120059967041,26.283930128121117,25.71416824372534,26.283930128121117,33550
2013-12-10,25.248008728027344,25.714180620977547,25.167435569742324,25.702668444813277,66000
2013-12-11,25.021902084350586,25.34656281700264,24.94073933390497,25.34656281700264,37400
2013-12-12,25.010316848754883,25.80457017442309,24.853786023772663,24.998722513434338,38060
2013-12-13,24.923343658447266,25.120457004275984,24.72043314747267,25.120457004275984,29810
2013-12-16,25.21322250366211,25.25960226409295,24.69144837427694,24.963929770897845,102740
2013-12-17,25.132061004638672,25.305983307251573,24.865376734827123,25.172643605063726,31680
2013-12-18,25.520484924316406,25.520484924316406,25.091472781656627,25.114661443721673,51370
2013-12-19,25.276987075805664,25.67701331597724,25.27698707580566,25.416126320293568,47410
2013-12-20,25.734987258911133,25.990074656118054,24.992911292175492,25.329163856423353,161480
2013-12-23,26.361127853393555,26.361127853393555,25.682822798904265,25.90892448373403,51590
2013-12-24,26.320541381835938,26.575628865231515,26.12922516110982,26.12922516110982,26620
2013-12-26,26.297346115112305,26.61041007790996,26.14081535007215,26.517650565430458,33220
2013-12-27,26.28575897216797,26.47127804785784,25.984291690530938,26.361127008936236,29370
2013-12-30,26.129220962524414,26.639398280055243,25.961093434250934,26.210383711229948,21780
2013-12-31,26.181400299072266,26.32053958032402,26.152412036542398,26.19879179695965,24750
2014-01-02,25.71760368347168,26.2277810676724,25.555273299412622,26.169806973101732,40810
2014-01-03,25.613248825073242,25.850947248257462,25.4625151976805,25.839350482521255,45430
2014-01-06,25.38714027404785,25.659621622298225,25.38714027404785,25.659621622298225,30910
2014-01-07,25.56106185913086,25.694403934649177,25.369745708561876,25.549467530664096,33110
2014-01-08,25.474109649658203,25.73499674009754,25.27119909001726,25.595857445073456,26730
2014-01-09,25.497297286987305,25.56686570869578,25.398740603815106,25.491500121238055,18590
2014-01-10,25.207420349121094,25.769777015953842,24.871167728270578,25.561066898818034,60060
2014-01-13,24.818994522094727,25.21902088739622,24.4943361834018,25.190032623458073,51590
2014-01-14,24.865371704101562,24.981319882385034,24.56390206167316,24.818991946244687,42350
2014-01-15,24.89436149597168,24.952335588678675,24.204459818616343,24.749422615127816,61930
2014-01-16,24.442161560058594,24.952338997557028,24.31461659250451,24.86537663025733,38610
2014-01-17,24.540719985961914,24.76102450309232,24.34940130482361,24.459554779747855,33110
2014-01-21,24.946531295776367,25.068276612408226,24.761012305940305,24.761012305940305,31570
2014-01-22,24.946531295776367,25.09146770249618,24.78420096331137,25.01030253626368,22550
2014-01-23,24.795799255371094,24.934938519988236,24.33779887191667,24.813193183896534,36960
2014-01-24,24.303022384643555,24.81899699160208,24.1870717500715,24.61608398928046,33440
2014-01-27,24.221853256225586,24.523320478338803,24.169676330579744,24.465346386812037,27280
2014-01-28,24.134897232055664,24.303024817564744,24.059529190403005,24.303024817564744,37730
2014-01-29,23.740659713745117,24.05952083916225,23.688482792526653,23.96676132750335,31680
2014-01-30,23.897193908691406,24.221852213063798,23.514559082571587,23.96096516335266,64460
2014-01-31,23.491369247436523,23.845013362312475,22.610151461124307,23.462380988009805,41800
2014-02-03,22.644935607910156,23.49136792168477,22.540581772210945,23.3522286631801,56540
2014-02-04,22.818864822387695,23.015978202914987,22.46521822449773,22.749293962955917,35640
2014-02-05,22.488412857055664,22.87104534592726,22.360867883192455,22.720311703753303,42240
2014-02-06,22.581165313720703,22.581165313720703,22.297087186981766,22.447823214599197,37510
2014-02-07,22.517391204833984,22.720304148669435,22.227518351031605,22.627544640835293,36740
2014-02-10,22.268091201782227,22.50578703257125,22.204319980302888,22.50578703257125,42350
2014-02-11,22.56956672668457,22.72609990691243,22.326073641873208,22.37245339291904,48400
2014-02-12,22.43622589111328,22.592759080081514,22.256506474403096,22.5231906659868,38060
2014-02-13,22.691320419311523,22.784079945660146,22.30868798130289,22.33767381283826,22440
2014-02-14,22.882633209228516,22.98698948527064,22.430429977864677,22.69131701889397,16500
2014-02-18,22.73189926147461,22.9695952043922,22.691316671310535,22.9695952043922,46860
2014-02-19,22.007213592529297,22.836251985861292,22.007213592529297,22.592758889507873,55220
2014-02-20,22.09998321533203,22.239122538756334,21.798513464886895,22.030414769979036,42240
2014-02-21,22.331876754760742,22.378256518159827,22.08838360509497,22.210131396286716,48510
2014-02-24,22.83625602722168,23.044966170115437,22.308687152971892,22.308687152971892,33330
2014-02-25,22.50579833984375,23.085546517912043,22.40144449491537,22.853647733228204,27280
2014-02-26,22.772483825683594,22.975394361376058,22.453622674797206,22.46521700650134,28600
2014-02-27,22.917423248291016,22.9638030138522,22.569573790223213,22.63914465492391,26950
2014-02-28,22.958003997802734,23.50296680742516,22.795676047774275,22.905827069839386,43010
2014-03-03,22.662338256835938,22.81307190337698,22.465222406893538,22.801475136167586,26290
2014-03-04,23.346437454223633,23.67109580689352,22.702915482659737,22.998588002861286,94820
2014-03-05,23.17830467224121,23.41020344332282,23.0565569051544,23.247873087207076,31570
2014-03-06,23.479772567749023,23.752253907861277,23.236277051446333,23.259468143211045,108240
2014-03-07,23.659496307373047,23.850814943146464,23.387014917348726,23.642104809901607,78980
2014-03-10,23.82762336730957,23.926180049764767,23.473976797438322,23.618915670985032,120340
2014-03-11,23.7696533203125,23.891398686302697,23.49137472273795,23.891398686302697,143000
2014-03-12,24.108543395996094,24.16697351671268,23.56513665332741,23.775488520502012,141790
2014-03-13,24.038433074951172,24.336428963390713,23.87482575842073,24.23125423239488,100210
2014-03-14,24.09686279296875,24.295526715168222,23.863139810424077,23.956629003441947,38170
2014-03-17,24.23124122619629,24.35978941277811,23.828068371311232,24.207867714157445,77880
2014-03-18,24.190353393554688,24.377331790470166,23.962473165832176,24.283842592012427,60280
2014-03-19,24.0325927734375,24.33643394409803,23.78718420027043,24.24878749971239,36080
2014-03-20,24.29552459716797,24.39485654960829,23.74627502310618,23.974155217703174,39930
2014-03-21,24.72792625427246,24.82141548578748,24.114401027082017,24.394868721627073,335610
2014-03-24,24.628582000732422,24.833088673493645,24.266308344006717,24.75128502364764,57640
2014-03-25,24.628582000732422,24.833088673493645,24.564306653630364,24.628582000732422,68750
2014-03-26,24.283838272094727,24.868146884438435,24.24293644856383,24.868146884438435,57090
2014-03-27,23.898195266723633,24.394857500130986,23.833922369067853,24.283840008219947,84370
2014-03-28,23.84560775756836,24.412388104789166,23.67031736908288,23.87482404824287,82060
2014-03-31,24.23709487915039,24.48250338061187,23.43074880714951,24.09101833180775,139370
2014-04-01,24.558469772338867,24.76882171495334,23.530088490756587,24.2020412496178,188100
2014-04-02,24.49419593811035,24.80972016235338,24.295529540950245,24.669486356516163,110440
2014-04-03,24.45912742614746,24.669476827726953,24.23124727320079,24.581832878304393,102630
2014-04-04,23.734590530395508,24.65779688447617,23.664474864592034,24.65779688447617,73480
2014-04-07,23.728744506835938,23.921565626156607,23.372316103331944,23.71121375389998,77220
2014-04-08,23.734590530395508,24.067645459633262,23.594356746934668,23.68200316807943,70510
2014-04-09,23.512544631958008,23.95661934569797,23.348939836058502,23.880658487548157,41910
2014-04-10,23.232086181640625,23.559298352273792,22.951618606812197,23.559298352273792,58740
2014-04-11,22.986671447753906,23.37815641225997,22.85812323110516,23.056787096564758,51810
2014-04-14,22.986671447753906,23.27882447953017,22.78800513044101,23.144433496468295,38610
2014-04-15,23.091854095458984,23.278832492453088,22.54844720974957,22.99836489696193,73480
2014-04-16,22.34393310546875,23.255451262923636,22.151109552074065,23.091846445679252,81730
2014-04-17,22.08684539794922,22.238764742257306,22.08684539794922,22.209550898267846,127490
2014-04-21,22.104366302490234,22.2621308146216,21.993348828796925,22.05762416775914,56320
2014-04-22,22.273826599121094,22.51339240913786,21.975830641946374,22.11606446623823,48290
2014-04-23,22.221237182617188,22.519235564304125,22.192020885791603,22.285510093408213,39710
2014-04-24,21.969974517822266,22.33808843039136,21.940760684668142,22.31471736386806,56980
2014-04-25,21.77715301513672,22.005033168857267,21.64860479603863,21.940760285234894,70290
2014-04-28,21.584339141845703,22.139431569831164,21.479164405471703,21.853121203116295,45650
2014-04-29,21.257123947143555,21.777157239073624,21.21037935402789,21.74210063312724,71170
2014-04-30,21.543432235717773,21.607707577580697,20.777990515296484,21.251279169342855,62590
2014-05-01,21.46162986755371,21.61355162872535,21.09351835509019,21.47331785431181,94050
2014-05-02,21.537593841552734,21.853120492265266,21.379831742123514,21.566810134863665,67210
2014-05-05,21.35645294189453,21.49668670181082,21.19869088143376,21.409040295381455,78430
2014-05-06,21.011714935302734,21.43241626311344,20.947439588923054,21.344769846671156,54670
2014-05-07,21.438262939453125,21.601870267136807,20.8890132705925,21.122736273101893,73040
2014-05-08,21.20453643798828,21.625237773085363,21.146106309966026,21.490846762336517,73480
2014-05-09,21.44994354248047,21.58433454449116,21.052613303685344,21.052613303685344,80080
2014-05-12,21.753787994384766,21.86480549290774,21.42073304696182,21.45578965585074,98230
2014-05-13,21.538175582885742,21.975238152354166,21.44819254538116,21.769561937528305,138700
2014-05-14,21.21680450439453,21.467474669902916,21.12039516552548,21.435335771759544,154800
2014-05-15,21.139680862426758,21.22323760133614,20.87615802603949,21.20395621999328,48800
2014-05-16,21.287508010864258,21.35178336089382,21.05612165446564,21.07540548540146,60100
2014-05-19,21.42890739440918,21.660293708321827,21.216802456038103,21.216802456038103,48500
2014-05-20,21.1268253326416,21.332501568684673,20.934004167832985,21.332501568684673,65700
2014-05-21,21.19109344482422,21.538170442092838,21.004698653423194,21.27464770150471,44000
2014-05-22,21.26822280883789,21.45461761263846,21.03041018610988,21.26822280883789,53900
2014-05-23,21.448196411132812,21.51889808244484,21.26823030368716,21.358213357409987,91200
2014-05-27,22.116636276245117,22.232329426400284,21.486752709763277,21.486752709763277,46800
2014-05-28,22.116636276245117,22.328741202147356,21.544599284840857,22.045934634277703,41500
2014-05-29,22.065223693847656,22.444437223697552,21.981666965172888,22.20019825042344,37900
2014-05-30,22.05879783630371,22.373740961620193,21.936678333593434,22.168064719237506,38600
2014-06-02,22.1809139251709,22.49585700201479,21.891683439485202,22.19376899482308,56400
2014-06-03,22.078079223632812,22.58584351983491,21.917394505988167,22.07165291374288,51000
2014-06-04,21.917388916015625,22.25804209780044,21.820979581130313,22.013800702754526,44600
2014-06-05,22.830081939697266,22.965056496115782,21.930246659866054,22.00094831851972,46300
2014-06-06,23.190021514892578,23.254294426440175,22.939351275406352,22.984342803860553,44000
2014-06-09,23.40212059020996,23.46639349216069,22.849364806759116,23.241435883479088,47300
2014-06-10,23.22216033935547,23.717069654687464,23.003628985206987,23.33785355342553,27800
2014-06-11,22.88521957397461,23.539639756803908,22.710275638120024,23.215670054486385,38400
2014-06-12,22.839866638183594,22.962974249402635,22.639004509853933,22.78803029344318,24700
2014-06-13,22.651962280273438,23.0018501718687,22.574210239372093,23.0018501718687,18400
2014-06-16,22.489978790283203,22.794511137267595,22.340953006269746,22.580689922144177,15200
2014-06-17,22.7362003326416,22.930581715479672,22.38631236051704,22.496463376197756,37000
2014-06-18,22.872264862060547,22.92410121075405,22.509420307978623,22.82043098506019,34100
2014-06-19,22.619571685791016,22.85283034085742,22.613093377236265,22.85283034085742,22500
2014-06-20,22.43814468383789,22.755633642050928,22.353911860117048,22.755633642050928,110700
2014-06-23,22.321514129638672,22.567731808110743,22.24376208916589,22.567731808110743,36000
2014-06-24,22.243762969970703,22.613088266456888,22.21784479822254,22.36038979945164,28100
2014-06-25,22.250247955322266,22.4057545607926,21.8679634582219,22.211370686031273,56200
2014-06-26,22.30856704711914,22.353922634438995,21.99107546418604,22.30856704711914,26300
2014-06-27,22.315038681030273,22.49646344772357,22.11417898919278,22.11417898919278,101000
2014-06-30,22.17249298095703,22.541818339864136,22.05586366007128,22.250245037649762,29700
2014-07-01,22.872264862060547,23.248070975008993,22.37335112850475,22.37335112850475,56600
2014-07-02,22.5806884765625,22.982412708647566,22.4122253098473,22.762113200362883,59300
2014-07-03,22.975936889648438,23.00185506602783,22.742678245620603,22.742678245620603,23400
2014-07-07,22.477020263671875,23.021289540081376,22.444623783156803,22.852826358387187,38200
2014-07-08,22.120651245117188,22.69083862271304,22.120651245117188,22.386306306549454,39800
2014-07-09,22.12713050842285,22.315031047527327,21.99754213988378,22.315031047527327,61400
2014-07-10,21.86147689819336,22.088254704232547,21.686532959951965,21.751325912622388,43600
2014-07-11,21.880916595458984,22.036420686932047,21.738369118531203,21.822601943233344,28900
2014-07-14,21.89387321472168,22.140088410426287,21.867955045165605,22.140088410426287,26900
2014-07-15,21.87443733215332,22.004025731821915,21.686536747911656,21.83556254243794,59800
2014-07-16,22.055866241455078,22.185454665571992,21.770771214059142,21.97163339502504,55900
2014-07-17,22.340961456298828,22.677890410428464,22.08826535862508,22.08826535862508,56000
2014-07-18,22.639005661010742,22.684361229118384,22.27616111614963,22.27616111614963,58600
2014-07-21,22.509422302246094,23.319346784640345,22.30207936079527,22.548297095517263,69900
2014-07-22,22.613088607788086,22.74267452509913,22.502937612042174,22.587170435648705,41700
2014-07-23,22.5742130279541,22.7232388212961,22.51589837215131,22.7232388212961,20700
2014-07-24,22.405752182006836,22.885226093889184,22.353915828455566,22.567737079314487,36900
2014-07-25,22.276159286499023,22.386307808086798,22.191926464777687,22.35391132948409,29100
2014-07-28,22.36039161682129,22.412227964530683,22.107695600970747,22.353913309204167,58000
2014-07-29,22.51589584350586,22.658443313169045,22.379829152478006,22.405747323633648,33700
2014-07-30,22.80746841430664,22.917616930916683,22.392787574868972,22.6843583408098,32700
2014-07-31,22.67140769958496,22.82691181949179,22.289123236581656,22.639008742218735,91100
2014-08-01,22.489978790283203,22.83986670319808,22.217845394700277,22.71675909162861,96000
2014-08-04,22.51589584350586,22.697318098209664,22.263199853970463,22.60660697085776,34800
2014-08-05,22.522375106811523,22.826907451589502,22.256720020417845,22.334474537186445,30300
2014-08-06,22.587167739868164,22.788027370743425,22.43166119728452,22.43166119728452,28500
2014-08-07,22.36039161682129,22.59365023812736,22.20488751707931,22.59365023812736,22800
2014-08-08,22.600130081176758,22.632526561306484,22.334474989404224,22.340953296752968,22100
2014-08-11,22.872264862060547,23.001853262101154,22.515898615718736,22.76859463636669,24400
2014-08-12,22.632526397705078,22.8204294414694,22.593649138814637,22.742674923688522,60100
2014-08-13,22.898191452026367,22.943547037955845,22.60661806269827,22.65845443044285,32500
2014-08-14,22.82691192626953,22.9824185185972,22.73620077728399,22.82691192626953,15500
2014-08-15,22.554777145385742,23.06664752320178,22.35391499044463,23.06664752320178,42600
2014-08-18,23.008337020874023,23.02129611111761,22.723244450596344,22.794518211089198,36300
2014-08-19,23.021299362182617,23.131450408961747,22.95650637350837,22.95650637350837,16500
2014-08-20,22.78803062438965,22.904659930056408,22.677882097756044,22.904659930056408,26400
2014-08-21,22.950014114379883,23.13791714793709,22.56125143336545,22.813947423194115,52500
2014-08-22,23.027772903442383,23.124962355894475,22.81395165899983,22.982417331292744,22600
2014-08-25,23.10552215576172,23.22215146190527,22.846345370622043,23.086084761968795,21700
2014-08-26,23.248069763183594,23.345259204378106,23.13144045639576,23.209192503689977,23300
2014-08-27,23.10552215576172,23.22215146190527,22.950015590339312,23.22215146190527,18600
2014-08-28,23.027772903442383,23.137921443893415,22.969458243293804,23.073128475592018,22200
2014-08-29,23.014814376831055,23.11848461165804,23.014814376831055,23.027773465146097,15800
2014-09-02,23.267505645751953,23.338779381014184,22.956495005083656,22.956495005083656,31500
2014-09-03,23.021299362182617,23.55260977873255,22.9435472814347,23.364709122899587,55400
2014-09-04,22.93057632446289,23.299901606534252,22.92409801762515,23.131438440132133,37800
2014-09-05,22.96945571899414,23.034248680174912,22.755634498050135,22.81394915179004,19800
2014-09-08,22.962976455688477,23.04720928813827,22.78803248292038,23.04720928813827,13800
2014-09-09,22.80099105834961,22.995374893744692,22.69084252520599,22.995374893744692,29900
2014-09-10,23.014814376831055,23.176799273229054,22.67140718740917,22.67788549572001,32500
2014-09-11,23.152034759521484,23.23698506214226,22.942928239798302,22.982134154279937,29100
2014-09-12,23.054019927978516,23.1977816258742,22.90372474051797,23.080158871731708,23900
2014-09-15,22.78609848022461,23.00827448244625,22.59659739904013,23.00827448244625,27800
2014-09-16,22.64234161376953,22.890654088381048,22.57046076852792,22.681547534630955,21100
2014-09-17,22.681543350219727,22.982133654187646,22.570456604610563,22.63580145582227,31000
2014-09-18,23.001739501953125,23.13896518752113,22.707682680917163,22.707682680917163,18600
2014-09-19,22.89719009399414,23.158572040078226,22.77956734579494,23.02788231340956,65400
2014-09-22,22.675016403198242,22.81224212597574,22.576996605358882,22.81224212597574,20800
2014-09-23,22.263328552246094,22.746888888157184,22.237189616738235,22.67500806188361,30400
2014-09-24,22.485509872436523,22.576993675750515,22.191453009822503,22.341748185659295,27600
2014-09-25,22.113035202026367,22.681543385233983,22.099965733214592,22.524714744985264,47400
2014-09-26,22.46590232849121,22.51817770854132,22.119567653081262,22.145706589479403,27800
2014-09-29,22.34827995300293,22.485505632095748,22.217587761737583,22.23065723013874,26200
2014-09-30,21.975814819335938,22.348286045702064,21.949675875407497,22.263335724308085,59800
2014-10-01,21.98234748840332,22.23066246096078,21.688290612051958,22.05422833514996,55700
2014-10-02,22.276405334472656,22.380958618088155,21.969278973275355,22.047695805547164,17100
2014-10-03,22.394027709960938,22.609667763180315,22.374424748599232,22.49204500951634,19000
2014-10-06,22.126110076904297,22.439769926784447,22.11957409452833,22.439769926784447,16100
2014-10-07,22.139177322387695,22.224125142756932,21.825517504052097,22.001949126509217,29800
2014-10-08,22.766498565673828,22.87758533526367,22.067298037235325,22.067298037235325,34300
2014-10-09,22.269868850708008,22.825307627848265,22.224124458326195,22.825307627848265,30600
2014-10-10,22.269868850708008,22.759962769154082,22.139176640573073,22.139176640573073,47600
2014-10-13,23.112831115722656,23.19778143585123,22.269871374935672,22.269871374935672,32000
2014-10-14,23.335004806518555,23.524508389022646,23.145501224014467,23.197779105841775,64300
2014-10-15,22.799169540405273,22.969070167762258,22.29600613284293,22.969070167762258,77600
2014-10-16,22.5181884765625,22.949471162383144,22.433240631766406,22.439774122617116,57000
2014-10-17,22.13263702392578,22.851442815235842,22.080361644105615,22.851442815235842,34000
2014-10-20,22.106504440307617,22.459370170758014,21.917000858285537,22.08689898829894,34400
2014-10-21,22.15224838256836,22.282938113358917,22.05422859172861,22.126109439311517,46900
2014-10-22,21.903934478759766,22.145713483847395,21.89086500649193,22.145713483847395,42600
2014-10-23,22.086898803710938,22.184918584695343,22.008484474571365,22.184918584695343,37700
2014-10-24,22.086898803710938,22.152246155282732,22.04769288551444,22.145710173752263,16600
2014-10-27,22.073835372924805,22.126113268485774,21.89740121452743,21.96928207455013,27300
2014-10-28,22.825305938720703,22.87758132325823,22.197986367792062,22.197986367792062,39600
2014-10-29,22.675016403198242,22.916795413722454,22.544324170328096,22.916795413722454,52200
2014-10-30,22.96253204345703,23.02134341009366,22.47243815240062,22.655405740716155,79000
2014-10-31,23.49183464050293,23.58985192430687,23.191244315109824,23.380745394229365,70700
2014-11-03,23.433019638061523,23.707470981433907,23.400347215195204,23.55064235457714,44400
2014-11-04,23.661741256713867,23.727088628791375,23.282736469653777,23.31540890931885,29700
2014-11-05,23.942716598510742,24.00806393749178,23.576781471201322,23.798954945498554,27500
2014-11-06,24.125688552856445,24.1583634746666,23.844703668712224,24.001532325316138,32100
2014-11-07,24.02113914489746,24.09955597854917,23.69440981625619,24.09955597854917,38600
2014-11-10,24.21063804626465,24.223707515998715,23.90351423212678,24.014600985746625,54300
2014-11-11,24.243318557739258,24.29559645410667,23.975400570724524,24.23678506706698,40900
2014-11-12,24.302127838134766,24.530839875795206,24.119160202204082,24.171438094039754,79300
2014-11-13,24.02766990661621,24.387071591480517,24.008066948836138,24.387071591480517,37500
2014-11-14,24.00806999206543,24.060345383687444,23.844705342533196,24.060345383687444,64300
2014-11-17,23.589859008789062,24.223714770615302,23.589859008789066,23.896985407652863,29500
2014-11-18,23.51144027709961,23.981931269744802,23.465698374230968,23.727082812977574,25900
2014-11-19,23.204320907592773,23.374221591651466,22.786107674136765,23.374221591651466,43200
2014-11-20,23.433019638061523,23.48529501609842,23.099754443685256,23.197774205030296,26900
2014-11-21,23.06708526611328,23.73361325589316,23.00827389958134,23.700940828430177,29600
2014-11-24,23.615989685058594,23.62252566596719,22.590060044087604,23.12589581226049,23500
2014-11-25,23.655202865600586,23.681341809016793,23.31540407943045,23.622530432703755,22900
2014-11-26,23.668272018432617,23.740152865485328,23.51797683493459,23.589855189240488,20100
2014-11-28,23.642133712768555,23.8251013336561,23.45916609188101,23.78589541074984,36000
2014-12-01,23.655202865600586,23.72708371362173,23.517977151785775,23.66827233730869,118400
2014-12-02,23.78589630126953,23.916586039512453,23.655204070279638,23.687876504840368,54000
2014-12-03,23.949254989624023,24.021133330619623,23.433022177064895,23.87083817495298,61300
2014-12-04,23.70094871520996,23.975400188521814,23.66174029355944,23.975400188521814,20000
2014-12-05,23.78589630126953,24.021139325754973,23.700945977214054,23.700945977214054,42700
2014-12-08,23.661741256713867,23.968867673609743,23.498376565641145,23.753225084875016,33700
2014-12-09,24.08648109436035,24.099550563699097,23.276191444582704,23.465695010874967,44700
2014-12-10,23.52450942993164,24.13875961210215,23.498370487861393,23.988464434318303,33200
2014-12-11,23.741968154907227,24.012137559585877,23.096197444058134,23.649715555313758,23900
2014-12-12,23.629940032958984,23.840803766103445,23.38612931282832,23.465202584333998,41000
2014-12-15,23.61017417907715,24.005543081037445,23.36636092629726,23.761732341951735,29200
2014-12-16,23.74855613708496,24.058260895610804,23.56404844693298,23.60358634775723,52000
2014-12-17,24.374557495117188,24.479989376787707,23.55087013403677,23.82762788078651,46500
2014-12-18,24.23617172241211,24.624952187038403,23.76831798926515,24.624952187038403,54400
2014-12-19,23.709009170532227,24.24934770671256,23.458607588448267,24.170274448994192,136700
2014-12-22,24.275718688964844,24.275718688964844,23.728788969134378,23.728788969134378,30800
2014-12-23,24.486576080322266,24.717207520035785,23.99895209017832,24.295480022448682,43400
2014-12-24,24.466812133789062,24.638138013268126,23.992367369547736,24.55247381668132,14900
2014-12-26,24.36137580871582,24.54588095513743,24.203226744858664,24.54588095513743,39300
2014-12-29,24.36137580871582,24.61177493208969,24.216406042987934,24.374555106845094,59600
2014-12-30,24.354785919189453,24.499755690967284,24.242765650956905,24.242765650956905,35000
2014-12-31,24.1241512298584,24.592004958384052,24.084613339141665,24.46680540832185,41700
2015-01-02,23.471792221069336,24.031901084315788,23.22798148800828,24.031901084315788,59300
2015-01-05,23.15549659729004,23.4520245231867,23.069832415654535,23.41907753446354,30000
2015-01-06,22.58879852294922,23.293874613576115,22.470187356891046,23.293874613576115,32200
2015-01-07,22.89192008972168,22.91827617468958,22.503139557384017,22.793076601585504,25400
2015-01-08,23.35318374633789,23.491565136902697,22.872150616959054,23.06983508587312,29000
2015-01-09,22.85896110534668,23.392711195295682,22.766708561978692,23.293867748148106,24500
2015-01-12,22.746952056884766,22.951227441656183,22.549267579132,22.91827793395196,27600
2015-01-13,22.7403621673584,23.405903039128166,22.54926858807401,22.911690565786007,20100
2015-01-14,22.595382690429688,22.766708482703198,22.404286700579537,22.601971080493055,21600
2015-01-15,22.364755630493164,22.714000738855614,22.285682357183983,22.555851678543217,22500
2015-01-16,22.839202880859375,22.918276163111777,22.25932627905502,22.272505578379473,24400
2015-01-20,22.483367919921875,23.260928935086355,22.33840066389902,22.865560035105233,27200
2015-01-21,21.890316009521484,22.681053861484962,21.82441951272831,22.48336939849409,35000
2015-01-22,22.200021743774414,22.206612650596966,21.527892528457038,21.751935600229494,127500
2015-01-23,21.929851531982422,22.134126902785976,21.765114059503723,22.134126902785976,52100
2015-01-26,21.81123924255371,22.03528229428972,21.567428499506775,21.81123924255371,61300
2015-01-27,21.26430892944336,21.613551495768927,21.198412445621855,21.51471054057742,63500
2015-01-28,20.954607009887695,21.468589658188886,20.86235442302951,21.468589658188886,45100
2015-01-29,21.50153350830078,21.527889590911307,20.91506730899339,21.000731490136367,47700
2015-01-30,20.80963134765625,21.653087410930173,20.776684365597742,21.567423246623168,51000
2015-02-02,21.033676147460938,21.086392077380513,20.783275794554683,20.82940207612845,52400
2015-02-03,21.086395263671875,21.185238746948016,20.954604790535086,21.00073233592593,126700
2015-02-04,21.013912200927734,21.270902263309107,20.82940703074509,21.112755692779533,73900
2015-02-05,21.547658920288086,21.63332309795364,21.099572856075334,21.132519843271623,70200
2015-02-06,21.600374221801758,21.883722844534226,21.56083884150034,21.56083884150034,130000
2015-02-09,21.020498275756836,21.593785152236592,21.01390862696431,21.547658867535908,67800
2015-02-10,21.310434341430664,21.409277806281455,20.908474604454927,21.066622388630577,44300
2015-02-11,20.921661376953125,21.521305744217226,20.88871438146063,21.2247777573955,122500
2015-02-12,21.086395263671875,21.323617612579255,20.961194439876635,21.007320728420382,59800
2015-02-13,21.053447723388672,21.145700298064305,20.980962839373774,21.027089126711594,58900
2015-02-17,21.23794937133789,21.277487259835077,21.04026495623939,21.086391235972584,26900
2015-02-18,21.198415756225586,21.277491549160835,21.092983879339478,21.277491549160835,26300
2015-02-19,21.284074783325195,21.33679196583885,21.02049515499098,21.125928263171474,21500
2015-02-20,21.40928077697754,21.435636859393618,21.027088674462483,21.336795894521643,33200
2015-02-23,21.46199607849121,21.46199607849121,21.165468147879672,21.4026904923689,19700
2015-02-24,21.59379005432129,21.791474535586143,21.534484458572376,21.560843059726242,18500
2015-02-25,21.363149642944336,21.646498235936587,21.34997286002294,21.527887080093606,35700
2015-02-26,21.42905616760254,21.51472037889638,21.27749795604881,21.27749795604881,19400
2015-02-27,21.50812530517578,21.771706282557584,21.264314534999034,21.46199901118814,38800
2015-03-02,21.455408096313477,21.639913250579596,21.224774139786632,21.521302076067318,27900
2015-03-03,21.3433895111084,21.48176840401781,21.158884320562517,21.35656881238949,24400
2015-03-04,21.119338989257812,21.31702341156114,21.08639200448956,21.191823863964256,20800
2015-03-05,21.106170654296875,21.25114047900118,21.000739996912696,21.08640295590815,28200
2015-03-06,21.224773406982422,21.363152267904354,21.00073162122982,21.086394546060486,41300
2015-03-09,21.541074752807617,21.54766566052495,21.19842044865511,21.231369959852195,42000
2015-03-10,21.31702423095703,21.415867702755005,21.21818327285297,21.310435839227658,41300
2015-03-11,21.629642486572266,21.682850619078085,21.41015227977176,21.470013014606046,45400
2015-03-12,22.38121795654297,22.427776005746843,21.79591350440704,21.815866229144874,39300
2015-03-13,22.208284378051758,22.4344245462242,21.902330779119396,22.4344245462242,46700
2015-03-16,22.101869583129883,22.534197273521546,22.04200886503294,22.301404464378468,34300
2015-03-17,22.075260162353516,22.214936836828997,21.722748519605418,21.968841409605606,36300
2015-03-18,21.84247589111328,22.115174177984432,21.62963832756623,21.982150066461553,47100
2015-03-19,21.86907386779785,21.882376528199757,21.45669900700782,21.722747140599903,20100
2015-03-20,22.022050857543945,22.361259820607355,21.782608042570683,21.995445536497346,328400
2015-03-23,22.414474487304688,22.51424065330823,22.015402211619953,22.081915526179166,69400
2015-03-24,22.095218658447266,22.414474963442725,22.081915995252842,22.361264310665028,38700
2015-03-25,21.722747802734375,22.1417727378862,21.71609774094224,22.0952146936719,39800
2015-03-26,21.829172134399414,21.922288246640832,21.61633458149795,21.62963724570726,15900
2015-03-27,22.048660278320312,22.135123781964193,21.622982674093393,21.789262155718063,41300
2015-03-30,22.26150131225586,22.534199603510885,22.061963873151846,22.061963873151846,24600
2015-03-31,22.055307388305664,22.201634124455772,21.88237786694724,22.115168095164965,31200
2015-04-01,22.095218658447266,22.301403594901906,21.849123195185783,21.922286574143328,39900
2015-04-02,22.274797439575195,22.46102962170663,22.095215319424234,22.19498147247042,26900
2015-04-06,22.03536033630371,22.29475595371323,21.9621969493987,22.061963128358748,26900
2015-04-07,22.048660278320312,22.39451936734291,21.875728196585477,21.92893884857267,19800
2015-04-08,21.782608032226562,22.228235742041683,21.709444667994692,21.96884020501819,47200
2015-04-09,21.82251739501953,21.842470118446368,21.343631734989668,21.7959120723016,36900
2015-04-10,21.942235946655273,21.988793986724406,21.603024469325415,21.92228068860929,19900
2015-04-13,22.061954498291016,22.108515074927695,21.908977720613763,21.92228038004955,21200
2015-04-14,22.028701782226562,22.10851774849336,21.609679376830112,22.008749059271445,31600
2015-04-15,22.081911087036133,22.17502717147632,21.915631639900656,22.17502717147632,64400
2015-04-16,21.995447158813477,22.135121298775456,21.74270166467519,21.962191773663946,22800
2015-04-17,21.616329193115234,22.022051470080175,21.529863165920293,21.822516631126813,52300
2015-04-20,21.82251739501953,22.022052240957567,21.669540595226263,21.682840719362005,28900
2015-04-21,21.92893409729004,21.962189478964913,21.769304713138467,21.81586275492789,18200
2015-04-22,21.96883773803711,22.11516445006916,21.70944223014232,21.8823742602207,21200
2015-04-23,21.875722885131836,22.101863026723205,21.849117565598046,22.002096884305875,18400
2015-04-24,21.889028549194336,21.922283934564454,21.78260979367599,21.78925985586071,17300
2015-04-27,21.86907386779785,22.108516680586114,21.782607843796967,21.895676651378626,33300
2015-04-28,22.081911087036133,22.181677232983617,21.855770937442962,21.855770937442962,21000
2015-04-29,21.98214340209961,22.13512019594434,21.86907459077995,21.94888801860695,33700
2015-04-30,21.33698081970215,21.96884071703535,21.317025559850055,21.915632610950386,48600
2015-05-01,21.310380935668945,21.496613160320567,21.084240718353215,21.37689171955202,37700
2015-05-04,21.297069549560547,21.636278468004466,21.22390619491783,21.303719610335918,32700
2015-05-05,21.197309494018555,21.463356418656147,20.984470685696675,21.223913552176413,32300
2015-05-06,21.363584518432617,21.4300978254143,20.97781748683179,21.184003664028538,27800
2015-05-07,21.3170223236084,21.48330175286778,21.23055757858252,21.27711561579733,27300
2015-05-08,21.370237350463867,21.50326142865263,21.243864603045704,21.423445459405414,31300
2015-05-11,21.396839141845703,21.5830738575435,21.25716500798971,21.376886419072886,18800
2015-05-12,21.3303279876709,21.416794013490446,21.017723073320077,21.270467283214767,23500
2015-05-13,21.396839141845703,21.549818473847758,21.277118999374096,21.35028109722704,19000
2015-05-14,21.463350296020508,21.57641909670215,21.350278958115982,21.47000035720412,25400
2015-05-15,21.403493881225586,21.543168029048715,21.250517071149293,21.443401867985077,91600
2015-05-18,21.889028549194336,22.028702690082795,21.33698204782521,21.33698204782521,29900
2015-05-19,21.96218490600586,21.98213762341164,21.755997522997138,21.908974276627173,19400
2015-05-20,21.895681381225586,22.022055413731174,21.809217875770127,21.962194697603156,25800
2015-05-21,22.048660278320312,22.08191566720054,21.79591475582823,21.79591475582823,33300
2015-05-22,22.022050857543945,22.088561622937377,21.92893477110391,21.97549281432393,38000
2015-05-26,21.71609878540039,21.968841741227354,21.46335329235019,21.91563363266182,32300
2015-05-27,21.97549057006836,22.095211965328396,21.583071004987755,21.802558538149285,28400
2015-05-28,21.889028549194336,21.995447304712677,21.350282172194643,21.995447304712677,13200
2015-05-29,21.79591178894043,21.948888586744896,21.55646896203841,21.802561850921844,26100
2015-06-01,21.935583114624023,21.96218843358673,21.6296295582215,21.96218843358673,21000
2015-06-02,22.241533279418945,22.381209914062456,21.78925307491253,21.78925307491253,35600
2015-06-03,22.328006744384766,22.447728164238573,22.115169228472073,22.328006744384766,29600
2015-06-04,22.008747100830078,22.3346559243607,21.86242037958495,22.181676604573735,22200
2015-06-05,22.50093650817871,22.540841952562236,21.829166105861294,22.07525898271094,26100
2015-06-08,22.30805206298828,22.50758689949764,22.20828337612205,22.367912767663398,15700
2015-06-09,22.274797439575195,22.43442429933837,21.995446629154856,22.228236856819148,43600
2015-06-10,22.846797943115234,22.999777286798725,22.2149379929782,22.441078171489593,69300
2015-06-11,22.880346298217773,23.007833742540715,22.524728815796237,22.89376616391375,36500
2015-06-12,22.806547164916992,22.88035260722942,22.67235103053175,22.813255819825986,14800
2015-06-15,22.813251495361328,22.98770464528806,22.424083035372487,22.591827531661906,27800
2015-06-16,23.074934005737305,23.074934005737305,22.598540219488157,22.6857680799323,41700
2015-06-17,22.934030532836914,23.269519566307814,22.880351058884035,23.128614786548802,22000
2015-06-18,23.18229103088379,23.537911136597597,22.934029869972733,23.01454651899667,39100
2015-06-19,23.390289306640625,23.47080593555999,23.115188478220098,23.115188478220098,55300
2015-06-22,23.282936096191406,23.537908441749995,23.142031336637118,23.410420989181784,25400
2015-06-23,23.62513542175293,23.806299793933075,23.2091297668826,23.323194801452686,29500
2015-06-24,23.41042137145996,23.799589829434684,23.155449021737827,23.517777746146457,26200
2015-06-25,23.611711502075195,23.719067864249176,23.32990201121009,23.410418642946183,37100
2015-06-26,23.772750854492188,23.813010456126072,23.59829514032332,23.73920246625293,122500
2015-06-29,23.309770584106445,23.81300394891414,23.14873478115399,23.61170855532926,34500
2015-06-30,23.396995544433594,23.551320133758562,23.175574197863764,23.423835271162428,35200
2015-07-01,23.464099884033203,23.70565235714553,23.37687203328091,23.504356923166746,45800
2015-07-02,23.101770401000977,23.511067349008666,22.927314705336546,23.511067349008666,32700
2015-07-06,23.162158966064453,23.30306372020068,22.759570663361004,22.91389784312285,44900
2015-07-07,23.014545440673828,23.21583833359137,22.611959654838746,23.04138517561697,25400
2015-07-08,22.94744300842285,23.323188966727372,22.82666679051715,22.82666679051715,23200
2015-07-09,23.222545623779297,23.443967000707122,22.987701822069553,23.18228602816625,21900
2015-07-10,23.732494354248047,23.752625437484717,23.22926078616217,23.4909418320343,23500
2015-07-13,23.531198501586914,23.813010595517795,23.41042225555625,23.725782737922767,25700
2015-07-14,23.41042137145996,23.517777746146457,23.18228875530392,23.484229358977778,17700
2015-07-15,23.833141326904297,23.900238109998003,23.20242286325759,23.303068037898143,32500
2015-07-16,24.490692138671875,25.248897844852163,23.839842788798553,23.900230899194817,126100
2015-07-17,24.510818481445312,24.61146617637054,24.19546065252886,24.58462644978019,35400
2015-07-20,24.504106521606445,24.651722438348493,24.269262785009833,24.50410652160644,22400
2015-07-21,24.269271850585938,24.678568820204145,24.1954664242224,24.51082432836572,29000
2015-07-22,24.504106521606445,24.73894769862619,24.262554134056494,24.28268264649337,31100
2015-07-23,23.92707633972168,24.59805436670162,23.89352795028829,24.59805436670162,23400
2015-07-24,23.900230407714844,24.14178284433265,23.75932567288025,23.947198652659708,32500
2015-07-27,23.618419647216797,23.886809238007967,23.48422357203259,23.792872753252194,28900
2015-07-28,23.477519989013672,23.72578111798024,23.24267616684288,23.65868178611239,28700
2015-07-29,23.665393829345703,23.9203661802332,23.316484970125416,23.417132691669337,34200
2015-07-30,23.350032806396484,23.846557629609315,23.249387646805626,23.423840792509807,73800
2015-07-31,23.490936279296875,23.873396055449142,23.323191796252665,23.490936279296875,49300
2015-08-03,23.638559341430664,23.698947475842534,23.37016962371671,23.42384654342812,39600
2015-08-04,23.59159278869629,24.054566813062678,23.397008501518773,23.58488413308749,19300
2015-08-05,23.63184928894043,23.739205681593642,23.4842332892004,23.61842941991149,24700
2015-08-06,23.524490356445312,23.77946016173222,23.48423075370516,23.564747399607445,28400
2015-08-07,23.497652053833008,23.631848178236844,23.390295666225576,23.390295666225576,32800
2015-08-10,23.517778396606445,23.853267396728015,23.41713323231674,23.66539437572488,47600
2015-08-11,23.45738983154297,23.591585940974802,23.175580305356217,23.363453322814053,46500
2015-08-12,23.074934005737305,23.504359534726845,22.967577623489916,23.26951824842883,52200
2015-08-13,23.202425003051758,23.38358684602766,23.02796925559419,23.068228864910193,18700
2015-08-14,23.571456909179688,23.705653015700992,23.108480469660073,23.108480469660073,51700
2015-08-17,23.672103881835938,23.88681664487832,23.423842729489063,23.423842729489063,26400
2015-08-18,23.490936279296875,23.84655632386342,23.323191796252665,23.665391975026356,46600
2015-08-19,23.51106834411621,23.80629772521158,23.222547616409877,23.551325383605977,37700
2015-08-20,23.376869201660156,23.450677177235043,23.155445274935495,23.350029472437026,32200
2015-08-21,23.350032806396484,23.61171380474167,23.0011239554103,23.0011239554103,50900
2015-08-24,22.92732048034668,23.55133031898237,22.55828303674817,23.162164351420877,109700
2015-08-25,22.625375747680664,23.484226645953573,22.61866453527552,23.484226645953573,77200
2015-08-26,23.202425003051758,23.3164900567461,22.7193199295735,23.074937520006973,44700
2015-08-27,23.222545623779297,23.423838482689384,22.833377211585898,23.249385354187993,38400
2015-08-28,23.396995544433594,23.470803513149278,22.927310564987877,23.05479798716123,60900
2015-08-31,23.551326751708984,23.698942730620615,23.269517220599077,23.269517220599077,21600
2015-09-01,22.967578887939453,23.256099661034312,22.88706223671569,23.18900287827754,61200
2015-09-02,23.222545623779297,23.960620292975474,22.934024920829728,23.155446297757553,30800
2015-09-03,23.14874267578125,23.403715050921004,23.01454655415095,23.31648718792459,32900
2015-09-04,23.074934005737305,23.18229038798469,22.873641108970713,22.893769630773956,21200
2015-09-08,23.604999542236328,23.698936026031028,23.316478879394193,23.350027257952696,28600
2015-09-09,23.497652053833008,23.819721216655303,23.370167143417362,23.819721216655303,26100
2015-09-10,23.55803680419922,23.81971780150015,23.35003271321698,23.35003271321698,25600
2015-09-11,23.75435447692871,23.78820171533132,23.354950866068904,23.442955751818694,20100
2015-09-14,23.774658203125,23.903281302201798,23.62572986336315,23.727271561058277,22200
2015-09-15,23.930360794067383,24.092831147810024,23.706966962847254,23.706966962847254,47900
2015-09-16,23.8491268157959,23.957439523744267,23.65958022248092,23.957439523744267,31300
2015-09-17,23.63926887512207,24.072522272080217,23.375256821386294,23.84912586822468,43000
2015-09-18,23.74081802368164,23.79497567777797,23.15186773846901,23.28048829337917,75300
2015-09-21,23.544496536254883,23.96421053946694,23.422644416919596,23.700195892654715,26800
2015-09-22,23.436185836791992,23.5715773790324,23.233099814620818,23.3549519443993,18600
2015-09-23,23.510643005371094,23.639263504736007,23.348175278002564,23.537721820725167,27300
2015-09-24,23.76112174987793,23.84235821699509,23.307563095844298,23.503880684476155,28400
2015-09-25,23.70696449279785,23.977744944317845,23.652806853066817,23.923589886965203,22000
2015-09-28,23.673118591308594,23.84235735142403,23.476801009803836,23.66634759477199,30400
2015-09-29,23.666345596313477,23.842355338102713,23.558032902280992,23.74758205362158,17900
2015-09-30,24.038671493530273,24.248528478247927,23.740812216002574,23.8965115598724,34800
2015-10-01,23.673118591308594,24.126677228876268,23.510648245351216,24.126677228876268,48700
2015-10-02,23.253406524658203,23.564807831560103,22.799847849684767,23.524189596126266,48500
2015-10-05,23.558034896850586,23.761120892558722,23.07062902362676,23.375256725999698,53900
2015-10-06,23.42941665649414,23.666349910891935,23.26694629463651,23.497111134213853,35800
2015-10-07,23.578350067138672,23.788204519398988,23.28725913428172,23.463266344149638,43100
2015-10-08,23.90328025817871,24.11313464034315,23.456490093650988,23.578342191465655,49600
2015-10-09,23.734045028686523,24.03867273587446,23.490340797033305,24.031904321607907,27500
2015-10-12,24.018367767333984,24.079293832493562,23.53095924605735,23.67312178634896,16700
2015-10-13,23.727266311645508,24.06574372716792,23.706958493075042,23.889736607342474,18300
2015-10-14,23.178945541381836,23.65281208189205,23.090940648553236,23.65281208189205,17500
2015-10-15,23.490339279174805,23.77465914281281,23.17894059546316,23.23309565323203,43700
2015-10-16,23.673118591308594,23.87620458697141,23.442953774256456,23.585113712982576,22300
2015-10-19,23.91681671142578,24.004818984900147,23.578339277631777,23.578339277631777,25600
2015-10-20,23.977746963500977,24.14698572834459,23.77466096216437,23.9235919015879,19300
2015-10-21,23.23310089111328,24.04544759981648,23.165406408045932,24.04544759981648,36600
2015-10-22,23.524188995361328,23.761122240060974,23.05709092050545,23.321102988136108,45800
2015-10-23,23.713735580444336,23.828819286659982,23.341410803635945,23.605422871147738,30700
2015-10-26,23.470035552978516,23.713739838247655,23.260181093624986,23.625737521528695,23700
2015-10-27,23.063859939575195,23.632502324137707,22.921699989029257,23.402337487948625,30600
2015-10-28,23.76112174987793,23.80850839784029,23.063858859250082,23.063858859250082,66100
2015-10-29,23.82204818725586,23.896513658772918,23.591883358193446,23.693427652512828,32100
2015-10-30,23.334644317626953,23.72050853778516,22.83369638174181,23.72050853778516,57000
2015-11-02,23.17217254638672,23.45649502856443,23.050320422936093,23.321103493354983,40800
2015-11-03,23.571569442749023,23.89650748529568,23.145087132116156,23.219552584395643,28100
2015-11-04,23.571569442749023,23.69342153150127,23.35494408105125,23.618956079221785,32000
2015-11-05,23.828813552856445,24.255295872880257,23.503875503154802,23.503875503154802,26900
2015-11-06,24.09959602355957,24.24852694409007,23.700192485900917,23.700192485900917,61800
2015-11-09,23.930360794067383,24.221451682004723,23.781432434046852,24.201143856178895,34500
2015-11-10,24.153757095336914,24.255301388751157,23.612193556011153,23.86266620875332,63100
2015-11-11,23.91005516052246,24.37038485889184,23.849129095080073,24.167298834876856,27000
2015-11-12,23.70696449279785,23.964208116763484,23.470028692542165,23.849124423524227,23700
2015-11-13,23.727266311645508,24.106361946686597,23.503872560237145,23.503872560237145,33100
2015-11-16,23.95743751525879,23.95743751525879,23.605420598343468,23.652807242699527,21700
2015-11-17,23.96421241760254,24.167298438284828,23.82882087635473,23.86943653106387,22800
2015-11-18,24.322998046875,24.36361628436377,23.97774948416767,24.086064784137722,32500
2015-11-19,24.322998046875,24.35007687186751,24.241764154276346,24.268840396889974,11300
2015-11-20,24.458385467529297,24.66823986990766,24.336533357977398,24.37038059232438,27000
2015-11-23,24.458385467529297,24.519311522305244,24.302686123630416,24.37038059232438,8300
2015-11-24,24.580238342285156,24.661472223722484,24.119908710176073,24.322994704958663,18300
2015-11-25,24.702089309692383,24.749475953530755,24.363611806630644,24.519311148153633,17700
2015-11-27,24.932262420654297,25.148887888187115,24.6547082965999,24.66147929504864,10000
2015-11-30,24.844255447387695,25.033802070090577,24.71563231137155,24.939028758739138,28500
2015-12-01,24.796863555908203,25.08795442638388,24.6817798575818,24.918715668310977,19700
2015-12-02,24.559938430786133,24.817182178045265,24.499012348076853,24.817182178045265,21100
2015-12-03,24.025142669677734,24.73594515714953,23.876211690108274,24.58701417758007,34000
2015-12-04,24.350074768066406,24.383922005193266,23.950671172260662,23.998057820714,21300
2015-12-07,24.322998046875,24.35007687186751,23.93036283162022,24.24853256933503,39400
2015-12-08,24.031902313232422,24.289145934299164,23.89651079780896,24.241759291257708,29900
2015-12-09,23.882972717285156,24.302686696695776,23.74081278024858,23.95066976995389,29100
2015-12-10,23.679885864257812,23.97097672421806,23.58511257634116,23.815277382300927,31300
2015-12-11,23.379369735717773,23.864304919179446,23.31789889517549,23.365709259433995,45700
2015-12-14,23.481822967529297,23.74136421115024,23.20178970590808,23.345220804562217,29500
2015-12-15,24.028223037719727,24.11018327292732,23.427175233436635,23.577437835874633,30300
2015-12-16,24.431203842163086,24.48584314380091,23.90528721086765,24.08969973915069,29000
2015-12-17,23.932601928710938,24.827340777976048,23.90528098227581,24.444857949759704,31700
2015-12-18,23.345211029052734,23.78233568313137,23.290569144558674,23.78233568313137,70600
2015-12-21,23.679885864257812,24.58828774547969,23.3452134067846,23.652567524696842,31400
2015-12-22,23.7686767578125,23.77550829655278,23.31106267002172,23.65256665391405,23500
2015-12-23,23.69354820251465,23.864300214192966,23.46132536241338,23.85063974060243,29600
2015-12-24,23.823320388793945,23.95309097419845,23.63890791134408,23.659397318126683,16300
2015-12-28,23.877960205078125,23.925770558944027,23.563777135253936,23.659397842985744,22400
2015-12-29,24.192150115966797,24.335583823593616,23.987248169246556,23.987248169246556,25100
2015-12-30,24.192150115966797,24.301433933385177,24.02822960077845,24.103360922518778,24300
2015-12-31,23.877960205078125,24.349237415283284,23.877960205078125,24.171653867665174,54400
2016-01-04,23.290569305419922,23.68671515433254,23.06517804399636,23.64573374067895,59200
2016-01-05,23.468158721923828,23.720870989274545,23.222275389163507,23.42034836338367,34600
2016-01-06,23.638906478881836,23.79599800078964,23.12665049660778,23.12665049660778,35700
2016-01-07,23.119813919067383,23.48180983936663,23.092495586122684,23.31788681435798,31700
2016-01-08,23.092500686645508,23.54328584815071,22.94223809765422,23.19495032011975,62000
2016-01-11,23.037860870361328,23.36570441681708,22.880769333859753,23.058350277805783,48500
2016-01-12,22.880767822265625,23.358873939645516,22.67586594495102,23.358873939645516,48400
2016-01-13,22.245573043823242,23.08567267283968,22.05433161442833,23.08567267283968,66700
2016-01-14,22.047496795654297,22.539263375785037,21.97919703973333,22.505113497824553,49200
2016-01-15,21.576221466064453,21.99285673671359,21.098115375065955,21.583051701962635,47600
2016-01-19,21.460113525390625,21.856258152291527,21.18691055903388,21.80844779602091,72500
2016-01-20,22.484622955322266,22.69635638125714,21.309850922842134,21.309850922842134,108600
2016-01-21,23.304231643676758,23.584264812406875,22.573413310515992,22.76465731741929,109400
2016-01-22,23.256423950195312,23.61158845448361,23.024201105294075,23.461325847350757,81200
2016-01-25,22.498279571533203,23.372531466268182,22.43680875553987,23.372531466268182,43000
2016-01-26,22.9149169921875,23.256420978972614,22.37534006775454,22.696354649082515,44200
2016-01-27,22.99005889892578,23.413523308489577,22.78515693336071,22.79881741179436,47900
2016-01-28,22.955894470214844,23.386190149272988,22.942234000430815,23.140306904096906,39300
2016-01-29,23.795997619628906,23.877957845948707,22.95589813481228,23.07200823830961,64900
2016-02-01,23.755016326904297,24.164822671565364,23.60475634545034,23.77550833769196,43300
2016-02-02,23.52962875366211,23.72770172113563,23.331555786188588,23.61842053312766,29600
2016-02-03,23.290569305419922,24.58828541096373,23.08566744808892,23.638904807804256,48900
2016-02-04,22.935409545898438,23.638906941574646,22.867107183643796,23.31106341915849,67700
2016-02-05,22.368511199951172,23.201781763897795,22.368511199951172,22.93540907030008,85700
2016-02-08,23.21544075012207,23.222269683034476,21.767463361388618,22.26605753625154,37700
2016-02-09,23.017370223999023,23.194951158386697,22.798807871459385,22.99687821218866,49500
2016-02-10,22.887598037719727,23.21544418634793,22.67586721500557,23.201783713032682,30600
2016-02-11,22.525606155395508,22.662208292426566,22.266062355583408,22.450474849754976,22000
2016-02-12,22.9149169921875,23.085668985580057,22.539263127817602,22.70318618788066,34600
2016-02-16,22.90808868408203,23.324723976205966,22.880767739081083,23.222271735186773,48100
2016-02-17,23.031030654907227,23.338382171348375,22.49145370816192,23.15397230367119,49800
2016-02-18,22.7646541595459,23.30422841095456,22.675862404567432,23.003705878178323,42900
2016-02-19,22.949071884155273,23.194955225241166,22.75100150869761,22.764661983810072,36800
2016-02-22,22.9285831451416,23.33838698863001,22.90126219411723,23.242766265514,36100
2016-02-23,22.73733901977539,23.133482341074156,22.716847006187034,22.85344913974381,32100
2016-02-24,23.065181732177734,23.13348149371988,22.52560475740053,22.546094164769393,23100
2016-02-25,23.017370223999023,23.188122224762417,22.90125750863616,23.065180575775273,25400
2016-02-26,23.031030654907227,23.427173941115406,22.976388764137127,23.051520061211633,42400
2016-02-29,23.031030654907227,23.509134171801794,23.003709709522177,23.037859588519108,49600
2016-03-01,23.35203742980957,23.556941868975965,23.017365042711724,23.11298572473968,28400
2016-03-02,23.488649368286133,23.60476210619143,23.2564264979448,23.2564264979448,26600
2016-03-03,23.638906478881836,23.782337528606096,23.33155236842367,23.413512596056297,48400
2016-03-04,23.604761123657227,23.95992565207041,23.46815898111844,23.597929583522248,36900
2016-03-07,23.912105560302734,23.918937098401507,23.700374777671687,23.700374777671687,23900
2016-03-08,23.645736694335938,24.014561646883813,23.5023056368347,23.707207519760583,23100
2016-03-09,23.570602416992188,23.80282521641682,23.41351090642089,23.68671511943874,25800
2016-03-10,23.611589431762695,23.659399789562194,23.434008475002994,23.611589431762695,25200
2016-03-11,24.107799530029297,24.121583607576046,23.66671956470923,23.77009883178786,31700
2016-03-14,23.776992797851562,24.100912091754164,23.714965754956264,23.90793760883305,12900
2016-03-15,23.659828186035156,23.866584085429643,23.62536667859949,23.7149618656532,30200
2016-03-16,23.556446075439453,23.859687849307083,23.473744251483478,23.6253638238955,41300
2016-03-17,24.0319881439209,24.26631220145484,23.384152280877146,23.521990425728397,23100
2016-03-18,24.417936325073242,24.459288560461818,24.10091040755993,24.16293744612072,72500
2016-03-21,24.025102615356445,24.466182671032158,23.997534454615586,24.424830429920867,24700
2016-03-22,24.066444396972656,24.18360772747786,23.907931467854514,23.907931467854514,18800
2016-03-23,23.914831161499023,24.073344132647957,23.797667799927158,23.963074125368507,31100
2016-03-24,23.701189041137695,23.825243165480536,23.639161978966275,23.81145908177076,9600
2016-03-28,24.30767059326172,24.466183579842955,23.6805093728557,23.783886035907145,54800
2016-03-29,24.39726448059082,24.473072977763724,23.963075158010543,24.224967422476603,40900
2016-03-30,24.597124099731445,24.69361264902139,24.328341142176964,24.514422257955637,24000
2016-03-31,24.342124938964844,24.693612363271935,24.342124938964844,24.528206052590225,31400
2016-04-01,24.666040420532227,24.74874224865669,24.190498993468207,24.34212120256615,22800
2016-04-04,24.21807098388672,24.67982840793439,24.12847578894419,24.67982840793439,19800
2016-04-05,23.756319046020508,24.156046850914528,23.721857531405885,24.149156125418273,21200
2016-04-06,23.921722412109375,24.00442689116856,23.618480542692264,23.77699351732242,20500
2016-04-07,23.294559478759766,23.887261722008287,23.225641713795884,23.811450603121493,21100
2016-04-08,23.418615341186523,23.735641290618133,23.191184596261905,23.41172461578341,26800
2016-04-11,23.852806091308594,24.038887236932013,23.487537154924425,23.487537154924425,37600
2016-04-12,24.107799530029297,24.197394719561178,23.66671956470923,23.811448435384133,28900
2016-04-13,24.69361686706543,24.69361686706543,24.169832311911975,24.169832311911975,41400
2016-04-14,24.67983055114746,24.907261291543648,24.417938297288632,24.569560543582327,28100
2016-04-15,24.67983055114746,24.85212760228326,24.53509903011968,24.679830551147464,31200
2016-04-18,24.672937393188477,24.741857791617893,24.25253216442438,24.53509922537403,31800
2016-04-19,24.872800827026367,24.88658490572689,24.63847674720586,24.645367472034025,35700
2016-04-20,25.348342895507812,25.465506264657087,24.77631801732696,24.872803951306054,26200
2016-04-21,24.969284057617188,25.31387810085625,24.845229991727614,25.182933310881214,53200
2016-04-22,25.169147491455078,25.29320154875762,24.976175681892787,24.976175681892787,24900
2016-04-25,24.81766700744629,25.16226112247303,24.686722190192132,25.16226112247303,37500
2016-04-26,24.955509185791016,25.182942600163692,24.79010545628805,24.79010545628805,37200
2016-04-27,24.96240234375,25.169158318513546,24.82456415089268,24.996861234703115,37900
2016-04-28,24.810779571533203,25.162264458683545,24.741861791007977,24.810779571533203,45000
2016-04-29,24.721181869506836,24.87969485202252,24.569562241777874,24.803886352680312,39300
2016-05-02,24.803884506225586,24.96928820217045,24.72807338348238,24.831450036186833,35100
2016-05-03,24.686721801757812,24.762532926517952,24.417938816913242,24.728074041366366,36300
2016-05-04,24.604019165039062,24.810775098383388,24.431722115744734,24.63847804908906,25200
2016-05-05,24.411052703857422,24.728081376812277,24.342134913110172,24.728081376812277,29100
2016-05-06,24.3903751373291,24.535104058977005,24.266321024760927,24.266321024760927,30100
2016-05-09,24.30077362060547,24.604018096785637,24.266314738051598,24.397262172418205,28900
2016-05-10,24.583343505859375,24.64537055324437,24.41104644412822,24.41104644412822,30500
2016-05-11,24.30077362060547,24.659151783062985,24.28009881688199,24.466179937525943,15100
2016-05-12,24.10091209411621,24.41104467957877,23.983748733505017,24.349020265721723,33900
2016-05-13,23.99753189086914,24.183613012423432,23.866587084906147,23.99753189086914,43100
2016-05-16,24.459293365478516,24.60402227420424,23.963076959510705,23.963076959510705,40600
2016-05-17,23.742530822753906,24.50753004251877,23.60469267548244,24.50753004251877,54100
2016-05-18,24.486862182617188,24.659159276790504,23.783889722904657,23.783889722904657,54500
2016-05-19,24.052671432495117,24.49375150020791,23.901049173327124,24.355913321786517,39200
2016-05-20,24.431718826293945,24.604015852390457,24.183610688067937,24.183610688067937,34800
2016-05-23,24.328338623046875,24.65225786094041,24.21117791174982,24.4592860404305,38200
2016-05-24,24.810779571533203,24.99686073380508,24.23186127636897,24.23186127636897,45000
2016-05-25,24.81766700744629,25.182938557124864,24.755639961579696,24.790101476317936,25500
2016-05-26,24.666040420532227,24.810769277010966,24.631581544567343,24.769417048426877,42700
2016-05-27,24.831451416015625,24.84523549628437,24.59023658392378,24.700506597029264,19000
2016-05-31,24.865901947021484,24.989953356553134,24.75562935358299,24.859008595409914,36000
2016-06-01,24.98307991027832,25.07956586721562,24.824566891160593,24.845241702205687,38300
2016-06-02,24.93482780456543,24.976180040564024,24.741855961327015,24.976180040564024,27900
2016-06-03,24.583343505859375,24.741859116211213,24.39726499274891,24.741859116211213,25700
2016-06-06,24.907262802124023,25.05199170288499,24.548884598541253,24.548884598541253,24200
2016-06-07,24.900375366210938,25.120915423853724,24.817670872811245,25.065779094920593,21400
2016-06-08,25.141586303710938,25.24496558978265,24.859019234698636,24.859019234698636,40300
2016-06-09,24.921049118041992,25.093346195082948,24.65915682480721,25.00375097888912,43400
2016-06-10,25.148473739624023,25.21739149475586,24.666041566569675,24.666041566569675,47400
2016-06-13,24.807878494262695,25.176279739972216,24.80092872807367,25.09981905404061,54300
2016-06-14,24.606306076049805,24.87043964448554,24.5367951489056,24.703618722480943,22000
2016-06-15,24.495086669921875,24.780074789066916,24.48118448708916,24.731418474937538,25200
2016-06-16,24.251811981201172,24.495096299054477,24.015480083282377,24.279616357796627,24500
2016-06-17,23.876449584960938,24.363015339493643,23.876449584960938,24.32826121093489,60900
2016-06-20,24.300464630126953,24.57850305078396,24.17534760598839,24.182300024868805,51000
2016-06-21,24.57849884033203,24.696663425347843,24.279608517377362,24.342167018729977,14300
2016-06-22,24.43252944946289,24.745319299045146,24.39777266478007,24.57849839947733,23100
2016-06-23,24.814830780029297,24.93994778332997,24.634105041230352,24.634105041230352,42700
2016-06-24,23.528902053833008,24.349112182504065,23.46634356430488,24.02242020525267,68400
2016-06-27,23.007585525512695,24.376920077178262,22.931127495294742,23.29257365208788,51300
2016-06-28,23.16745376586914,23.876446378271734,22.93807177536207,23.24391177780181,49500
2016-06-29,23.563663482666016,23.70963243651412,23.236968789374153,23.250870973298323,35700
2016-06-30,24.09193992614746,24.098889694260578,23.56367004770088,23.570619815814,39700
2016-07-01,23.7513427734375,24.328271630573845,23.63317815541459,24.15449826178403,31300
2016-07-05,23.563663482666016,23.78609312231183,23.431594061171623,23.78609312231183,26400
2016-07-06,23.660980224609375,23.813898971171323,23.4941566401398,23.535863199149922,16700
2016-07-07,23.730487823486328,23.93901530940887,23.45940182662994,23.674881731306712,31200
2016-07-08,24.14059066772461,24.265707677358588,23.890356648456653,23.890356648456653,29300
2016-07-11,24.502042770385742,24.60630784280299,24.16144583185087,24.16839825084985,31900
2016-07-12,25.09981346130371,25.252734799093016,24.59934555695317,24.59934555695317,51800
2016-07-13,24.960805892944336,25.197137773990818,24.759228154375343,25.16933339938038,29600
2016-07-14,25.12067413330078,25.280545291267156,24.85653790851813,25.25969333853222,28800
2016-07-15,25.308351516723633,25.34310565768489,24.68971879227189,25.30140174915978,31800
2016-07-18,25.00250244140625,25.343096613477897,24.974698077931407,25.231881811148575,26400
2016-07-19,24.905197143554688,25.12762681361312,24.800932075652565,24.981655188235983,27300
2016-07-20,24.780071258544922,24.960794306481343,24.397767914039253,24.870431456728195,23400
2016-07-21,24.32826805114746,24.69666669027647,24.251807355878242,24.69666669027647,29400
2016-07-22,24.439485549926758,24.53679820849218,24.26571218775391,24.41863359496876,26900
2016-07-25,24.14059066772461,24.481187560966124,24.126688483146324,24.481187560966124,21500
2016-07-26,24.27960777282715,24.46033085365358,24.196197324104975,24.258755823539193,21200
2016-07-27,24.439485549926758,24.59240695714161,24.224005626266834,24.224005626266834,47100
2016-07-28,24.32826805114746,24.474237023077357,24.11974056959464,24.321318284109708,19200
2016-07-29,24.175342559814453,24.529841604735292,24.154490610667462,24.335213690272155,24400
2016-08-01,24.1058349609375,24.30046022920738,24.008522326802556,24.258756329761212,19000
2016-08-02,24.1058349609375,24.321314830500878,24.06412840992092,24.16144104405586,28600
2016-08-03,24.203149795532227,24.27265806864221,23.932063818204362,24.0641305977416,12300
2016-08-04,24.13363265991211,24.300453514743296,24.10582830025035,24.300453514743296,12900
2016-08-05,24.793977737426758,24.981653254178415,24.279610159577576,24.300462110915333,28600
2016-08-08,24.592395782470703,25.002500836911633,24.474228571070842,24.745314468628937,14800
2016-08-09,24.9399471282959,24.960799077774862,24.668861178787854,24.668861178787854,21700
2016-08-10,24.814830780029297,25.016408468854873,24.74531986065645,24.912143415580832,17300
2016-08-11,24.9399471282959,25.030307343751662,24.849584261269758,24.849584261269758,20300
2016-08-12,24.63410186767578,24.856531477872892,24.53678924466081,24.856531477872892,15000
2016-08-15,25.106765747070312,25.14847229381083,24.620199974711518,24.70361306819255,19200
2016-08-16,25.065067291259766,25.148477751271525,24.88434153440178,25.023360735468525,23200
2016-08-17,25.14151954650879,25.33614744383672,24.884335807247368,25.009452794254567,26800
2016-08-18,25.32919692993164,25.343099113040218,25.065063405579583,25.224934533972768,25500
2016-08-19,25.287494659423828,25.363955345656088,25.19018202297203,25.35700292786926,23200
2016-08-22,25.391759872436523,25.426516662076576,25.19713457799192,25.315299177741636,24300
2016-08-23,25.502975463867188,25.558584207688913,25.405662813750013,25.405662813750013,23800
2016-08-24,25.669795989990234,25.718452309260492,25.516874614243413,25.516874614243413,29400
2016-08-25,25.892229080200195,26.05905266244167,25.648947451484386,25.648947451484386,93200
2016-08-26,25.551631927490234,26.03124806505557,25.384810998262093,26.03124806505557,33200
2016-08-29,25.60028648376465,25.787959333846523,25.50297119835315,25.662842332745004,17400
2016-08-30,25.641996383666992,25.843574116121466,25.454320838096038,25.551633494709638,21600
2016-08-31,25.621137619018555,25.669793934392487,25.468216255517444,25.655891751204177,34200
2016-09-01,25.59333038330078,25.662838639879254,25.370900780365645,25.614182329960318,14400
2016-09-02,25.614187240600586,25.781010800569636,25.565530921353474,25.593335289943404,16500
2016-09-06,25.45431900024414,25.593338207470836,25.252743933914807,25.586388440316377,21400
2016-09-07,25.84356689453125,25.871371260528782,25.44041154227791,25.558578771982276,35600
2016-09-08,25.885278701782227,26.003443303919894,25.718455123479306,25.815767772668167,21500
2016-09-09,25.558584213256836,25.947837465381173,25.50992788818765,25.850522163671954,37100
2016-09-12,25.544675827026367,25.544675827026367,25.058110042864204,25.496019513767173,30100
2016-09-13,25.3062686920166,25.467544119843275,25.15901756333071,25.36236321371818,23700
2016-09-14,25.173046112060547,25.460537605825607,25.166032623875395,25.264200059571465,16700
2016-09-15,25.243167877197266,25.57273231377217,25.13097612695977,25.208108456784732,22500
2016-09-16,25.88125228881836,25.937349486912467,25.067861640485194,25.362363905894373,85000
2016-09-19,25.62882423400879,25.92332922009361,25.49559738010259,25.860221199851296,17700
2016-09-20,25.663877487182617,25.825155580627296,25.63583156537004,25.663877487182617,10800
2016-09-21,25.68492317199707,25.73400689384245,25.53065851770461,25.7129691024357,15900
2016-09-22,26.056556701660156,26.063567515250607,25.684922059537804,25.684922059537804,35600
2016-09-23,26.021495819091797,26.21081987372117,25.87424466822294,25.91631489712149,15000
2016-09-26,25.43950080871582,25.97241358737594,25.418465693063645,25.97241358737594,16800
2016-09-27,25.79010009765625,25.958389045907886,25.320298020009844,25.48157347986736,20500
2016-09-28,25.85320472717285,26.0635638787435,25.42547293655755,25.80412101430176,26700
2016-09-29,25.397432327270508,25.944366770807267,25.38340802424876,25.719983272183864,17000
2016-09-30,26.021495819091797,26.15472266870715,25.39742912505162,25.439499353950175,27700
2016-10-03,25.59375762939453,26.084597351779838,25.48857673357579,26.056548756246666,26800
2016-10-04,25.509618759155273,25.74802651110483,25.425472958564793,25.60778618498243,25700
2016-10-05,25.74101448059082,25.860219700743595,25.327306966287463,25.59376333351553,13300
2016-10-06,25.78308868408203,25.87424530704946,25.56571602157879,25.705956362714364,20900
2016-10-07,25.90228843688965,25.944361337143352,25.677904985260053,25.76906159837887,20500
2016-10-10,26.147716522216797,26.287956884919236,26.021500463270844,26.021500463270844,22500
2016-10-11,25.88125228881836,26.238862564652596,25.83917939024778,26.140695142849538,28800
2016-10-12,26.217830657958984,26.245879260435014,25.79009883221639,25.909304055308535,15800
2016-10-13,25.677907943725586,26.11265327185089,25.649862015186894,26.11265327185089,19800
2016-10-14,25.71297264099121,26.105645144655085,25.66388891239105,25.867237316513197,16100
2016-10-17,25.64284324645996,25.74101066328559,25.565710940422253,25.66387835724788,7600
2016-10-18,25.79711151123047,26.007470673479595,25.544679446586766,25.790098023400436,17300
2016-10-19,26.196794509887695,26.294961939818453,25.867230130952844,25.916313845918225,26700
2016-10-20,26.028501510620117,26.28093353378785,25.97240699150586,26.252884936800005,20500
2016-10-21,25.818140029907227,26.021488327244086,25.726983435435322,25.76905632708263,24700
2016-10-24,25.92332649230957,26.20380447231384,25.82515906556499,26.021493919054155,19900
2016-10-25,25.91630744934082,26.11965574678584,25.888258854894364,25.958380341010503,20700
2016-10-26,25.79010009765625,26.091615901913116,25.71998126288762,25.71998126288762,17400
2016-10-27,25.811138153076172,26.042532450078912,25.741016642725256,26.000462218730476,23700
2016-10-28,25.551687240600586,25.783084164138188,25.467544120614896,25.741011266714565,24900
2016-10-31,25.62882423400879,25.734005159366664,25.523645983512964,25.558705400344905,32400
2016-11-01,25.523651123046875,25.7690697651509,25.418470176509388,25.628829394721777,19100
2016-11-02,25.208101272583008,25.523641316092867,25.17304186216226,25.418460409969065,13400
2016-11-03,25.59375762939453,25.663876443366163,25.137977313995044,25.313277023785417,21200
2016-11-04,25.27822494506836,25.62882446628945,25.27822494506836,25.62882446628945,30100
2016-11-07,25.769058227539062,25.874239126983777,25.27821848823271,25.27821848823271,24500
2016-11-08,25.663877487182617,25.944358104199605,25.59375867035907,25.698939570455792,19600
2016-11-09,26.926040649414062,27.03121888660434,25.734001903892295,25.734001903892295,56900
2016-11-10,27.83760643005371,27.977846793213008,26.785807718652656,27.171466711193887,70500
2016-11-11,29.0646915435791,29.169869761371444,26.94707079205311,27.837593611973265,85300
2016-11-14,29.450349807739258,29.927165209091548,28.854331893479475,29.380230997189106,50200
2016-11-15,29.16988182067871,29.24000333639087,28.608923069293027,29.24000333639087,48900
2016-11-16,29.240001678466797,29.485420282388187,28.538802610277482,29.0997613298565,38100
2016-11-17,29.34517478942871,29.836014586087103,29.16987505311226,29.20493714026491,27600
2016-11-18,29.555540084838867,29.66071833406719,28.994578722839762,29.310118820248757,52200
2016-11-21,29.906139373779297,29.94119878992511,29.27505918370669,29.695777527180436,27400
2016-11-22,29.906139373779297,30.011317622216737,29.660718111034623,29.94119878992511,47600
2016-11-23,30.46710205078125,30.5372208922651,29.906143294323407,29.94120271506533,20500
2016-11-25,30.361913681030273,30.64239432802809,30.18661394537206,30.50215400452918,11100
2016-11-28,29.730836868286133,30.291795499320227,29.520475041144323,30.291795499320227,43900
2016-11-29,29.906139373779297,30.396976549544668,29.800958450479868,29.800958450479868,28800
2016-11-30,29.625659942626953,30.36191841214585,29.34517925192351,30.081440396304515,51000
2016-12-01,29.97625732421875,30.186616489767204,29.625657823350696,29.625657823350696,32600
2016-12-02,29.695781707763672,30.081443364247185,29.625662865600688,29.976262426140345,24400
2016-12-05,30.11650276184082,30.15156218289497,29.80096262262875,29.90614356065356,37100
2016-12-06,30.432043075561523,30.5372213393271,30.011321995912066,30.151562355795217,42000
2016-12-07,30.642391204833984,31.1682903582069,30.326851177837955,30.326851177837955,61000
2016-12-08,31.098182678222656,31.25946084409901,30.74758308692426,30.782645185944183,76800
2016-12-09,31.589021682739258,31.90456184030822,30.99300346555763,31.168303255888993,63700
2016-12-12,31.203350067138672,31.589008915018656,30.887810037105428,31.37864978661698,56300
2016-12-13,31.111539840698242,31.570621536933153,30.970283726915483,31.217482599594387,69200
2016-12-14,30.934968948364258,31.35873727021022,30.758399487820814,30.97028230162572,68800
2016-12-15,31.217487335205078,31.71188246132505,31.040917839750566,31.040917839750566,64800
2016-12-16,31.39405059814453,31.711876165713555,31.182167784510565,31.182167784510565,121400
2016-12-19,31.711870193481445,31.81781023322888,31.358731339185372,31.42935803235033,52500
2016-12-20,32.841922760009766,32.877236116603356,31.853132609970825,31.888448660800822,329800
2016-12-21,33.23037338256836,33.3928169700342,32.3828393962036,32.841921091303426,38900
2016-12-22,33.61882781982422,33.795397299327995,33.09618366926545,33.26568886081667,41900
2016-12-23,33.86602783203125,33.936654548483006,33.534076337387624,33.689458346665326,38600
2016-12-27,34.39573287963867,34.57230234750721,33.85896018854601,33.97196454021242,41900
2016-12-28,34.960758209228516,35.06670097846625,34.07791077970254,34.46636310984666,74000
2016-12-29,34.925437927246094,35.10200737814801,34.25447347497161,34.925437927246094,47300
2016-12-30,35.03137969970703,36.26736591665164,34.466357967951005,34.96075299357608,70100
2017-01-03,35.10200119018555,35.27857060996089,34.6782329661834,35.27857060996089,83700
2017-01-04,35.31389236450195,35.59640458111244,34.9960667943742,35.17263625619671,75100
2017-01-05,34.28978729248047,35.03137845750337,33.866021682249105,35.03137845750337,131700
2017-01-06,34.28978729248047,34.572299495458736,33.90133503406238,34.2544739406672,57200
2017-01-09,33.830711364746094,34.21916365800486,33.68945525058756,34.21916365800486,39700
2017-01-10,34.431053161621094,34.466366523452315,33.406949503094744,33.83071792777986,42500
2017-01-11,34.60761642456055,34.67824313548757,34.14853472082593,34.36042024207964,48300
2017-01-12,34.431053161621094,34.5723093031828,33.90134465144231,34.431053161621094,62800
2017-01-13,34.85481262207031,35.20795156533034,34.57230308400408,34.57230308400408,43900
2017-01-17,34.50166320800781,34.78417535457163,34.04258433763599,34.67823262605132,70200
2017-01-18,34.28978729248047,34.62880031951277,33.866021682249105,34.219160588853924,149400
2017-01-19,32.17095947265625,33.79539818795732,32.10033275669223,33.79539818795732,135400
2017-01-20,33.124427795410156,33.19505449323334,32.38283399708756,32.63003282794037,100300
2017-01-23,32.877235412597656,33.371630477030564,32.63003922749938,32.983178174346264,52000
2017-01-24,32.80659484863281,33.195046987296685,32.524082732748965,32.912534871412845,102900
2017-01-25,33.124427795410156,33.33631058311555,32.80660226673416,33.053798403351145,73900
2017-01-26,33.15974426269531,33.230370967160304,32.841918704130705,33.053801511761755,31400
2017-01-27,33.51288604736328,33.83071163318277,32.84192152046354,33.124433751022266,57600
2017-01-30,32.559410095214844,33.265687994844114,32.488783382946465,33.265687994844114,40200
2017-01-31,32.665348052978516,32.77129080003392,32.31220915510848,32.488778604043496,44900
2017-02-01,32.13563919067383,32.91254367583091,32.10032584030049,32.771290274337574,38600
2017-02-02,31.923757553100586,32.135640357268336,31.782501452243412,32.10032700561305,41100
2017-02-03,32.735965728759766,32.877221787807265,31.888434762945266,32.20625752800809,38900
2017-02-06,32.34751892089844,32.87722720899471,32.31220557387249,32.453461656211964,26700
2017-02-07,32.13563919067383,32.59472082823497,31.923756394197888,32.524091433252366,29400
2017-02-08,31.817825317382812,32.10033761244699,31.570629079879343,31.959081464914902,33500
2017-02-09,32.52408981323242,32.52408981323242,31.817812064001597,31.817812064001597,30800
2017-02-10,32.559410095214844,32.80660897662691,32.31221390803915,32.70066621398797,30700
2017-02-13,32.841922760009766,33.15974835782489,32.45347044900747,32.45347044900747,25600
2017-02-14,33.124427795410156,33.15974114432175,32.55940343588136,32.63003282794037,26600
2017-02-15,33.40694808959961,33.40694808959961,32.84192624149647,33.05380909775556,28900
2017-02-16,33.1950569152832,33.33631301547204,33.018487463606164,33.33631301547204,30200
2017-02-17,33.053802490234375,33.1597452443041,32.84191967633108,33.1597452443041,49800
2017-02-21,33.1950569152832,33.1950569152832,32.94786076062975,33.1950569152832,18200
2017-02-22,33.37162780761719,33.37162780761719,32.877232782731184,32.947862182992694,50800
2017-02-23,33.300994873046875,33.47756429932128,33.159738793180225,33.47756429932128,57600
2017-02-24,33.124427795410156,33.30099723420395,32.94785835661636,32.94785835661636,27400
2017-02-27,32.877235412597656,33.0538048860211,32.45346975407594,32.983178174346264,72000
2017-02-28,32.41815185546875,33.089113605066586,32.20626636166315,32.841917454608016,47700
2017-03-01,33.053802490234375,33.34337629789064,32.94786243040081,33.12443189102624,25600
2017-03-02,32.382843017578125,33.074997781382365,32.29809041773464,33.01849425199566,30100
2017-03-03,32.45346450805664,33.15974228758242,32.276895063175196,33.15974228758242,24000
2017-03-06,32.559410095214844,32.66535285785378,32.17095778926602,32.453470026812276,24100
2017-03-07,32.559410095214844,32.73597957012216,32.41815667067809,32.70066621398797,30200
2017-03-08,32.31221389770508,32.806608966134725,32.27690054158219,32.73597955965256,43300
2017-03-09,32.382843017578125,32.7359819935353,32.31221630008132,32.630041917290086,38300
2017-03-10,32.382843017578125,32.77129804652027,32.02970404162095,32.59472855854168,52300
2017-03-13,32.29037094116211,32.78823790937218,32.25480668928583,32.39705555727649,38600
2017-03-14,32.539310455322266,32.64599780437901,32.14812803073421,32.21925112132404,23500
2017-03-15,32.61043167114258,33.00161678641344,32.5393085846416,32.5393085846416,43200
2017-03-16,32.930484771728516,33.14385670413331,32.78823591240154,32.85936169865069,44300
2017-03-17,33.463924407958984,33.49948595347612,32.78824419044544,32.823808449134575,233600
2017-03-20,32.930484771728516,33.3216670999992,32.85936169865069,33.25054402692138,32500
2017-03-21,31.50801658630371,33.094085745994605,31.436893479408113,33.03718780311265,87400
2017-03-22,31.081268310546875,31.61469967956139,30.867896305575517,31.330201864151416,62700
2017-03-23,31.614694595336914,31.82806656599413,31.116824855022195,31.116824855022195,43400
2017-03-24,31.50801658630371,31.97743614606347,31.330206105892096,31.600478795806083,26100
2017-03-27,31.365760803222656,31.40132506206922,30.761206387239362,31.01013992013318,38900
2017-03-28,31.436885833740234,31.579134726108137,31.11682650420545,31.11682650420545,55900
2017-03-29,31.97031593322754,32.14812636365353,31.685818159277215,31.72137970272804,33600
2017-03-30,33.10830307006836,33.250551963348094,31.97031735017443,32.00587889520137,46200
2017-03-31,32.539310455322266,33.10830331955689,32.25481266661896,33.00161868367214,74700
2017-04-03,32.148128509521484,32.64599829058113,31.899192262405645,32.64599829058113,44400
2017-04-04,31.863636016845703,32.112572305370136,31.579140889753834,32.00588493697788,54500
2017-04-05,31.2235107421875,32.32593480019608,31.187946487758445,32.14812438073755,54700
2017-04-06,31.97031593322754,32.005877476678364,31.081263781097583,31.18794841145007,46500
2017-04-07,32.25482177734375,32.3615091565355,31.75695457624295,31.792516131582612,95900
2017-04-10,31.828073501586914,32.3828412888184,31.259080551455593,32.36150490105485,47300
2017-04-11,32.29037094116211,32.3259324798669,31.508003523799243,31.721375469199483,44500
2017-04-12,32.041446685791016,32.21925715875675,31.543576818852458,32.1836956067981,36800
2017-04-13,30.974578857421875,31.92053172351197,30.974578857421875,31.863631079007877,39100
2017-04-17,31.045700073242188,31.244846873220443,30.796763860097705,31.045700073242188,78300
2017-04-18,30.867902755737305,31.116836361359052,30.4767174995134,30.761215374372092,83100
2017-04-19,30.547836303710938,31.387101857157504,30.441148946866708,30.86789566107144,77200
2017-04-20,30.867902755737305,30.90346431180144,30.4767174995134,30.725653818307958,83700
2017-04-21,31.187944412231445,31.330193280966085,30.51226703379202,30.690077441417447,135600
2017-04-24,32.076995849609375,32.254806253904704,31.472441560273825,31.72137504101871,71400
2017-04-25,31.93476104736328,32.64600291734311,31.330203829976977,32.290381982353196,72000
2017-04-26,33.143856048583984,33.3572306899398,31.614688302285398,31.75693715879885,58300
2017-04-27,32.75267791748047,33.214986081990695,32.574867502387555,33.143860288050554,30200
2017-04-28,31.97031593322754,32.788242285283985,31.93475438977671,32.6815576549315,42900
2017-05-01,32.18368911743164,32.4326226441209,31.828068243205877,32.11256602785527,39300
2017-05-02,32.005882263183594,32.50375208546757,31.721384446686393,32.18369272020128,34900
2017-05-03,32.041446685791016,32.11257250288081,31.685825739859546,31.75695155694934,44200
2017-05-04,32.18368911743164,32.382835938783046,31.863629787994064,32.21925066221983,30600
2017-05-05,31.721393585205078,32.325950941133634,31.579147349149455,32.29038938211973,43400
2017-05-08,31.89919662475586,32.04144554067919,31.47245259015827,31.57913995539387,42400
2017-05-09,32.005882263183594,32.21925426897037,31.82807180616591,32.005882263183594,59600
2017-05-10,31.792509078979492,32.00588107685744,31.614698628552503,31.756947531528525,34500
2017-05-11,31.01013946533203,31.650258130773775,31.01013946533203,31.614696585620784,31500
2017-05-12,30.761215209960938,30.83233832170907,30.29890684407969,30.83233832170907,27900
2017-05-15,31.045700073242188,31.259072032243413,30.796763860097705,30.90345119618415,14100
2017-05-16,31.045700073242188,31.116823155185376,30.72564077815452,30.939012737155743,41900
2017-05-17,29.943275451660156,30.533607384045617,29.801029277604155,30.37002211334373,46400
2017-05-18,30.014404296875,30.547835643218136,29.630333076346627,29.83659384809395,33800
2017-05-19,29.836593627929688,30.33446342347726,29.765467821038825,29.978842528539293,35900
2017-05-22,30.22777557373047,30.263337120006327,29.72990578635226,29.94327777717947,51100
2017-05-23,30.761215209960938,30.867902590755932,29.9788501280403,30.19222217645749,26900
2017-05-24,31.01013946533203,31.223514162593933,30.5478339519992,30.5478339519992,55500
2017-05-25,30.832332611083984,31.152391981016226,30.47671169186423,31.152391981016226,37900
2017-05-26,30.40558624267578,30.65451978161599,30.227775796812182,30.65451978161599,38200
2017-05-30,29.87215232849121,30.29889627648663,29.6587803544935,30.29889627648663,32700
2017-05-31,29.51653289794922,29.872153776237766,29.210698725567312,29.872153776237766,31700
2017-06-01,30.263330459594727,30.298891998044134,29.303155355603405,29.694337704889815,37600
2017-06-02,30.22777557373047,30.81810755196356,29.552095341800904,29.907716230903613,31500
2017-06-05,29.943275451660156,30.33446056982973,29.943275451660156,30.15665013908787,20600
2017-06-06,29.62322998046875,30.08553564624761,29.40985521284618,29.76547620798663,26100
2017-06-07,29.978849411010742,30.156659899301026,29.552102611210426,29.9432851428145,15100
2017-06-08,30.93901252746582,31.436882237208792,30.014398902612665,30.085521984073814,35500
2017-06-09,32.148128509521484,32.254813146995104,29.978841656160192,31.152388947402187,37100
2017-06-12,31.721393585205078,32.78825663466049,31.54358307696251,32.14814043289107,31000
2017-06-13,31.735719680786133,32.02227355247469,31.484987092643838,31.878996616630413,22500
2017-06-14,31.556625366210938,31.843179248542302,31.270074216659925,31.48498826201827,50800
2017-06-15,31.556625366210938,32.05809329390065,31.305892768756255,31.305892768756255,20100
2017-06-16,31.664073944091797,31.95062500485428,31.198424712780938,31.270064527556187,80200
2017-06-19,31.59244155883789,31.986453800811955,31.198432049643976,31.73571848930299,24600
2017-06-20,30.91187286376953,31.449159163375402,30.87605159090559,31.341700810342452,13200
2017-06-21,30.410404205322266,31.090967377928266,30.37458566629655,30.940525141573296,19600
2017-06-22,30.44622039794922,30.517857470479793,30.19548791131306,30.338762056374208,12900
2017-06-23,30.30294418334961,30.517858138424305,30.088030228274917,30.41040252727656,45900
2017-06-26,30.553680419921875,30.840231458583112,30.159668300996312,30.55368041992187,18800
2017-06-27,30.7327823638916,31.484982757529536,30.589505447774883,30.589505447774883,19800
2017-06-28,31.270065307617188,31.664074733981728,30.696957706236496,30.84023460658167,17800
2017-06-29,31.556625366210938,32.09391184599698,30.911883230135896,31.48498826201827,31500
2017-06-30,31.341711044311523,31.59244363955388,31.16261555262974,31.59244363955388,25700
2017-07-03,32.16553497314453,32.308809107099705,31.4133321059852,31.664067305964622,14300
2017-07-05,31.735719680786133,32.20136903908497,31.305891606033555,32.20136903908497,15200
2017-07-06,31.807348251342773,32.30881325004641,31.628252828154537,31.69988990431812,29400
2017-07-07,32.4879035949707,32.59536192519828,31.735703481714207,32.093894272101004,34300
2017-07-10,31.198429107666016,32.23718333960941,31.16261056162243,32.23718333960941,25700
2017-07-11,30.983510971069336,31.270064766803756,30.661138634063,31.198424951480387,28000
2017-07-12,31.198429107666016,31.305887478576672,29.586569940685546,30.94769655258101,13200
2017-07-13,31.305879592895508,31.305879592895508,31.05514436818865,31.162602712031475,10300
2017-07-14,31.198429107666016,31.449164395530914,30.911878006537425,30.911878006537425,27600
2017-07-17,31.05514907836914,31.449161243700434,30.911874908553706,31.23424452341805,24700
2017-07-18,30.947689056396484,31.30587989563075,30.76859363677935,30.76859363677935,11400
2017-07-19,30.58949851989746,31.219915168367,30.25279825319567,30.91187082495457,18000
2017-07-20,30.69696044921875,31.090972643570538,30.41040935570269,30.41040935570269,22900
2017-07-21,30.30294418334961,31.019325855451395,30.26712564630036,31.019325855451395,24200
2017-07-24,30.58949851989746,30.696954133063656,30.231307677118284,30.338763290284483,22500
2017-07-25,31.270065307617188,31.484979291745155,30.661139164345098,30.825906643269196,31000
2017-07-26,31.05514907836914,31.449161243700434,30.911874908553706,31.449161243700434,27400
2017-07-27,30.876047134399414,31.305877751712003,30.790082104048512,31.198419414189097,14100
2017-07-28,30.62532615661621,30.87605872794432,30.482049230380124,30.840240179580313,12400
2017-07-31,30.947689056396484,31.162603013381197,30.632479368891623,30.911870519028902,29300
2017-08-01,31.270065307617188,31.377520933291382,30.93336500172297,31.126788407272013,22000
2017-08-02,31.019329071044922,31.305882862702685,30.840233634453693,31.305882862702685,31800
2017-08-03,30.84023666381836,31.019332118001717,30.69695975391572,30.84023666381836,65000
2017-08-04,31.05514907836914,31.413339968466957,30.80441654841251,31.090970353602614,18700
2017-08-07,30.7327823638916,31.126791833627674,30.696961085277515,30.911877825842534,16900
2017-08-08,30.76859474182129,31.484976446018386,30.417566504341803,30.517859505684704,31900
2017-08-09,30.553680419921875,30.911871267832893,30.052212686290584,30.052212686290584,39000
2017-08-10,30.374588012695312,30.768597437973618,30.26712965453779,30.30294819633044,38900
2017-08-11,29.980575561523438,30.625320238605905,29.801480121531593,30.625320238605905,35300
2017-08-14,30.7327823638916,30.876056547228448,30.088037607756302,30.088037607756302,34500
2017-08-15,30.267127990722656,30.876051366063297,30.231309450898987,30.80441428641596,25500
2017-08-16,30.30294418334961,30.6611350194005,30.195488572201867,30.30294418334961,30300
2017-08-17,29.873123168945312,30.381753617679983,29.83730462362791,29.980578804897515,42100
2017-08-18,29.69402503967285,30.08803446829701,29.69402503967285,29.69402503967285,65300
2017-08-21,29.873123168945312,30.016400082994753,29.45045777552837,29.765664800213273,21600
2017-08-22,29.873123168945312,30.06654659299508,29.83730462362791,29.873123168945312,20000
2017-08-23,29.944761276245117,30.410410579520263,29.72984726426425,29.72984726426425,51800
2017-08-24,30.052209854125977,30.159665458704932,29.873114447048682,30.159665458704932,14600
2017-08-25,30.088043212890625,30.231320155698565,29.80148932727475,30.088043212890625,23700
2017-08-28,30.195499420166016,30.231317970083353,29.944764105184287,30.088041037633822,18800
2017-08-29,29.9089412689209,30.123855270405087,29.62238744508878,29.837304179352767,23400
2017-08-30,30.267127990722656,30.338765070369995,29.837300047279783,29.873118587103452,18700
2017-08-31,30.482040405273438,30.696954366016026,30.19548936854308,30.37458479129178,43100
2017-09-01,30.44622039794922,30.87604829869096,30.231306447578348,30.44622039794922,16000
2017-09-05,29.837305068969727,30.37459145508961,29.80148379033783,30.37459145508961,22000
2017-09-06,29.873123168945312,30.231314087678996,29.801483345530674,30.002072118311826,16400
2017-09-07,29.01346206665039,29.76566238848911,28.94182498181989,29.76566238848911,23500
2017-09-08,29.264198303222656,29.62238923830631,28.891682135582023,28.891682135582023,22300
2017-09-11,30.195499420166016,30.33877361983536,29.837308455432282,30.016403937799147,15300
2017-09-12,30.69696044921875,30.876055907458717,30.41040935570269,30.482046445886752,17400
2017-09-13,31.019329071044922,31.05514761180727,30.661138197862467,30.661138197862467,24000
2017-09-14,30.571767807006836,31.149276860712753,30.412955295628237,31.149276860712753,24200
2017-09-15,30.283016204833984,30.716145243790685,30.030355303969852,30.607864360935146,87700
2017-09-18,30.752235412597656,30.89661266060037,30.174729174353782,30.174729174353782,30500
2017-09-19,31.14928436279297,31.25756527111606,30.680058832089145,30.680058832089145,27200
2017-09-20,31.726768493652344,32.01552013325077,31.004885264007314,31.149262460689517,38700
2017-09-21,31.97944450378418,32.12382178164621,31.546315423965623,31.85672560755035,24700
2017-09-22,31.907241821289062,32.0155226620289,31.582393791537154,31.582393791537154,21000
2017-09-25,31.907241821289062,32.07327464676977,31.257545761785245,31.6184874051171,26200
2017-09-26,32.08770751953125,32.304271920198424,31.510201533163535,32.08770751953125,41500
2017-09-27,33.278831481933594,33.53149238374286,32.23210250824484,32.340383391505426,49600
2017-09-28,33.6397705078125,33.784147760751836,33.02617062502917,33.314925130907824,30800
2017-09-29,33.56758499145508,33.92852676555675,33.4593013577177,33.74805587850591,47900
2017-10-02,34.00070571899414,34.03680209060662,33.34379196063831,33.67586040461404,44000
2017-10-03,33.85633850097656,34.14509025937275,33.531490363234624,34.14509025937275,45000
2017-10-04,33.603668212890625,33.820232659540004,33.33657215381527,33.820232659540004,39400
2017-10-05,33.748050689697266,33.96461517010774,32.48475467457491,33.60367345150135,30800
2017-10-06,33.82024002075195,34.036807268305054,33.314923786506576,33.71195915074235,60600
2017-10-09,33.82024002075195,34.54212350255043,33.56758190362927,34.54212350255043,31800
2017-10-10,34.217281341552734,34.217281341552734,33.733617931517195,34.03681045421072,28700
2017-10-11,34.036808013916016,34.32555976070064,33.82024076161879,34.253372512446234,33700
2017-10-12,33.9646110534668,34.54211718248771,33.856330203269,34.54211718248771,32600
2017-10-13,33.928524017333984,34.25337213846611,33.856336769867724,34.10899488976661,14900
2017-10-16,34.14506912231445,34.383291860445574,33.11277609794374,33.856317542666154,28000
2017-10-17,33.603668212890625,34.46992875325448,33.53148098192961,34.14508070639724,22300
2017-10-18,35.624942779541016,35.91369722557484,33.74804714162058,34.650401343268186,60500
2017-10-19,36.346839904785156,36.5634071982041,35.32176646534362,35.624956270102096,68800
2017-10-20,36.599483489990234,36.88823515480535,36.34682268529001,36.7438606992809,77900
2017-10-23,35.94978713989258,36.63557681325854,35.01133941759683,36.63557681325854,37200
2017-10-24,36.67167282104492,36.77995642266505,35.84150863910066,36.16635393642829,63400
2017-10-25,36.419010162353516,36.96042259463697,36.13025576362926,36.63557458451369,70200
2017-10-26,36.45511245727539,36.70777055101716,36.34682884351938,36.63558331102428,25400
2017-10-27,36.45511245727539,36.5633960710314,36.23854798353006,36.45511245727539,37900
2017-10-30,34.97524642944336,36.419013029182885,34.72258562222919,36.419013029182885,29600
2017-10-31,34.86697006225586,35.48057264662895,34.802000441646165,35.22791178702821,44100
2017-11-01,35.01134490966797,35.51666384056084,34.50602597877511,35.227909378974445,25600
2017-11-02,35.40837860107422,35.58884944282665,34.83087245821973,35.01134329997216,27500
2017-11-03,34.97524642944336,35.40837530785872,34.86696283295639,35.40837530785872,26300
2017-11-06,34.903053283691406,35.80540732674202,34.635957258002904,35.011336870363884,27600
2017-11-07,34.217281341552734,34.99691414291129,34.10899770764065,34.866974883723664,41600
2017-11-08,33.314910888671875,34.00069772786518,32.91787292438201,34.00069772786518,67100
2017-11-09,33.13444519042969,33.56757407701367,32.55693633662931,33.17053880535064,15200
2017-11-10,33.278831481933594,33.56758601149639,33.13445697091947,33.24273785418006,19900
2017-11-13,33.45928955078125,33.56757314630809,32.953973448365936,32.990067062286144,31700
2017-11-14,33.784141540527344,34.36164769218909,33.2066353888656,33.2066353888656,35500
2017-11-15,33.6397705078125,33.892431388898096,33.49539600864023,33.60367688301943,18900
2017-11-16,34.036808013916016,34.28946613657344,33.856337139512995,34.000711636021805,40800
2017-11-17,34.036808013916016,34.21727888831903,33.278828138409736,33.82024076161879,34900
2017-11-20,34.794776916503906,34.794776916503906,34.0367999738124,34.0367999738124,35100
2017-11-21,35.15572738647461,35.19182101111722,34.46993750319686,34.86697288179965,38800
2017-11-22,34.86697006225586,35.264005408752084,34.794782818808116,35.264005408752084,31600
2017-11-24,34.5421142578125,35.22790393273195,34.39773980310627,35.04743311058295,18200
2017-11-27,35.01134490966797,35.119628521204525,34.21727427095535,34.39774512100519,37900
2017-11-28,36.02198028564453,36.09416751917631,34.866965272771026,35.01134249360102,28500
2017-11-29,37.2852783203125,37.465749168419016,36.13026324017085,36.13026324017085,61000
2017-11-30,35.91370391845703,37.35747091015379,35.76932666853396,37.35747091015379,53500
2017-12-01,35.73322296142578,36.09416460750079,34.28945637712575,35.913693784463284,28700
2017-12-04,36.1663703918457,36.74387952489339,36.1663703918457,36.31074767510763,29300
2017-12-05,35.55276107788086,36.38292817409957,35.51666745495112,36.38292817409957,24500
2017-12-06,35.624942779541016,35.877603608262234,35.51666192760319,35.588849162228406,23600
2017-12-07,35.26400375366211,35.76932269538,35.0835328997462,35.44447460757802,25800
2017-12-08,34.72258758544922,35.48056729618175,34.68649396916824,35.48056729618175,18600
2017-12-11,34.469940185546875,34.830881967594486,34.289469294523066,34.686504704021985,42700
2017-12-12,34.5421142578125,34.79477506108083,34.32554982198694,34.433833416782825,32800
2017-12-13,34.72258758544922,35.15571924212015,34.36164591510664,34.61430673660629,41600
2017-12-14,34.34461975097656,35.07149001025649,34.23558810296858,34.9261154038425,21400
2017-12-15,35.58030319213867,35.90739539505037,34.34462307713349,34.380966039059174,104100
2017-12-18,35.98007583618164,36.37985390202569,35.6893266395006,35.87104419422879,45000
2017-12-19,35.25320816040039,35.907392513730024,35.07149059256328,35.907392513730024,18100
2017-12-20,35.03515625,35.507620378898956,34.9988132820525,35.507620378898956,21300
2017-12-21,35.398582458496094,35.68932890080926,35.14417620208331,35.14417620208331,21300
2017-12-22,35.28955841064453,35.54396472185383,35.10784080526244,35.507618982544926,26000
2017-12-26,34.85342788696289,35.68932698308596,34.85342788696289,35.32589187013075,17100
2017-12-27,34.74440002441406,34.998806294837955,34.59902540885614,34.926117600663915,13600
2017-12-28,34.85342788696289,35.434923513133256,34.635367373747734,34.81708493022534,17300
2017-12-29,34.2355842590332,35.43492116130079,33.98118080596537,34.853425573724564,27100
2018-01-02,34.671714782714844,35.07149290374352,34.199247966087185,34.45365424149832,38300
2018-01-03,34.27193069458008,34.671708746003155,34.16289905656027,34.56267710798335,22100
2018-01-04,34.41731262207031,34.81709356368507,33.043527998093936,34.344626690571566,30300
2018-01-05,34.70806121826172,34.70806121826172,34.16290842425761,34.453657690175994,42200
2018-01-08,34.671714782714844,34.85343236252699,34.30827962309056,34.526340164307086,16200
2018-01-09,34.78073501586914,35.07148418036623,34.70804911113964,34.70804911113964,21400
2018-01-10,35.4349250793457,35.76201725002073,34.744397779651734,34.744397779651734,22000
2018-01-11,36.379859924316406,36.41620288672026,35.47127200026859,35.980081792293426,34300
2018-01-12,36.48888397216797,36.67060151906842,36.16179183318922,36.48888397216797,36600
2018-01-16,35.72568130493164,36.85232987150302,35.616649635706125,36.416205967391484,30300
2018-01-17,35.87104034423828,36.17632724526632,34.88976676314076,36.17632724526632,41800
2018-01-18,35.54396057128906,35.94373870188837,35.180525402964186,35.94373870188837,33600
2018-01-19,35.76202392578125,36.21995305020874,35.18052816536011,35.50761762430353,61300
2018-01-22,35.72568130493164,36.125459470774324,35.543963704749466,35.762024270409974,22100
2018-01-23,35.83470916748047,36.01642676241981,33.98119025365725,33.98119025365725,44100
2018-01-24,35.4349250793457,36.125452379039665,35.36223916265791,36.01642073121799,22900
2018-01-25,34.92611312866211,35.689326296630284,34.817084260546544,35.689326296630284,16000
2018-01-26,34.96245574951172,35.253204940612065,34.63536637551106,34.9988014779916,12200
2018-01-29,34.70806121826172,35.180528082181475,34.635375288177364,34.962464746347436,24700
2018-01-30,34.48999786376953,34.85343303035764,34.30828028047548,34.45365490166878,20700
2018-01-31,34.38096237182617,34.78074045594706,34.19924480879031,34.45365106071449,31600
2018-02-01,34.74440002441406,34.85343167928004,34.12656137428062,34.16290433497256,32600
2018-02-02,34.41731262207031,34.926122460933186,34.27194075907282,34.7080618936464,19200
2018-02-05,32.78184509277344,34.52633469156861,32.63647327019866,34.1628995895521,34800
2018-02-06,32.81818771362305,33.03624819962665,31.255415813816416,32.16400348282271,77900
2018-02-07,33.07258987426758,34.235580936554626,32.5274372939225,32.5274372939225,30800
2018-02-08,32.273040771484375,33.14528286845152,32.23669504011907,33.07259695130092,38400
2018-02-09,32.16400909423828,33.0362539632163,31.727888046144272,32.63647587366513,82900
2018-02-12,32.16400909423828,32.67281883220796,31.982291528734113,32.23669501132395,117500
2018-02-13,32.12767028808594,33.34881270792561,31.437142895363802,32.01863862557547,65300
2018-02-14,32.563785552978516,32.67281719593666,31.87325828408662,31.982289927044764,50800
2018-02-15,32.672821044921875,33.07259916154737,32.018636655687274,32.74550696693008,101700
2018-02-16,32.78184509277344,33.18162592322342,32.38206703511323,32.63647327019866,82200
2018-02-20,32.273040771484375,32.99991103415033,32.16400912296848,32.60013017145205,49500
2018-02-21,32.6364860534668,33.14529317735093,32.200362096549284,32.345736748855124,72900
2018-02-22,32.309383392333984,32.89087904183045,32.200351744957786,32.70916147806343,41800
2018-02-23,32.81818771362305,32.81818771362305,32.382063968826316,32.49109559822288,43800
2018-02-26,32.745513916015625,32.89088856367289,32.273049777118,32.89088856367289,40600
2018-02-27,32.49110412597656,33.181631490218,32.236697848208536,32.74550763095435,51500
2018-02-28,31.61886215209961,32.8908853421266,31.58251918694265,32.600136075289946,48100
2018-03-01,31.69153594970703,32.01862805647754,31.40078956696948,31.65519299846352,56000
2018-03-02,32.200347900390625,32.491097076819784,31.291760190036545,31.47347773210736,89800
2018-03-05,32.382080078125,32.60014067260846,31.640671838648526,32.05498780000436,101100
2018-03-06,32.70915985107422,32.78184576384956,32.09132127411431,32.49109933995835,65600
2018-03-07,33.21796417236328,33.36333874713037,32.49109407131721,32.49109407131721,49400
2018-03-08,33.50872039794922,34.30827940777891,32.85453877840515,33.25431689692489,64000
2018-03-09,34.599021911621094,34.708053555466265,33.654091165192554,33.654091165192554,53500
2018-03-12,34.599021911621094,34.88977111334829,34.11202018743642,34.599021911621094,46600
2018-03-13,34.526329040527344,34.889764083059205,34.23557989738612,34.889764083059205,45200
2018-03-14,33.99934387207031,34.7678968223367,33.81635494142643,34.7678968223367,55100
2018-03-15,34.32871627807617,34.401910715915356,33.889541274474595,33.9627385045026,41500
2018-03-16,34.548301696777344,34.84108223450086,34.25551836686506,34.47510446820489,119000
2018-03-19,34.548301696777344,34.694693361733485,33.962737829141545,34.548301696777344,24800
2018-03-20,34.32871627807617,34.54830238378255,34.145727391289384,34.54830238378255,26500
2018-03-21,34.40190505981445,34.5848939165156,34.09448512080695,34.29211062891842,37000
2018-03-22,33.41376876831055,34.328713118021255,33.30397432946983,34.07252702478912,49200
2018-03-23,32.389034271240234,33.43573096936955,32.389034271240234,33.377173182978765,58800
2018-03-26,33.377174377441406,33.377174377441406,32.71841601010384,32.90140491084022,35900
2018-03-27,32.718414306640625,33.486967091281436,32.68181708683657,33.486967091281436,45600
2018-03-28,33.41376876831055,33.70654928490483,32.64521328080269,32.75500771964341,47100
2018-03-29,33.08439254760742,33.81634812258905,32.86480643355072,33.56016199603212,153300
2018-04-02,32.64521789550781,34.54830408723816,32.169448441716945,33.047795700039494,52800
2018-04-03,33.1209831237793,33.1209831237793,32.46222212156911,32.791602622674205,33800
2018-04-04,33.3039665222168,33.48695534926195,32.68180562713846,32.68180562713846,35600
2018-04-05,33.596763610839844,33.63336083289654,33.08439412547883,33.45037193042397,38600
2018-04-06,32.9745979309082,33.56016182955093,32.86480627051896,33.34057571658352,41000
2018-04-09,33.04779052734375,33.56015712166221,32.974593305163594,33.084387742339565,32100
2018-04-10,33.523563385009766,33.633357833577804,32.791607840393006,33.41377172863054,34500
2018-04-11,33.230777740478516,33.59675545659749,33.01118887705642,33.377166593175396,32000
2018-04-12,33.56015396118164,33.7797428148541,33.34056789969743,33.34056789969743,20300
2018-04-13,33.1575927734375,33.7065595504553,33.04780109334759,33.7065595504553,32600
2018-04-16,33.9261360168457,34.035930457778505,33.194180523130036,33.48696383749175,49400
2018-04-17,33.66994857788086,34.03592627981435,33.41376530340273,34.03592627981435,54200
2018-04-18,34.438499450683594,35.42664087121037,33.450360822344955,35.42664087121037,71600
2018-04-19,35.682830810546875,35.75602524405202,34.2189198029347,34.43850589563879,67600
2018-04-20,35.64623260498047,36.26839364908165,35.243657647492135,35.573035381317126,56600
2018-04-23,35.8292236328125,35.902418068693635,35.53644030491044,35.8292236328125,24500
2018-04-24,36.12200164794922,36.52457939377005,35.865818348052834,35.90241556343967,41600
2018-04-25,35.64623260498047,36.15860200186952,35.536438165579746,36.15860200186952,41100
2018-04-26,35.4266471862793,35.82922215135752,35.31685274480858,35.82922215135752,40900
2018-04-27,35.46323013305664,35.792610532744476,35.39003293746628,35.426632931355215,25500
2018-04-30,35.13386154174805,35.68282812833786,35.097264327746416,35.68282812833786,34300
2018-05-01,35.20705795288086,35.39004682538479,34.54829968717988,35.13386352075473,32600
2018-05-02,35.31684112548828,35.49982993960998,34.82643244389222,35.09725510697978,44200
2018-05-03,35.31684112548828,35.46323273522318,34.987460701631676,35.13385231136658,32300
2018-05-04,35.60964584350586,35.97562369270042,35.0972762961956,35.13387352267718,24000
2018-05-07,35.8292236328125,36.08540695058524,35.280256987137705,35.60963753298033,44000
2018-05-08,36.341583251953125,36.37818046001611,35.792616754444396,35.86581117057036,44500
2018-05-09,36.378177642822266,36.59776366638301,36.15859161926153,36.378177642822266,21800
2018-05-10,36.5977668762207,36.744158502163195,36.01220316463878,36.414778041839604,29900
2018-05-11,36.341583251953125,36.85394974921088,36.30498325170215,36.56116929251902,40500
2018-05-14,36.012210845947266,36.304991368093525,35.975613629702565,36.304991368093525,24800
2018-05-15,36.524574279785156,36.63436591057319,35.9756077492805,35.9756077492805,30000
2018-05-16,37.036949157714844,37.110146386930474,36.4879825034472,36.59777695117625,35800
2018-05-17,37.32973098754883,37.32973098754883,36.8539587894595,36.89055879868843,31500
2018-05-18,36.9637451171875,37.38828055977378,36.817353488978846,37.3297227916151,47500
2018-05-21,37.476112365722656,37.476112365722656,37.000340298169064,37.14673191835385,25500
2018-05-22,37.69569778442383,37.98848102001295,37.40291454883471,37.549306166629265,26200
2018-05-23,37.69569778442383,37.768892197227174,37.47611175382592,37.69569778442383,24900
2018-05-24,37.36632537841797,37.585911456239955,36.96375043704625,37.43952259915094,14700
2018-05-25,37.512718200683594,37.58591263151682,37.21993489297356,37.29313211599535,22600
2018-05-29,37.1467399597168,37.54931490823169,36.853956655966776,37.29313161159181,37400
2018-05-30,37.62250900268555,37.73230063832338,37.219931295448625,37.219931295448625,29800
2018-05-31,37.36632537841797,37.80550032625041,37.18333651486824,37.585911456239955,37700
2018-06-01,37.84209060668945,37.84209060668945,37.54930736178137,37.585904569347896,28100
2018-06-04,37.98849105834961,38.06168549049435,37.71766551659914,37.91529383401626,40700
2018-06-05,38.02509307861328,38.0982875200056,37.58591805369249,38.06169029930944,33700
2018-06-06,38.31786346435547,38.3544634675246,38.02508298431993,38.09827740628176,42600
2018-06-07,38.171485900878906,38.51550313638943,38.09828866509759,38.35447480204863,25300
2018-06-08,38.098289489746094,38.31787561746495,38.098289489746094,38.208083949700075,26100
2018-06-11,37.439537048339844,38.17149278502536,37.21994809358255,38.061698307646715,45700
2018-06-12,37.036949157714844,37.51272137495565,36.853960272958965,37.51272137495565,27600
2018-06-13,36.890560150146484,37.2565379183337,36.67829237447259,37.07354903424009,30200
2018-06-14,37.0231819152832,37.133700000461005,36.507435535439534,37.0231819152832,28700
2018-06-15,37.0231819152832,37.317894935362915,36.728468895203484,36.87582540524335,79600
2018-06-18,37.391563415527344,37.50208147596728,36.39691211393199,36.986335211565944,32200
2018-06-19,37.83363342285156,37.98098991309869,37.20737185254036,37.20737185254036,36300
2018-06-20,38.423057556152344,38.459895974313994,37.723116368716376,37.94414968827743,47800
2018-06-21,38.75460433959961,39.04931729245834,37.693642768371994,38.386214553821695,100100
2018-06-22,38.717769622802734,39.04932102380233,38.31254138184379,38.717769622802734,125500
2018-06-25,38.27571105957031,38.717777814033674,38.05467768233863,38.64410095848707,42300
2018-06-26,38.38621520996094,38.45989485473054,38.05466664556644,38.23886154160386,27000
2018-06-27,37.207374572753906,38.423062192931965,37.133697727539506,38.349382537126075,46700
2018-06-28,37.06001663208008,37.46524488620055,36.94950136855161,37.096855053256235,32200
2018-06-29,36.80214309692383,37.46524307786287,36.80214309692383,37.09685326269966,55400
2018-07-02,37.79679870605469,37.833637129577866,36.65479071328668,36.65479071328668,48100
2018-07-03,37.980987548828125,38.34937734621848,37.870472295965676,37.944149131207304,46400
2018-07-05,38.091495513916016,38.16517232962532,37.8557263309378,38.12833392177067,23600
2018-07-06,38.27571105957031,38.45990600902869,38.05467768233863,38.05467768233863,24400
2018-07-09,38.717769622802734,38.901964533292364,38.34937980182347,38.42305945237409,26400
2018-07-10,37.79679870605469,38.79145300472996,37.61260377784721,38.680934923568856,35700
2018-07-11,37.686275482177734,38.01782403450797,37.612595840089156,37.612595840089156,27000
2018-07-12,37.465248107910156,37.87047920746862,36.986342970255386,37.87047920746862,34600
2018-07-13,37.1336784362793,37.50206809215274,37.05999881875059,37.465226878093375,30300
2018-07-16,37.281063079833984,37.317904324556956,37.023191230327356,37.023191230327356,32200
2018-07-17,36.72847366333008,37.502094738823665,36.139050357242795,37.24422011012846,38300
2018-07-18,37.0231819152832,37.133700000461005,36.00642508765901,36.617953620617335,26800
2018-07-19,36.80214309692383,37.31788940027058,36.69162502813836,36.80214309692383,36500
2018-07-20,37.082122802734375,37.42840734261934,36.61795081537537,36.72846608149513,37900
2018-07-23,37.391563415527344,37.57575830919989,36.94949679494964,36.94949679494964,24600
2018-07-24,37.281063079833984,37.72313272117839,37.09686809858857,37.72313272117839,33900
2018-07-25,37.096858978271484,37.35473357497163,36.76531034201536,37.35473357497163,28200
2018-07-26,37.207374572753906,37.5389259974017,36.986341226519215,37.17053615014671,99700
2018-07-27,36.47059631347656,37.57576589873343,36.47059631347656,37.02318110610499,37400
2018-07-30,36.360076904296875,37.487351751338124,36.28640005887079,36.43375656031445,31500
2018-07-31,35.976951599121094,36.654787526916934,35.80748980658082,36.396915774079666,51000
2018-08-01,36.360076904296875,37.02317975549761,36.212723213444704,36.212723213444704,41100
2018-08-02,36.433753967285156,36.72846413860615,35.80748958336937,36.212720636146585,42200
2018-08-03,35.881168365478516,36.912658156017095,35.84432994627914,36.43375308524279,47700
2018-08-06,35.95484924316406,35.99168766650199,35.54962096526382,35.91801081982614,23400
2018-08-07,35.95484924316406,36.28640067438846,35.84433397315029,36.06536732376937,24100
2018-08-08,36.24955368041992,36.36006892430412,35.73380744385437,35.881163912957504,22000
2018-08-09,36.24955368041992,36.54426380803533,36.06535879668871,36.28639209504799,19400
2018-08-10,36.139034271240234,36.43374719839893,35.881162567919446,36.10219585799309,33600
2018-08-13,36.21271514892578,36.47058686108091,35.88116379716141,36.17587392382573,27500
2018-08-14,36.765296936035156,36.949491804831744,36.28638915292777,36.32322756456896,21600
2018-08-15,36.175880432128906,36.98633975009273,36.175880432128906,36.76530641268128,20100
2018-08-16,36.765296936035156,36.986330216472936,36.175871107413556,36.360065976210144,17300
2018-08-17,36.91265869140625,36.9494999217312,36.65478694267919,36.65478694267919,25100
2018-08-20,37.096858978271484,37.096858978271484,36.61795383112837,36.91266404231067,28000
2018-08-21,37.35472106933594,37.72311081792783,36.58846971772303,37.20736460778104,25100
2018-08-22,37.281063079833984,37.354742758687564,36.98635279619675,37.354742758687564,21900
2018-08-23,37.0231819152832,37.317894935362915,36.83898698038129,37.317894935362915,23400
2018-08-24,36.617950439453125,37.13369677449162,36.44112208064883,37.13369677449162,25700
2018-08-27,36.544273376464844,36.9126632403832,36.29376815657669,36.76530954328915,22900
2018-08-28,36.323238372802734,36.65478979741017,36.13904344919766,36.65478979741017,17800
2018-08-29,36.39691925048828,36.544272945846,36.06536781475027,36.50743452200657,24100
2018-08-30,36.24955368041992,36.50742539340727,36.13903562594485,36.36006892430412,23900
2018-08-31,36.39691925048828,36.50743452200657,36.02852939091083,36.24956274453899,20900
2018-09-04,36.360076904296875,36.6547899071842,36.212723213444704,36.43375656031445,17600
2018-09-05,36.39691925048828,36.544272945846,36.28640116837842,36.28640116837842,13400
2018-09-06,36.28640365600586,36.54427545115193,36.17588556631939,36.39692174569233,17600
2018-09-07,36.24955368041992,36.36006892430412,35.918002327585576,36.24955368041992,26000
2018-09-10,35.807491302490234,36.3969172946132,35.73381445877058,36.3969172946132,19200
2018-09-11,35.586456298828125,35.80748963025612,35.40226138753958,35.80748963025612,33100
2018-09-12,35.03386306762695,35.62328607866963,34.37076323417542,35.62328607866963,111600
2018-09-13,34.78144836425781,35.264009628833605,34.59584831357974,35.226890185104395,30300
2018-09-14,35.07841491699219,35.22689554653939,34.63297586038305,34.855695388687614,24000
2018-09-17,34.55874252319336,35.33826247760478,34.44738414801067,35.15266235360048,34300
2018-09-18,34.4844970703125,34.92993615068231,34.261777530127596,34.63297770777997,40600
2018-09-19,34.4473762512207,35.041295945476406,34.001934356504556,34.55873460087537,38400
2018-09-20,34.92993927001953,35.22690057147392,34.632980800598006,34.632980800598006,30500
2018-09-21,35.041290283203125,35.264009778556016,34.5958484604653,34.892809675623845,221300
2018-09-24,34.373138427734375,35.041299929764065,34.15041887106875,34.89281928130937,25500
2018-09-25,34.41025161743164,34.59585168620319,34.298893275388096,34.44737389681179,22700
2018-09-26,33.92770767211914,34.55874704346012,33.8905882088697,34.44738865371181,50900
2018-09-27,34.0390510559082,34.33601229505673,34.0019316090227,34.0390510559082,23200
2018-09-28,34.41025161743164,34.44737389681179,34.03905147988855,34.03905147988855,20500
2018-10-01,33.71240234375,34.48449944614901,33.7049795857799,34.48449944614901,27900
2018-10-02,33.459983825683594,33.93511960050241,33.43771272124915,33.80148730983054,16600
2018-10-03,34.20238494873047,34.33601724239863,33.56392017498983,33.56392017498983,13900
2018-10-04,34.083595275878906,34.5364598803303,34.03905024146277,34.21722754709513,27800
2018-10-05,33.80148696899414,34.180112732757436,32.76955093745891,34.180112732757436,25800
2018-10-08,34.432525634765625,34.44737398014715,33.838605979666326,33.838605979666326,18300
2018-10-09,34.39542007446289,34.54389792416135,34.34344942862829,34.41769118551097,25300
2018-10-10,33.94254684448242,34.796305596465025,33.89800180140965,34.387985947079194,34200
2018-10-11,32.90317916870117,34.19495686217259,32.89575641222422,33.860876180065134,25800
2018-10-12,31.878677368164062,33.408023461721505,31.492628757206848,33.29666225070247,37100
2018-10-15,32.4057731628418,33.222412333191116,31.65594729854565,32.04941853836439,29800
2018-10-16,32.888336181640625,33.16302352855358,31.477777162546705,32.53198434001586,22300
2018-10-17,33.593605041503906,34.039043975539904,32.20531762612775,33.04422771296328,37400
2018-10-18,33.47483825683594,34.298903255078685,33.34862870069226,33.653015620793745,37500
2018-10-19,33.70497512817383,34.269198116363135,33.48225277006753,33.48225277006753,41300
2018-10-22,33.49709701538086,34.26177116506783,32.94029685234313,33.890571056376004,56400
2018-10-23,33.48969268798828,33.73468342188155,32.82895658405252,33.192731304810266,25900
2018-10-24,32.131080627441406,33.49709714603675,32.012296705477986,33.49709714603675,44400
2018-10-25,33.34120178222656,33.482256838405,32.227601184514214,32.227601184514214,39700
2018-10-26,33.214988708496094,33.5787632480962,32.91060471673526,33.03681140091384,22500
2018-10-29,33.593605041503906,34.20237290630122,33.28922110910525,33.48224389197907,27800
2018-10-30,34.083595275878906,34.59585042751962,33.05165938417869,33.58618846904357,29300
2018-10-31,33.78664779663086,34.54389669774886,33.712408874417335,34.36572215162307,47100
2018-11-01,33.883148193359375,34.187532193685854,33.44513191659373,33.83118040052551,17400
2018-11-02,34.09844970703125,34.284049802178586,33.49710437922211,34.09844970703125,32700
2018-11-05,33.846031188964844,34.46964758001702,33.504527716540025,34.009360167964765,29100
2018-11-06,34.07617950439453,34.28405071021469,33.42286635920332,33.7866409693886,17400
2018-11-07,34.41025161743164,34.59585168620319,33.890573690497156,34.08359651592535,23300
2018-11-08,34.46965026855469,34.5587375222157,33.890578871709025,34.3954113625093,16800
2018-11-09,33.89799499511719,34.33601125193669,33.697546589586345,34.32116290722713,16400
2018-11-12,33.62331771850586,34.23208587286242,33.601043778787336,33.83861453290911,18300
2018-11-13,33.8311882019043,34.1355722724209,33.370900716935196,33.667859197030474,21800
2018-11-14,33.274391174316406,34.120727316394174,33.177878313473066,34.05391115612313,20100
2018-11-15,33.964820861816406,34.03905977460281,33.0516686407853,33.12590755357171,25900
2018-11-16,34.187530517578125,34.202378862235875,33.55649144580062,33.88314653217464,29800
2018-11-19,33.87572479248047,34.56615726360903,33.74209251858254,34.18010878701859,16800
2018-11-20,33.45255661010742,33.935115078084586,33.378314885165544,33.69012446585697,15400
2018-11-21,33.326351165771484,34.22465490708756,33.036815483201224,33.45998345496277,25200
2018-11-23,33.62331771850586,33.93512455423497,33.17787574056468,33.17787574056468,12200
2018-11-26,33.7495231628418,34.053907228518625,33.526803598303395,33.80149096683299,16100
2018-11-27,33.52680587768555,33.675286541483516,33.37090245511257,33.675286541483516,14400
2018-11-28,34.23208999633789,34.32860286132236,33.44514438960559,33.44514438960559,23800
2018-11-29,33.83861541748047,34.66267757574897,33.83861541748047,34.194967309928956,12800
2018-11-30,34.30632019042969,34.3954102733022,33.64558431863813,33.86830386175411,31100
2018-12-03,34.09103012084961,34.66267885441689,33.49711027819309,34.66267885441689,63300
2018-12-04,31.52974510192871,33.942546341296605,31.4852000595163,33.942546341296605,23200
2018-12-06,31.63367462158203,32.22017148979547,30.958090517700782,31.329290637020858,45800
2018-12-07,32.06427001953125,32.55425413606661,31.40353416275218,31.64110204761583,39100
2018-12-10,31.358993530273438,32.04942328333284,31.188238949416053,32.04942328333284,21600
2018-12-11,31.3886775970459,31.774726016873494,31.039751450534524,31.774726016873494,25500
2018-12-12,31.314453125,31.77474063921496,31.069459602122805,31.77474063921496,56100
2018-12-13,30.82024574279785,32.60236960235479,30.71541543160246,31.464206633182982,42000
2018-12-14,30.498262405395508,31.524105454482832,30.475799585530044,30.8277294745387,38000
2018-12-17,29.22531509399414,30.685458279052703,28.963239357162912,30.498260508055743,148800
2018-12-18,29.457435607910156,30.138835247065643,29.262751220898906,29.352605333641733,49200
2018-12-19,28.581363677978516,29.95165318213926,28.25189652128339,29.4499643624163,43000
2018-12-20,28.67120361328125,28.880864146599116,27.884973756928733,28.521444865306837,56100
2018-12-21,28.75358772277832,30.108898178793954,27.71276539249373,28.73112204090224,150600
2018-12-24,28.01976776123047,29.12798134691514,28.01976776123047,28.761072370296134,12600
2018-12-26,28.731115341186523,28.805996169291927,26.731844361562434,28.236913301336966,82300
2018-12-27,28.50647735595703,28.656236149379946,27.615416962528354,28.379184238214965,45000
2018-12-28,29.21034812927246,29.59223330197039,28.656244152198095,28.656244152198095,45700
2018-12-31,29.659616470336914,29.80937526435745,28.96324050609112,29.337636062936756,53700
2019-01-02,30.026521682739258,31.17217399723649,29.442465544328616,29.442465544328616,50500
2019-01-03,29.839323043823242,30.415892511398578,29.67459095052404,29.959129500955047,32200
2019-01-04,30.94005584716797,31.04488617065015,29.944164917675156,30.191264557824287,29400
2019-01-07,31.097299575805664,31.172180414357506,30.38595017624065,30.94754361152582,27800
2019-01-08,31.53158950805664,31.53158950805664,30.984972420114666,31.359367920601855,20100
2019-01-09,31.509132385253906,31.92845359346088,31.36686024125954,31.56154753627978,22200
2019-01-10,31.35188102722168,31.53159213927271,31.074829133537094,31.404296173150893,17100
2019-01-11,31.254545211791992,31.314447021052978,30.827731609903473,31.202127201122575,22800
2019-01-14,30.910085678100586,31.329409586534435,30.535690249416575,31.187140351942265,37100
2019-01-15,30.767833709716797,30.96251818506439,30.558173066048305,30.820248870633918,31600
2019-01-16,31.39681053161621,31.58400830351642,30.850193380436952,30.850193380436952,16700
2019-01-17,31.411788940429688,32.1156515847556,30.895121224967276,31.29946912670007,39800
2019-01-18,31.374359130859375,31.786193807633275,31.26952594105865,31.41179812758203,29300
2019-01-22,31.164684295654297,31.30695643053638,30.85768006370377,31.224588953796502,40000
2019-01-23,31.157201766967773,31.411790884958446,30.79029282829439,31.19464075505811,22200
2019-01-24,31.134727478027344,31.30694904494057,30.73037970019073,31.037383859716165,27800
2019-01-25,31.194637298583984,31.56903285082643,31.08980700098192,31.269515266467923,23200
2019-01-28,30.86517906188965,31.149717706296116,30.400926387813882,31.02242455323199,35300
2019-01-29,30.790294647216797,31.179666430464003,30.385949552978275,30.857685972325196,33100
2019-01-30,30.655517578125,30.984987608154444,30.550687243629227,30.984987608154444,22400
2019-01-31,30.40839958190918,30.700427582374353,30.071443098137575,30.52820601431568,26800
2019-02-01,30.827728271484375,31.07483070600719,30.490774561006162,30.58811534756542,18000
2019-02-04,31.284496307373047,31.284496307373043,30.79778372744498,30.99246818813384,16000
2019-02-05,31.01493263244629,31.306963623367217,31.007445976664098,31.306963623367217,8600
2019-02-06,31.01493263244629,31.149715287821493,30.77531965764858,30.895126145047435,10300
2019-02-07,31.022417068481445,31.299468989680392,30.940049586295174,31.119760716193536,12600
2019-02-08,31.01493263244629,31.142228632039302,30.603098010538478,30.940054648976496,17500
2019-02-11,31.112262725830078,31.501634354146862,30.812748066178443,31.014919104648204,9700
2019-02-12,31.47917938232422,31.67386381677731,31.127246641738562,31.351883406541802,20600
2019-02-13,31.277013778686523,31.48667443423138,30.95503328257852,31.48667443423138,39200
2019-02-14,30.977495193481445,31.50164967327955,30.932569543712425,31.127254024339777,23700
2019-02-15,31.366857528686523,31.598983789163846,30.73038626046431,30.925070682236942,164800
2019-02-19,32.07072067260742,32.52748079421055,31.269511655434513,31.321929654593642,34400
2019-02-20,32.34028244018555,32.44511558014937,31.90598514312227,32.048254405599536,20200
2019-02-21,32.35527038574219,32.75213170481561,32.08570506906199,32.33280756148952,20800
2019-02-22,32.51999282836914,32.71467722837455,32.11564500942222,32.3627474064712,32100
2019-02-25,32.47507095336914,32.759612386463935,32.355264485183675,32.62482975270385,30000
2019-02-26,31.950918197631836,32.46758593861107,31.950918197631836,32.46758593861107,30100
2019-02-27,32.08570861816406,32.370250134624094,31.77870427496667,31.94343928814022,15900
2019-02-28,32.03328323364258,32.175555374697325,31.8385987990564,32.05574890962627,23300
2019-03-01,32.04077911376953,32.1605856026567,31.823628960032778,31.995850609282336,22900
2019-03-04,31.950918197631836,32.25792532280017,31.786186080813977,31.950918197631836,66300
2019-03-05,31.726282119750977,31.958408418416983,31.359376033937302,31.958408418416983,20300
2019-03-06,31.14222526550293,31.808648958143074,30.93256464932266,31.73377098276774,59100
2019-03-07,30.54319190979004,31.52410649511564,30.36348077569951,31.0523701238997,20700
2019-03-08,30.66299819946289,30.80526748982028,30.243674126666793,30.303578789814043,46000
2019-03-11,31.0074405670166,31.247053500010747,30.288601768034177,30.655507822001436,34200
2019-03-12,30.805265426635742,31.22458947134759,30.70043512956062,31.09729349889111,30200
2019-03-13,31.172178268432617,31.32193707881483,30.850197825854966,30.977490958012226,32300
2019-03-14,31.17217445373535,31.731111750778094,31.01355734630387,31.262812389220766,31000
2019-03-15,31.07398796081543,31.65558702035239,30.756753681792684,31.134415184245626,269500
2019-03-18,31.829309463500977,31.95016102332905,31.217499702452574,31.217499702452574,42800
2019-03-19,30.922924041748047,31.91239825571238,30.779413702255134,31.91239825571238,37100
2019-03-20,30.567922592163086,31.225052792384414,30.507495369401845,30.92292244123536,26500
2019-03-21,30.386638641357422,31.13440954864577,30.348873074213746,30.47727657876786,30100
2019-03-22,28.898653030395508,30.288447288582535,28.82312189254995,30.228022954571735,62500
2019-03-25,29.721956253051758,29.865469454333418,28.724930212265274,28.966633320254218,36300
2019-03-26,30.590576171875,30.688768951544237,29.88812567371829,29.88812567371829,56400
2019-03-27,30.598121643066406,30.938017438040436,30.265780688718174,30.522590524773275,33000
2019-03-28,31.036209106445312,31.194826178084455,30.46216513613478,30.73407888123301,30600
2019-03-29,31.013559341430664,31.20239006661425,30.49238469587391,31.11930408652096,87800
2019-04-01,31.39877700805664,31.72356612989278,31.013563544263953,31.24015986892604,39700
2019-04-02,31.202390670776367,31.368559752852228,30.870046743968132,31.247708201647846,21100
2019-04-03,31.2628116607666,31.512069579203565,31.02866342610783,31.466749171852857,45400
2019-04-04,31.655580520629883,31.723559692366646,31.157067555002957,31.270367135006897,11800
2019-04-05,32.1843147277832,32.29761145333979,31.66313999370534,31.66313999370534,29700
2019-04-08,32.055908203125,32.17675977209581,31.85197064023764,32.17675977209581,17100
2019-04-09,31.3836669921875,31.96526599084001,31.3685601879114,31.96526599084001,17400
2019-04-10,32.101226806640625,32.25229197964346,31.361010628388097,31.45920342303922,20000
2019-04-11,32.13143539428711,32.33537291375939,32.025690654115124,32.13898735515879,14400
2019-04-12,32.43356704711914,32.516653034197915,32.063460408186245,32.36558786508454,22100
2019-04-15,31.93504524230957,32.43355814665109,31.746214553069183,32.43355814665109,12700
2019-04-16,32.237178802490234,32.577074654233634,31.76887945193708,32.071006856898364,21300
2019-04-17,32.803680419921875,32.803680419921875,32.30516732023111,32.30516732023111,28200
2019-04-18,31.89728546142578,32.539311649993174,31.428986074012148,32.44111886702109,29200
2019-04-22,30.930479049682617,31.889739655789793,30.77941386548809,31.889739655789793,37800
2019-04-23,31.874629974365234,32.19941908262466,31.013562247846192,31.013562247846192,18600
2019-04-24,31.80665397644043,32.19942230671715,31.72356798024148,31.874633165936952,17900
2019-04-25,31.330791473388672,31.78398691220208,31.285471065108926,31.78398691220208,17600
2019-04-26,31.995471954345703,32.00302391401513,30.771849913638686,31.29302157065725,16100
2019-04-29,32.27494430541992,32.40335068530887,31.889730928408955,32.00302762455197,12300
2019-04-30,31.91239356994629,32.15409667535441,31.700904073046257,32.15409667535441,29000
2019-05-01,31.572494506835938,32.010583142222636,31.323239464996753,31.957710773307415,23900
2019-05-02,31.78398895263672,32.131436794435814,31.58005142427772,31.6253689541387,22700
2019-05-03,32.72814178466797,32.9320764267692,31.942605297679666,31.942605297679666,26400
2019-05-06,32.501556396484375,32.61485602909458,31.38367840546968,32.320280441903265,21500
2019-05-07,31.80665397644043,32.31271903499219,31.534737218454328,32.206974269403986,24000
2019-05-08,31.61781120300293,32.0634517467743,31.58004564125844,31.76887633130855,16400
2019-05-09,31.716001510620117,31.82929818707312,31.157061443605304,31.413871277423873,21100
2019-05-10,31.836862564086914,31.867073291393943,31.30058109545879,31.549839044707845,14200
2019-05-13,30.839832305908203,31.640472655790326,30.779405096913674,31.413876384716666,24600
2019-05-14,31.330791473388672,31.466749816899892,30.66610655859247,30.847385310383437,16400
2019-05-15,31.17217445373535,31.217494862142065,30.907809726688196,31.096640439724155,13200
2019-05-16,31.436534881591797,31.66313115074931,31.25525901879694,31.323238187676985,9700
2019-05-17,31.345901489257812,31.49696665101387,31.225049936118626,31.225049936118626,20300
2019-05-20,31.421424865722656,31.481852068025773,31.104190697614072,31.104190697614072,11900
2019-05-21,31.693344116210938,31.738664521660162,31.444089089559778,31.59515422639603,37100
2019-05-22,31.52718162536621,31.700905560446373,31.338350885323198,31.549840392146276,20900
2019-05-23,30.718976974487305,31.26281031395548,30.454615146316847,31.225044750120816,25200
2019-05-24,31.18728256225586,31.277920501536013,30.83227988486039,30.83227988486039,14800
2019-05-28,30.938026428222656,31.19483633890333,30.80206807072534,31.096643551526757,25100
2019-05-29,30.91536521911621,31.285471810908888,30.47727657261932,30.862492848860114,24800
2019-05-30,30.462186813354492,31.11931720728583,29.92590513791248,30.915379592342433,17700
2019-05-31,29.903234481811523,30.28844790276022,29.835255303840782,30.03919283775301,17900
2019-06-03,30.099620819091797,30.311113221357733,29.797493343656868,29.865472529862235,54000
2019-06-04,30.83228874206543,30.83228874206543,30.363989226373196,30.363989226373196,22500
2019-06-05,30.67366600036621,31.32324420981127,30.5226008314418,30.681217962214635,23800
2019-06-06,30.49238395690918,30.953131376203707,30.107170554654484,30.507490760317147,17100
2019-06-07,30.39419937133789,30.847392027507524,30.356430915549886,30.447071751846725,12000
2019-06-10,30.62079429626465,30.870049381337566,30.431963551292114,30.53770830746417,10800
2019-06-11,30.598121643066406,30.854931479121507,30.326207888414654,30.741634801681812,18400
2019-06-12,30.49238395690918,30.749193852188352,30.34131880415764,30.431959624605444,9600
2019-06-13,30.86582374572754,31.24688329814393,30.591460402827153,30.591460402827153,26900
2019-06-14,30.90392303466797,31.079210045395804,30.70577338561788,30.70577338561788,16700
2019-06-17,30.652433395385742,30.90393120518189,30.522871627048318,30.774372344098328,12800
2019-06-18,30.835338592529297,31.185912686521586,30.62956608329373,30.62956608329373,44600
2019-06-19,30.774370193481445,31.155429744985287,30.637188522359768,30.881066402741936,13200
2019-06-20,30.90392303466797,31.11731831893702,30.743878751906003,30.949651218565574,19000
2019-06-21,31.071598052978516,31.28499048437302,30.728643854484616,30.728643854484616,77100
2019-06-24,31.34595489501953,31.498379274578557,31.079211503977927,31.079211503977927,41200
2019-06-25,31.361204147338867,31.544111115054726,30.91917364539351,31.193537004221135,29700
2019-06-26,31.147804260253906,31.94040875729143,31.117321708255087,31.445030219829626,22300
2019-06-27,31.727018356323242,31.74988099857641,31.04111001619233,31.04111001619233,29500
2019-06-28,32.23002624511719,32.32147974808016,31.818481120902177,31.818481120902177,73300
2019-07-01,32.11570358276367,32.321476121784606,31.894688310416655,32.313856208748625,20200
2019-07-02,31.70414924621582,32.25287585669466,31.38406066160534,32.16904230151003,20900
2019-07-03,31.925161361694336,32.17666200288745,31.635555355631872,31.734631630094583,6700
2019-07-05,32.25288391113281,32.313854841858046,31.810856292390863,31.948035072014648,18400
2019-07-08,31.627939224243164,32.176665847129414,31.32309045436117,31.99375600374955,15200
2019-07-09,31.742263793945312,31.787989082351174,31.399309594632125,31.399309594632125,15800
2019-07-10,31.498380661010742,31.970893641913943,31.460272384003687,31.719392968483515,19600
2019-07-11,31.460275650024414,31.605080140275906,31.254503143288343,31.31547406702658,13000
2019-07-12,31.86419105529785,32.108068861530825,31.429783531242062,31.452646167059914,22300
2019-07-15,31.08683967590332,31.94041227828664,30.827719058201666,31.94041227828664,29500
2019-07-16,31.498380661010742,31.704150239131362,30.89630593424095,30.98013949205109,18400
2019-07-17,30.881065368652344,32.435788984467116,30.83533717739183,32.435788984467116,36000
2019-07-18,31.284990310668945,31.80323156168144,30.94203611407923,31.216399471351,23900
2019-07-19,31.041105270385742,31.605074586853082,31.03348535988421,31.155424278680776,30500
2019-07-22,31.262121200561523,31.292606657787125,30.888681617680966,31.132559460979333,22900
2019-07-23,31.29261589050293,31.551736538866233,31.23164495806259,31.307858623613015,28600
2019-07-24,32.016624450683594,32.108080842587285,31.056355593725733,31.208780006311358,42100
2019-07-25,31.749874114990234,32.07758548341902,31.711768750411927,31.925161117852827,24800
2019-07-26,32.12332534790039,32.45103683551154,31.719400196162216,31.719400196162216,26500
2019-07-29,31.650793075561523,32.29859580486367,31.643173166694393,32.19189963720868,37500
2019-07-30,32.458648681640625,32.64155852283452,31.605076206326807,31.605076206326807,36100
2019-07-31,32.23002624511719,32.72540205114983,32.17667812611759,32.245268980153426,44200
2019-08-01,31.429786682128906,32.58058501395685,31.42216386459024,32.23001099575794,36400
2019-08-02,31.361204147338867,31.498385826752678,30.865825537538566,31.330718683634945,37700
2019-08-05,30.4619083404541,31.15543676414944,29.974152469800806,30.926801563187496,33700
2019-08-06,30.522871017456055,30.644809963733323,29.852205359304193,30.53049383692865,31000
2019-08-07,30.317092895507812,30.492379916671123,30.01224703980116,30.01224703980116,34000
2019-08-08,30.86582374572754,31.071596252902832,30.48476419331115,30.48476419331115,31400
2019-08-09,30.957275390625,31.155427974206667,30.538110489245547,30.858202006087662,42700
2019-08-12,30.86582374572754,30.98776268621064,30.591460402827153,30.68291388137606,27800
2019-08-13,31.010618209838867,31.33070967215624,30.827711294731515,31.04110366477443,22300
2019-08-14,30.149446487426758,30.629579647684295,29.783629500311733,30.538126127719288,43300
2019-08-15,29.829341888427734,30.40093122836619,29.707402945531012,30.17229607384155,46400
2019-08-16,30.881065368652344,30.949656201916333,30.118946291165127,30.172294394008947,30800
2019-08-19,30.934415817260742,31.79561125415696,30.865824978795487,31.284989921748128,29900
2019-08-20,30.20278549194336,30.77437490674109,30.149437379142565,30.698161240415597,40100
2019-08-21,30.61432456970215,30.774371799197336,30.195159622627862,30.416174871772895,33200
2019-08-22,30.431419372558594,30.972523297642194,30.286617773625427,30.911555274448116,30100
2019-08-23,29.059606552124023,30.355209802202115,28.998635619294895,30.309481602580266,43900
2019-08-26,29.737890243530273,29.737890243530273,29.158678048580814,29.295859731213376,32400
2019-08-27,29.227262496948242,29.905550849269567,29.09770366238615,29.905550849269567,35400
2019-08-28,29.45591163635254,29.867453842250956,29.16630549295751,29.16630549295751,19500
2019-08-29,29.814102172851562,30.08846554893444,29.78361961448437,29.78361961448437,16700
2019-08-30,29.64643669128418,30.202783333049172,29.59308858229671,30.202783333049172,22500
2019-09-03,29.295848846435547,29.593077653207633,29.067213762747873,29.46351593119116,52200
2019-09-04,29.349205017089844,29.66167372919428,29.27299427062676,29.532114878756314,29700
2019-09-05,30.19516372680664,30.789618715901373,29.684545227226533,29.684545227226533,34900
2019-09-06,29.882692337036133,30.34758550179416,29.85982969196736,30.34758550179416,18600
2019-09-09,30.78199577331543,30.896314822718008,30.019876529976084,30.019876529976084,22600
2019-09-10,31.307849884033203,31.307849884033203,30.599078982164894,30.759123274263345,25900
2019-09-11,32.428165435791016,32.51199899758839,31.25450138513473,31.53648753068109,47000
2019-09-12,32.54351806640625,32.70500457511954,31.812980088741732,32.30513112488789,56300
2019-09-13,32.93569564819336,33.09718212115391,32.666548593141535,32.666548593141535,30100
2019-09-16,32.89725112915039,33.27405591480243,32.474309017446124,32.65886712200972,30400
2019-09-17,32.70500946044922,32.797289993599755,32.212858350787705,32.66656070502916,33200
2019-09-18,32.88956069946289,33.189465035710505,32.51275593504192,32.68962251966355,51400
2019-09-19,33.227909088134766,33.404775647766044,32.60503184192265,32.95876496118521,69500
2019-09-20,33.743141174316406,33.98921671249678,33.189469746684665,33.23561001013791,102900
2019-09-23,33.66624450683594,33.920011584080456,33.38172018396202,33.38172018396202,31500
2019-09-24,33.15101623535156,34.00459191927719,33.00490688878146,33.77389356857732,33400
2019-09-25,33.627784729003906,33.75851398053099,33.112565098773665,33.112565098773665,32000
2019-09-26,32.93569564819336,33.57395296518305,32.897243973578156,33.45091523338679,32400
2019-09-27,33.06643295288086,33.30481992090943,32.89725491534756,33.06643295288086,31100
2019-09-30,32.74345016479492,33.13563203203647,32.68961840512351,33.06642312211725,52000
2019-10-01,32.00522232055664,33.174082335610734,31.928324831895,32.981835680505476,35700
2019-10-02,32.19746780395508,32.25898813940651,31.605347775764756,31.859114759325344,54600
2019-10-03,32.15132141113281,32.38970531009583,31.71299941183606,32.38970531009583,60500
2019-10-04,32.34358215332031,32.374339392368185,31.82067095463685,32.25899314567277,28100
2019-10-07,32.312828063964844,32.48200611110904,31.97447490312852,32.22055046254622,25100
2019-10-08,31.74376678466797,32.15133168865379,31.65917778698315,32.02060243765421,33900
2019-10-09,31.928314208984375,32.105180720821586,31.712998965608673,31.905245556751314,28700
2019-10-10,31.93600845336914,32.27436439127632,31.843730894599318,31.843730894599318,26300
2019-10-11,32.22822952270508,32.87417840877699,32.20516086252611,32.4050960954633,26400
2019-10-14,32.08981704711914,32.22823489818262,31.43617947644845,31.997539457560713,24500
2019-10-15,32.49737548828125,32.72038232732874,32.15902240843259,32.15902240843259,19300
2019-10-16,32.528133392333984,32.897246617386784,32.22054050484889,32.3128180777493,27300
2019-10-17,32.55889129638672,32.6434802879329,32.04366877217402,32.52044255480689,37700
2019-10-18,32.797279357910156,33.05873491681303,32.44354329578199,32.55120388287816,39900
2019-10-21,33.38170623779297,33.712370691144606,32.91262396985456,32.91262396985456,35300
2019-10-22,33.3663330078125,33.86617554464452,33.12794900419079,33.22791516479599,24500
2019-10-23,33.11256790161133,33.35095189791645,32.9664585532164,33.35095189791645,27600
2019-10-24,32.82034683227539,33.220220198130924,32.651168849253565,33.220220198130924,23700
2019-10-25,33.05104446411133,33.34326020009207,32.66655115540815,32.78190032139956,21800
2019-10-28,33.66624450683594,33.79697380120642,33.08181577154732,33.35865151637692,30400
2019-10-29,33.88154602050781,33.95844349661566,33.52012142920943,33.52012142920943,23900
2019-10-30,33.81234359741211,33.958450003392734,33.32788119144294,33.843100833678236,28400
2019-10-31,33.68931579589844,33.78928197680952,33.21254182490603,33.78928197680952,29700
2019-11-01,34.21222686767578,34.266055713475836,33.81235334640962,33.82004192433016,32300
2019-11-04,34.47366714477539,34.69667100644467,34.2891090890155,34.34293791080989,27100
2019-11-05,34.558265686035156,34.91969042021764,34.465988091534975,34.59671737274108,48400
2019-11-06,34.41215133666992,34.558257738816714,34.22759325665977,34.558257738816714,31800
2019-11-07,34.49673843383789,34.904300382364454,34.389080782034725,34.77357407187518,15700
2019-11-08,34.47366714477539,34.758191336181554,34.127622623632334,34.51980445862728,34600
2019-11-11,34.51211929321289,34.56594812032444,34.23528364895286,34.28911247606442,16000
2019-11-12,34.61978530883789,34.73513156617072,34.389089860720446,34.389089860720446,18700
2019-11-13,34.40447235107422,34.51213003881733,34.189154042135996,34.4121609287193,42300
2019-11-14,34.21222686767578,34.4736825187555,34.119946331916765,34.21991544559632,29000
2019-11-15,34.050724029541016,34.4352173105736,33.84309730576931,34.4352173105736,31700
2019-11-18,33.87385940551758,33.943068317391344,33.696992838162636,33.88155091430972,27600
2019-11-19,34.189151763916016,34.2352920270679,33.82772996964088,34.01228515534482,24200
2019-11-20,34.03535079956055,34.5967136843396,33.85848420668625,33.973833387602824,49300
2019-11-21,33.981529235839844,34.21991622513638,33.63548748594288,34.21991622513638,29100
2019-11-22,33.97383117675781,34.242975336779914,33.92769092070345,34.096868926118105,20300
2019-11-25,34.519813537597656,34.665922892425236,34.027662504066235,34.027662504066235,29400
2019-11-26,34.235294342041016,34.596719094207295,34.14301674294928,34.358332118647326,29600
2019-11-27,34.47366714477539,34.550564623495724,34.2891090890155,34.41983538953022,25400
2019-11-29,34.558265686035156,34.681303456519345,34.358330409042786,34.573645774027156,29100
2019-12-02,34.565948486328125,34.81971254061944,34.412150578616156,34.727434969372695,91700
2019-12-03,34.18145751953125,34.2506664360584,33.92769051444791,34.22759484158182,47700
2019-12-04,34.35063552856445,34.63516272832698,34.204529107151046,34.204529107151046,24700
2019-12-05,34.319881439208984,34.51212813771807,34.18915215882786,34.4198476103484,31700
2019-12-06,34.627471923828125,34.71206093448348,34.41984515225178,34.619783347155646,48700
2019-12-09,34.735130310058594,34.87354816061387,34.55826370844945,34.64285272083897,25200
2019-12-10,34.965824127197266,35.00427287324122,34.735125784030956,34.78126603935448,27700
2019-12-11,34.996585845947266,35.065794771070436,34.73513023253216,35.01965744328943,30800
2019-12-12,35.725521087646484,36.01244109483157,35.167187704452424,35.167187704452424,54100
2019-12-13,35.725521087646484,35.78755944495769,35.29901773466288,35.593694015587715,28900
2019-12-16,36.12100601196289,36.462208081860936,35.84959265254606,35.84959265254606,33400
2019-12-17,36.431190490722656,36.524245066899205,36.21406216026017,36.21406216026017,40400
2019-12-18,36.33036422729492,36.865434469140475,36.043444346891754,36.63279664832303,83400
2019-12-19,36.5009765625,36.52423946343729,36.18303743103526,36.43118490153695,31000
2019-12-20,36.423431396484375,36.71810466731711,36.22180972891338,36.60178720508876,130000
2019-12-23,36.29935836791992,36.50097708126131,36.04345462136804,36.415675832410685,51600
2019-12-24,36.37690734863281,36.40792652583878,36.20630483215156,36.40792652583878,8800
2019-12-26,36.12100601196289,36.4777176702406,36.0357047549505,36.4777176702406,19800
2019-12-27,36.02018356323242,36.11323810538282,35.8108086247811,36.00467397984893,30500
2019-12-30,36.1907958984375,36.345888829122245,35.9659142550038,36.16753299418785,25200
2019-12-31,36.16754150390625,36.46221784572535,36.05897731432877,36.46221784572535,30400
2020-01-02,36.128753662109375,36.34588194907604,35.795304959609965,36.34588194907604,31900
2020-01-03,35.92713928222656,36.00468426314108,35.55491509101295,35.85734761614294,26300
2020-01-06,35.75654220581055,35.795314702157306,35.22922797266948,35.60920257828028,29000
2020-01-07,35.291259765625,35.53165395143048,35.22146809607835,35.53165395143048,19000
2020-01-08,35.77980422973633,35.83408631491368,35.24473669378024,35.260246283566886,33400
2020-01-09,35.70224380493164,35.911618739311166,35.58592341089285,35.7797887621905,25100
2020-01-10,35.52389907836914,35.71000821689765,35.37655947237003,35.585934471828175,37300
2020-01-13,35.834075927734375,35.87284841188615,35.40757268576296,35.61694764996368,21900
2020-01-14,35.50062942504883,35.803058961463876,35.42308445197101,35.686741501847145,37200
2020-01-15,35.1904411315918,35.51613351792431,35.09738362851052,35.45409814068744,26200
2020-01-16,35.748783111572266,35.834084371697166,35.376561851333115,35.3920714402787,41100
2020-01-17,35.55491638183594,35.97366639354044,35.50063430159478,35.97366639354044,27300
2020-01-21,34.926788330078125,35.531647382219695,34.75618584536086,35.531647382219695,33900
2020-01-22,35.26024627685547,35.314528362022486,34.763951236384564,34.93455080770157,33800
2020-01-23,35.1439208984375,35.30676713107537,34.60885343770536,34.99658425340582,47300
2020-01-24,34.94231033325195,35.43860541990597,34.78721737913456,35.392076646225135,37800
2020-01-27,34.87250900268555,35.15942896561398,34.5313040064073,34.554569865886144,41200
2020-01-28,34.61661148071289,35.15168197268164,34.53131021630328,34.95781653835134,28400
2020-01-29,34.13582992553711,34.63987833739876,34.13582992553711,34.53907042991769,43900
2020-01-30,34.686405181884766,34.69416145627611,33.97298176178174,33.98073507802114,29900
2020-01-31,33.92643737792969,34.562315510418266,33.8799086274486,34.52354303075932,32500
2020-02-03,34.407230377197266,34.484778312118394,33.887672524906314,33.887672524906314,34500
2020-02-04,34.0970458984375,34.89577036234504,34.07378003998652,34.85699787579488,59900
2020-02-05,34.87250900268555,35.0120923269537,34.190101968280274,34.399476954682505,33100
2020-02-06,34.539066314697266,35.05087094040193,34.49253754575984,35.05087094040193,23800
2020-02-07,34.14356994628906,34.469265324523406,34.02725249260969,34.329682013587394,43600
2020-02-10,34.1125602722168,34.18235194106245,33.99623983809021,34.14357649091924,23400
2020-02-11,34.329681396484375,34.57007552947533,34.275399327446245,34.275399327446245,21600
2020-02-12,34.244384765625,34.546814321866556,34.12031102567587,34.546814321866556,15800
2020-02-13,34.484779357910156,34.57008060983463,34.035010196181574,34.17459352512138,29300
2020-02-14,34.07379150390625,34.53907037350176,33.856663139652944,34.53907037350176,22000
2020-02-18,33.71707534790039,34.57783833339867,33.53871950665822,33.98848872573547,22500
2020-02-19,33.5232048034668,33.94195477980201,33.49218562933428,33.85665353001321,11000
2020-02-20,33.66279220581055,33.77911264381942,33.36811593216592,33.554228041349795,15000
2020-02-21,33.507694244384766,33.67829673901339,33.251793460593,33.67054046662963,17600
2020-02-24,32.68570327758789,33.06567775450433,32.68570327758789,32.708966175886616,24900
2020-02-25,31.941268920898438,32.778769044008705,31.79393225101135,32.577147329266516,30100
2020-02-26,31.5302677154541,32.360011369164646,31.375174807868234,31.987790165849265,29900
2020-02-27,30.180967330932617,31.81719195799544,30.11893193443177,31.07274945107588,34100
2020-02-28,29.994853973388672,30.297283514493156,28.8859436839048,29.75445982007814,95000
2020-03-02,31.07274055480957,31.14253220473609,29.932811258726705,30.149942479692935,76200
2020-03-03,29.940576553344727,31.78617621795187,29.70018236267038,31.06499660408043,29000
2020-03-04,30.45238494873047,31.033981293148962,29.60713147651618,30.09567323411027,32900
2020-03-05,29.382247924804688,30.537687339698085,28.754125743003065,29.839770517527295,50100
2020-03-06,28.513729095458984,29.149607498110463,27.839078196675462,28.560257865708547,40400
2020-03-09,25.163732528686523,27.079120898793015,24.931094612424182,26.893011749043783,66200
2020-03-10,27.435834884643555,27.83907531054621,25.605744858682097,25.985719422796066,87800
2020-03-11,26.17182731628418,28.172519535485964,25.64451322555585,27.14890756783899,86400
2020-03-12,23.058183670043945,26.171822259330852,22.71309478362017,24.893427003594702,92800
2020-03-13,26.51692008972168,26.51692008972168,24.328744155906637,24.44638768552797,84700
2020-03-16,23.795421600341797,27.3717945281561,23.65424878793881,26.179670218884667,64500
2020-03-17,26.57181739807129,26.618873009671713,23.544449389183228,24.140511569457058,76000
2020-03-18,24.09345054626465,25.348318089448068,23.136614811245437,25.348318089448068,71300
2020-03-19,25.834579467773438,27.128662567937937,23.277788659829433,23.881693907117082,66700
2020-03-20,23.32485008239746,25.677728201911393,23.230735855168106,25.677728201911393,117600
2020-03-23,22.893489837646484,23.756211560628373,21.71705153246718,23.756211560628373,66500
2020-03-24,24.34442901611328,25.018919246837832,22.822901828626563,23.654251087474158,60600
2020-03-25,24.038557052612305,25.21499691811324,23.30916502412435,24.187572998283297,59400
2020-03-26,25.277738571166992,25.5051840391228,24.35227348733904,24.532661839686956,64300
2020-03-27,23.960126876831055,25.011078578068087,23.960126876831055,24.22678635302067,51500
2020-03-30,25.05813980102539,25.24636827923126,24.187574861769534,24.41501885286734,46400
2020-03-31,24.93265151977539,25.065979767125118,23.59935408709054,24.689519843514837,92800
2020-04-01,23.99934196472168,24.40717427361405,23.630723668026445,24.40717427361405,67100
2020-04-02,24.65030288696289,24.909119240543685,23.724837896607745,23.78758120972071,52500
2020-04-03,24.187572479248047,24.815005664527114,23.52876688674567,24.66599121797253,66500
2020-04-06,25.403221130371094,25.4816521369863,23.795422892721717,24.956174864093875,64200
2020-04-07,25.316951751708984,27.39532731892432,24.579718146411356,26.19536118694058,61100
2020-04-08,25.952224731445312,26.23457035550753,25.30126087687556,25.685565307812865,50300
2020-04-09,27.26983642578125,27.450223248105516,25.465965210701697,26.422799529472282,64600
2020-04-13,26.45417594909668,28.281578238956047,25.834584383637612,26.88553606728611,45800
2020-04-14,25.86595916748047,27.08161160932145,25.246367545075103,27.08161160932145,43700
2020-04-15,24.27384376525879,25.152250176233153,23.59935200632164,24.728733173493026,41400
2020-04-16,23.685626983642578,24.516976365063186,23.058192274560845,24.469919248055657,65900
2020-04-17,25.622825622558594,26.116930563332257,24.42285947251712,24.42285947251712,62800
2020-04-20,24.658145904541016,25.364008548649775,24.054240582925882,24.689516813031908,43900
2020-04-21,24.32874298095703,24.67383045172455,23.80326717783539,23.80326717783539,34400
2020-04-22,24.179729461669922,25.058137420039174,23.99149950543052,24.6895191134748,33300
2020-04-23,24.179729461669922,24.862064361966624,23.685626013531333,23.9522854921835,54000
2020-04-24,24.477760314941406,24.587562246764602,23.96012755150794,24.273845647095644,25300
2020-04-27,26.250261306762695,26.665935221952232,24.336587889624187,24.556188751711133,41200
2020-04-28,26.62672233581543,27.277683343891507,26.477704894379197,27.00318225467343,51900
2020-04-29,27.999229431152344,28.618820927285668,25.583608252634225,27.630611175405704,67500
2020-04-30,26.587505340576172,27.442383912072284,26.50123272454233,27.2698386800046,40300
2020-05-01,25.975759506225586,26.50907849659552,25.426754311216815,25.92085928590847,48200
2020-05-04,25.63850975036621,25.787527176222188,25.09734923455745,25.591454135327208,34000
2020-05-05,24.399328231811523,26.226727308160562,24.116982591075743,26.21888570340101,69200
2020-05-06,23.881704330444336,24.57972409219518,23.811117894321324,24.48560834539148,57700
2020-05-07,23.881704330444336,24.595410299315635,23.67778812563553,24.415021909268468,60300
2020-05-08,25.10518455505371,25.10518455505371,24.352264984540774,24.352264984540774,44500
2020-05-11,24.15619659423828,24.720887875609108,23.936595758966067,24.720887875609108,70000
2020-05-12,22.752317428588867,24.462074703543973,22.67388790758824,24.211101433076927,86900
2020-05-13,22.077823638916016,22.74447226305123,21.583720244509067,22.74447226305123,59700
2020-05-14,22.124881744384766,22.156254149717338,20.744528819961204,21.803322069318995,59000
2020-05-15,22.603300094604492,22.69741581318599,21.740578408628732,21.79548011708712,57900
2020-05-18,24.391490936279297,24.44639115817333,23.489555086502943,23.489555086502943,65700
2020-05-19,23.473861694335938,24.430697473048436,23.426804589394248,24.25815375764997,54400
2020-05-20,24.626773834228516,24.846376180318302,23.82679546195708,24.030711605629325,37500
2020-05-21,24.36795997619629,24.822849421509687,24.15620070960589,24.383646180221966,30300
2020-05-22,24.540504455566406,24.681675799594075,24.156199948637415,24.462074933827452,34400
2020-05-26,25.732627868652344,26.022815141662946,25.065977711073526,25.434595998301376,37100
2020-05-27,27.826690673828125,27.95217732318663,26.367906505136954,26.48555154783955,48100
2020-05-28,26.485549926757812,28.1560932749633,26.43064970801356,28.1560932749633,39600
2020-05-29,25.756155014038086,26.26594612189772,25.418909141177807,25.967914259218063,38900
2020-06-01,25.607141494750977,26.14830203501362,25.56792449133011,25.850270161671425,80400
2020-06-02,25.48949432373047,26.211041650043516,25.254207282186524,25.685567356989935,47800
2020-06-03,26.88553810119629,27.26199803237766,25.5679268461427,26.07771801919278,38200
2020-06-04,26.948286056518555,27.37180465034619,26.618881708484416,26.642412513811237,46200
2020-06-05,28.171775817871094,28.767839595555206,27.575715032024448,28.156092605891875,80600
2020-06-08,28.689407348632812,28.96390839545713,28.49333431751915,28.807049372198794,38300
2020-06-09,28.43059539794922,29.07371483381099,27.403171425127294,28.03060764806939,35200
2020-06-10,26.84632682800293,28.375697511520837,26.76789878960217,28.375697511520837,31800
2020-06-11,24.815004348754883,25.669882953318364,24.65814680871157,25.33263707314322,54500
2020-06-12,25.394495010375977,25.97398917422994,24.68799031449067,25.97398917422994,50600
2020-06-15,25.672334671020508,25.87872811235665,24.314891333275185,24.457780265048697,37400
2020-06-16,26.347089767456055,27.140915945751036,25.450068366291443,26.75987974355423,51400
2020-06-17,25.172231674194336,26.275649765440903,25.092850254127544,26.275649765440903,28200
2020-06-18,25.275419235229492,25.616764647682675,24.854690922235566,24.942012264240674,56100
2020-06-19,25.029340744018555,25.648525727889734,24.767378157400618,25.648525727889734,120000
2020-06-22,25.307174682617188,25.664398537210005,24.85469406073225,24.85469406073225,35400
2020-06-23,25.211917877197266,25.735841483749002,25.196040991334225,25.608829425051034,51700
2020-06-24,24.584794998168945,24.910263594274493,24.33077087575517,24.910263594274493,53100
2020-06-25,25.394495010375977,25.450064105399907,24.140249919221812,24.370460199154746,47800
2020-06-26,24.370468139648438,25.15635599895494,23.97355498762878,24.95789942294511,122800
2020-06-29,25.569141387939453,25.91048689903563,24.529229481237383,24.74356292040521,46400
2020-06-30,26.005746841430664,26.053377506995098,25.203983654440577,25.203983654440577,75100
2020-07-01,24.989643096923828,26.132751491612247,24.799125031142424,26.132751491612247,49700
2020-07-02,25.203981399536133,25.846981700198352,25.108721591033227,25.65646208319254,63900
2020-07-06,25.061092376708984,25.89460926393792,24.886451161375255,25.84698163096897,33400
2020-07-07,24.370468139648438,24.94202253347948,24.31489902651873,24.791195111763024,35500
2020-07-08,24.07674789428711,24.50541475675136,23.544884294990688,24.21963684844186,52500
2020-07-09,22.893939971923828,23.84653169479639,22.86218620791343,23.84653169479639,53800
2020-07-10,24.01323699951172,24.01323699951172,22.75899195398564,22.75899195398564,39400
2020-07-13,24.378402709960938,24.83882337526519,23.838602147324643,24.362527336135877,40400
2020-07-14,24.362524032592773,24.640363477251967,23.973549415711172,24.306956446481568,27900
2020-07-15,26.450286865234375,26.94245822641954,25.029338855376906,25.06902955691973,78100
2020-07-16,25.918426513671875,26.434411724207415,25.386561387623093,26.2835858371044,43600
2020-07-17,25.394495010375977,26.053370567486652,25.31511210301624,25.775532662882107,32000
2020-07-20,24.783248901367188,25.156348116383807,24.560978574909328,25.156348116383807,43800
2020-07-21,25.918426513671875,26.10100617538814,24.807068627861053,24.902328437597497,38800
2020-07-22,25.24367332458496,25.759661581611272,25.013464506894636,25.592958801294486,48800
2020-07-23,25.751720428466797,25.958116932981397,25.13253697133617,25.13253697133617,46300
2020-07-24,25.41831398010254,25.997806712914013,25.37862176368195,25.799350173120775,47800
2020-07-27,24.783248901367188,25.203977255752914,24.48159566655879,25.203977255752914,50900
2020-07-28,25.013458251953125,25.267482337925255,24.79118641967602,24.79118641967602,32900
2020-07-29,25.529443740844727,25.56119750724345,24.79912376880626,24.957889572594027,31600
2020-07-30,24.981706619262695,25.140472443615984,24.53716443081785,25.140472443615984,42100
2020-07-31,24.29901885986328,24.87057314099495,24.04499473491587,24.822943996093116,70500
2020-08-03,24.93407440185547,24.97376509599619,24.370458671722027,24.568915170631477,68100
2020-08-04,24.775314331054688,25.045215353165336,24.513351752430033,24.815006548484654,37300
2020-08-05,25.497692108154297,25.553259689899168,24.83881805537678,25.037274569667346,42000
2020-08-06,25.31511878967285,25.569142949038742,25.156354447120883,25.31511878967285,41500
2020-08-07,26.458227157592773,26.577299263729447,25.100783647368853,25.124597462954895,46700
2020-08-10,27.06153106689453,27.52988857312111,26.616987373935117,26.688431841942773,40800
2020-08-11,27.22029685974121,27.85535711459509,27.029777269181967,27.307618212572276,47600
2020-08-12,27.14885711669922,27.704536071982094,26.886893012614713,27.704536071982094,38300
2020-08-13,26.799571990966797,27.125040621692346,26.67255991624967,27.005968505011325,37900
2020-08-14,26.95833396911621,27.148853567928995,26.47409955749807,26.577297799696925,38600
2020-08-17,26.704317092895508,26.82339225294801,26.41853913133519,26.82339225294801,21100
2020-08-18,25.894603729248047,26.62492523680826,25.751714804469003,26.62492523680826,32800
2020-08-19,25.894603729248047,26.27563985259019,25.799345455463992,25.846976106458982,28900
2020-08-20,25.640583038330078,25.846979525067805,25.39449736538636,25.640583038330078,34400
2020-08-21,25.362747192382812,25.84698164928749,25.22779668049643,25.712029623297813,37400
2020-08-24,26.14069366455078,26.243891905248354,25.45800273536201,25.680273073904868,31400
2020-08-25,26.204200744628906,26.450287949411628,25.926362794234336,26.450287949411628,22400
2020-08-26,25.4818172454834,26.108940607170208,25.473880316692696,26.10100367837951,30000
2020-08-27,25.719968795776367,25.997806740499108,25.378621790610055,25.48181852520661,40400
2020-08-28,25.82316017150879,26.013679753957202,25.545322268152802,26.013679753957202,79200
2020-08-31,25.61676597595215,25.958111406104628,25.569135324696244,25.807282524563895,71200
2020-09-01,25.48975944519043,25.86285872351328,25.172227757910562,25.545327036233417,42600
2020-09-02,25.42624855041504,25.902546018655165,25.219855100588653,25.442125435510327,35000
2020-09-03,25.4818172454834,26.26770643684117,25.44212654511724,25.521510974055886,76800
2020-09-04,25.831104278564453,26.164509816167115,25.521512557017264,26.029560820910756,44100
2020-09-08,25.04521369934082,25.71202776709934,24.64830063587042,25.672337066393574,53900
2020-09-09,24.79912757873535,25.346868020440162,24.7356215502843,25.346868020440162,53500
2020-09-10,24.513351440429688,24.97377055803422,24.489537624378084,24.854696935466425,50300
2020-09-11,24.322830200195312,24.497472903902597,24.044992288121108,24.481596019183197,62800
2020-09-14,24.350969314575195,24.688617456372455,24.25449732165433,24.511753924949563,45200
2020-09-15,23.949007034301758,24.495676584902142,23.932928112215464,24.471559735143103,44400
2020-09-16,24.182144165039062,24.37508662113867,23.932927017581697,24.125869473681302,42000
2020-09-17,24.053516387939453,24.246458848266062,23.957044391090964,24.109791080530087,39800
2020-09-18,23.707828521728516,24.230381238409002,23.563121285306437,24.230381238409002,269600
2020-09-21,22.992334365844727,23.579201265779666,22.606449406986453,23.32194462654082,90200
2020-09-22,22.799386978149414,23.370174831909733,22.542130394292922,23.185271853934154,103500
2020-09-23,22.550167083740234,23.297819947913396,22.509971319731616,22.831542031910903,45000
2020-09-24,22.686838150024414,23.26566705007268,22.50997461577096,22.654681840783027,63000
2020-09-25,22.710954666137695,22.936054945815343,22.50997276643736,22.50997276643736,69000
2020-09-28,23.321943283081055,23.579199907500644,23.008411963740983,23.016449891554966,47400
2020-09-29,23.313901901245117,23.466648584424547,22.887819693795258,23.297822980200902,58200
2020-09-30,22.7189998626709,23.370180952779354,22.582332075031285,23.12096376356733,80400
2020-10-01,22.622528076171875,23.00841459022182,22.34919249818136,22.85566787702227,99200
2020-10-02,23.44253158569336,23.64351351049071,22.30095419150959,22.381347268102612,100800
2020-10-05,24.326852798461914,24.39920641535829,23.00841183878651,23.00841183878651,46700
2020-10-06,24.415283203125,25.26744607572892,24.334890132116264,24.67253980365673,66000
2020-10-07,24.953916549682617,25.04234755401082,24.431362317867674,24.704697858599353,46200
2020-10-08,25.275487899780273,25.428233062273375,24.881563501707312,25.15489904867556,44700
2020-10-09,25.09058380126953,25.54882389693461,24.9056807907595,25.54882389693461,29100
2020-10-12,25.556865692138672,25.61314039322682,24.93784091342784,25.074508701800745,37900
2020-10-13,25.04234504699707,25.371955248404664,24.704695385388042,25.315680560364868,64500
2020-10-14,24.487634658813477,25.08254244915681,24.455478351248303,24.688616564549122,24800
2020-10-15,25.026268005371094,25.154897844880328,24.117830401594013,24.117830401594013,35000
2020-10-16,24.84136390686035,25.09862050774541,24.616265147771074,24.833324446411407,39200
2020-10-19,24.576072692871094,25.323725795015612,24.51175852996461,25.026271833216494,33500
2020-10-20,24.921754837036133,25.170971956062846,24.74489132246397,24.809205467160226,44900
2020-10-21,25.444311141967773,25.572939450002178,25.082544600634904,25.082544600634904,46200
2020-10-22,26.489416122436523,26.61000342735011,25.508623428755183,25.508623428755183,69900
2020-10-23,26.272356033325195,26.553729486120837,25.773921745484074,26.529612637807105,54300
2020-10-26,26.015098571777344,26.103531101668466,25.613134757174457,25.8141166644759,35900
2020-10-27,25.187053680419922,25.89450935086127,25.146857910522353,25.89450935086127,36100
2020-10-28,24.953916549682617,25.235290018050172,24.656462625932114,24.656462625932114,49500
2020-10-29,25.23529052734375,25.396076683973366,24.71273781835315,24.809209819005005,43100
2020-10-30,25.580978393554688,25.72568562050931,25.002151019106556,25.15489770682203,49200
2020-11-02,25.86235237121582,26.031179517204045,25.492546369033555,25.918630131039073,29700
2020-11-03,26.44922637939453,26.529617934317177,25.982946773967704,26.39295167760043,79600
2020-11-04,24.50371742248535,25.999023526363363,24.399207489794215,25.999023526363363,36500
2020-11-05,25.243328094482422,25.323721166765264,24.543911892373426,24.543911892373426,25700
2020-11-06,24.334890365600586,25.50058453961567,24.286653602510356,25.50058453961567,39000
2020-11-09,27.22099494934082,27.840019704035218,25.95882858806169,26.14373160828348,120400
2020-11-10,28.346485137939453,28.49923334094221,26.93157394568135,27.582756389887034,50900
2020-11-11,27.405895233154297,28.708257239793518,27.06824400669774,28.507275316132,34100
2020-11-12,26.698436737060547,27.39785600628749,26.529612665208788,26.947655414608835,24300
2020-11-13,27.622957229614258,27.711389770388347,26.96373673787765,27.100402979626036,39100
2020-11-16,28.62786865234375,28.90924214782038,27.9204113493354,28.290217391030705,61500
2020-11-17,28.491191864013672,28.8127641174371,27.679226370892927,28.25001420731624,40100
2020-11-18,27.912368774414062,28.925316256247857,27.85609408468666,28.77257110795071,39500
2020-11-19,27.84001922607422,28.105313792536585,26.810989606464066,27.92041077548923,49400
2020-11-20,27.550600051879883,27.5586379787568,26.819026036460137,27.357656072688293,46400
2020-11-23,27.76766586303711,28.07315620704687,27.56668392089018,27.82394056149896,31200
2020-11-24,29.094141006469727,29.26296814634444,28.442961562455313,28.51531517476143,63200
2020-11-25,28.539432525634766,28.933358436622118,28.105310844156637,28.105310844156637,33200
2020-11-27,27.87217140197754,28.49119608821516,27.462169631477686,28.49119608821516,19000
2020-11-30,27.212947845458984,28.016875439909654,27.05216477996117,27.9766796735352,62100
2020-12-01,27.783740997314453,28.459040353501493,27.59079700980074,27.687267470187276,55800
2020-12-02,28.193742752075195,28.193742752075195,27.614913856314473,27.719425310658078,30600
2020-12-03,28.097270965576172,28.298252870813855,27.904326987182177,28.298252870813855,70500
2020-12-04,28.72433853149414,28.748455382966146,28.16158848546605,28.28217887630815,24100
2020-12-07,28.643943786621094,28.812767861573466,28.097272724807098,28.097272724807098,41800
2020-12-08,28.796689987182617,28.941397218614956,28.451000830621005,28.82884783122109,57500
2020-12-09,29.79356575012207,30.951220692786467,29.63277957473338,30.943182764050583,64300
2020-12-10,29.938268661499023,30.002581282287125,29.447872277684056,29.745324665653172,50400
2020-12-11,30.05081558227539,30.40454263443871,29.616693927297323,29.769439072534556,55700
2020-12-14,29.94115447998047,30.6153568243737,29.746202575166585,30.2660701897964,41000
2020-12-15,30.41228675842285,30.542253676672942,29.74620591505917,30.225459507104333,46000
2020-12-16,30.41228675842285,30.74532718010469,30.225459507104333,30.509764271102235,41700
2020-12-17,30.387910842895508,30.761565246097426,29.85991863501741,30.590984292286322,45500
2020-12-18,30.054882049560547,30.4041687645155,29.648734994836758,30.347308424746657,222100
2020-12-21,29.161357879638672,30.127986691749555,29.120740697872467,29.892420671591605,56800
2020-12-22,29.09636688232422,29.5593741515793,28.925785909157668,29.09636688232422,85700
2020-12-23,30.03863525390625,30.03863525390625,29.08012797414846,29.12886673535271,42500
2020-12-24,30.111740112304688,30.111740112304688,29.648732752824287,29.933034430169837,20300
2020-12-28,30.52601432800293,30.7697019427633,30.217341696689846,30.274202036845395,43500
2020-12-29,29.78682518005371,30.501644904162877,29.396924357445883,30.501644904162877,28900
2020-12-30,29.89241600036621,30.3391770420768,29.673096267456195,29.75432751963885,40700
2020-12-31,30.09549331665039,30.184846156106094,29.62436438859646,29.843684149445227,24600
2021-01-04,29.78682518005371,30.85093163874711,29.51876972017296,30.095497826614352,60700
2021-01-05,30.184846878051758,30.47727323284422,29.64061135003149,29.90866677615398,46600
2021-01-06,32.15059280395508,32.84916292802449,30.86716700431587,30.86716700431587,104200
2021-01-07,32.18309020996094,32.63797600501892,31.80943568115758,32.63797600501892,36000
2021-01-08,31.858171463012695,32.28868628862454,30.972770884862676,32.12622686995692,48700
2021-01-11,31.711956024169922,31.858169180630203,31.200209976558934,31.508882540047914,39700
2021-01-12,32.17496871948242,32.41053474427251,31.679468839288088,31.70383666990224,79800
2021-01-13,31.38703727722168,32.08561055987989,31.094610963675876,32.08561055987989,75900
2021-01-14,31.62261199951172,31.898792138755955,31.35455343848511,31.744457363370415,89000
2021-01-15,31.736328125,31.906909130959328,31.02963317270001,31.18396792590285,194700
2021-01-19,32.05311965942383,32.329299736159065,31.549498260196852,32.174964995704755,116600
2021-01-20,31.395166397094727,32.26432078616646,31.12710787217149,32.00438693702291,61500
2021-01-21,31.476394653320312,31.760696333307294,30.972773206490842,31.395166487225723,82200
2021-01-22,31.980010986328125,31.98001098632812,31.12710298409707,31.12710298409707,96700
2021-01-25,31.882537841796875,31.96376599810994,30.867170394605893,31.606357772214707,74600
2021-01-26,31.435779571533203,32.02875384142101,31.435779571533207,32.02875384142101,54100
2021-01-27,29.989892959594727,31.387039629624816,29.51064247483236,30.84280413757933,97600
2021-01-28,29.94115447998047,30.526007095766715,29.70558849877152,30.339176766769683,96100
2021-01-29,29.616243362426758,30.168603621074904,29.258835059218754,29.90054816833295,105100
2021-02-01,29.981767654418945,30.217333628541247,29.405039730454952,29.77869417989737,33200
2021-02-02,30.704721450805664,30.769706476934456,30.11987170892954,30.387927195069306,34800
2021-02-03,30.590988159179688,30.7696938088027,29.973646158403863,30.53412783405515,36900
2021-02-04,31.744447708129883,31.793183359925102,29.90866172367734,30.672216888804414,36000
2021-02-05,31.825679779052734,31.90690794115031,31.2733196005531,31.801311950154616,52200
2021-02-08,32.57298278808594,32.57298278808594,31.75256734681034,31.77693517122139,56300
2021-02-09,32.816673278808594,32.849162678325065,32.10997538752361,32.126221636609436,43800
2021-02-10,32.42677688598633,32.865416415275064,32.29680996234402,32.849170162487795,27400
2021-02-11,31.971895217895508,32.516130759600955,31.549501927980128,32.516130759600955,36300
2021-02-12,31.768817901611328,32.16684021466015,31.289564331757724,31.833799808399547,38900
2021-02-16,31.614492416381836,32.020639563141046,31.411418843002227,31.760705637107698,125000
2021-02-17,31.663219451904297,31.947524208437617,31.500760033693208,31.55762036526874,61500
2021-02-18,31.281444549560547,31.679470023521162,31.208337956329256,31.581995598764802,53400
2021-02-19,31.98813819885254,32.061244781910254,31.26519704342379,31.35454677946708,59500
2021-02-22,32.47551727294922,32.67046921751718,31.7931901149454,31.7931901149454,114400
2021-02-23,32.873538970947266,33.92952054477162,32.54049855692599,32.54049855692599,168400
2021-02-24,33.40964889526367,33.6127223697813,32.93039537145586,33.157836671345905,196400
2021-02-25,33.67770767211914,33.9620124243547,33.4908804285301,33.71020017500131,111900
2021-02-26,33.190338134765625,33.70208429638244,32.73545231347777,33.46651825864465,113500
2021-03-01,34.07573318481445,34.18945384657691,33.409652367072376,33.767060603848044,90500
2021-03-02,33.83204650878906,34.16508692650967,33.409653254836336,34.04324158643757,47400
2021-03-03,34.65245056152344,35.31040960144678,33.50711652076001,34.116336821137466,69500
2021-03-04,34.70119857788086,35.87090075179109,34.319419429345594,34.823040811336114,74800
2021-03-05,35.927764892578125,36.00087147987045,34.59560316738988,35.131717107981636,96500
2021-03-08,37.519859313964844,37.674197159447054,36.10646946775944,36.10646946775944,67100
2021-03-09,37.008121490478516,37.463004217829756,36.439514982633284,37.389897622554564,57700
2021-03-10,38.06409454345703,38.234675527266084,36.61821232109472,37.138079947173054,57600
2021-03-11,38.08034896850586,38.28342249720083,37.24368392319638,37.86102918567654,56800
2021-03-12,38.64956283569336,38.92802983387109,37.986158460853886,38.44480778186603,58600
2021-03-15,37.805973052978516,38.92802987430991,37.191707890858424,38.56766210395256,65000
2021-03-16,37.240848541259766,37.63397785228688,36.626583406971015,37.56026591119967,35000
2021-03-17,36.98695755004883,37.46199083562577,36.53649699862162,37.134381457688946,40400
2021-03-18,36.872283935546875,37.89605902330313,36.47915467676611,37.16713166071086,46400
2021-03-19,37.62577438354492,37.707678250967554,36.446386811476806,36.970559065729304,333900
2021-03-22,36.258018493652344,37.47016780962532,35.65194227350906,37.21627046583453,57200
2021-03-23,35.31614685058594,36.55286898668926,35.144153374485896,36.00412387929993,53300
2021-03-24,35.28340148925781,37.068863145466,35.258828751917505,35.53729582202612,67500
2021-03-25,36.004127502441406,36.42182955707691,34.91483225321014,35.217868854592865,36100
2021-03-26,36.88047790527344,36.96238179830525,36.54467975462814,36.71667636783793,41400
2021-03-29,36.33173370361328,37.01151879130303,35.905842858318344,36.88047569462104,53200
2021-03-30,36.60200881958008,37.24084665135406,36.41363456287554,36.62658154823816,43500
2021-03-31,36.06145095825195,37.208080251158016,35.66013289275426,36.413629821459665,101000
2021-04-01,36.65934371948242,36.72486683683721,35.74204194671483,36.06145933303391,52700
2021-04-05,36.74943161010742,36.896855480451116,36.28259039545699,36.79857394165992,42300
2021-04-06,36.48735427856445,36.72487091890486,36.01232412219819,36.61020857510316,26400
2021-04-07,36.16792678833008,36.75762224865343,35.96317176730821,36.683910316113014,38100
2021-04-08,36.26620101928711,36.37267448358163,35.77479031753445,36.07782681280482,26900
2021-04-09,36.43821716308594,36.69211147492933,35.96318385498006,36.46278677408634,45100
2021-04-12,36.81495666503906,36.81495666503906,36.331734647659296,36.651152008851795,32300
2021-04-13,36.56924819946289,36.8559039806984,36.11878465135896,36.839523204011556,91100
2021-04-14,36.66753387451172,37.29817978873446,36.528298819112756,36.74124581576669,39800
2021-04-15,36.913230895996094,36.970562045656436,36.110591676437934,36.110591676437934,47400
2021-04-16,37.019718170166016,37.281804416116806,36.65115841044943,37.240854025995965,28300
2021-04-19,36.978759765625,37.355508271987105,36.73305122952345,36.89685587881988,40000
2021-04-20,35.954986572265625,37.20808642768984,35.75842035753536,37.20808642768984,31000
2021-04-21,36.74943161010742,36.847716273212406,36.03688498632209,36.077835367125616,33000
2021-04-22,36.74124526977539,37.15075535414771,36.57744061116366,36.97056991724341,40700
2021-04-23,37.20808792114258,37.412842971061124,36.81495860021667,36.81495860021667,42000
2021-04-26,36.90504455566406,37.63397189983761,36.626577613858196,37.30636263030828,39500
2021-04-27,36.798580169677734,36.86410016518961,36.45459003921885,36.86410016518961,36500
2021-04-28,36.52829360961914,37.15075060795901,36.045071646821185,36.82314133258923,37000
2021-04-29,36.52010726928711,37.20808429493749,36.34811379395297,36.90504772539917,24600
2021-04-30,36.49553680419922,36.64296067223903,36.061454026387004,36.274401002139506,57200
2021-05-03,37.06884765625,37.38007616322222,36.65114878778002,36.67571839053894,25800
2021-05-04,37.044288635253906,37.47836840433,36.77401355476026,37.01971902547664,39800
2021-05-05,37.003326416015625,37.01151524188562,36.536485233586646,36.905044884007836,41400
2021-05-06,37.16713333129883,37.21627253815912,36.3317324472225,37.02789828846256,39100
2021-05-07,37.16713333129883,37.298176423449206,36.806762484649965,36.806762484649965,35700
2021-05-10,36.544677734375,37.34731709583114,36.544677734375,37.15894283874271,30000
2021-05-11,36.16792678833008,36.88866533713488,35.881271008624935,36.389062585951336,32000
2021-05-12,35.43081283569336,36.44639926866448,35.07044506880123,36.31535616031151,34900
2021-05-13,36.52829360961914,36.61838631656151,35.35709466799552,35.35709466799552,30600
2021-05-14,36.774009704589844,36.94600320365245,36.159744529954025,36.667536199511645,26300
2021-05-17,36.937808990478516,37.01971288333791,36.36449736203302,36.56925240771042,19800
2021-05-18,36.839515686035156,37.20807527549156,36.7002837990811,36.98693952181772,34100
2021-05-19,36.59381103515625,37.16712561591967,35.971354133420036,36.45457602122323,31900
2021-05-20,36.6429557800293,36.6429557800293,36.10240271082394,36.503720756886004,29800
2021-05-21,36.94599914550781,37.22446611906184,36.53648907406448,37.01151913229552,25700
2021-05-24,36.544677734375,36.96237975496082,36.413634637082446,36.96237975496082,36300
2021-05-25,35.24243927001953,36.67572466328354,35.135968890311865,36.55287350416372,45700
2021-05-26,35.5045166015625,35.75841393240297,35.15233774317328,35.30795354646501,24800
2021-05-27,36.06965255737305,36.23345723222473,35.64376165248441,35.94679827015571,40500
2021-05-28,36.18431091308594,36.18431091308594,35.44719151947564,35.84032082129648,26500
2021-06-01,36.53649139404297,36.77400800039717,35.77480236284785,36.38087555745238,31900
2021-06-02,36.22526168823242,36.602010216015174,35.96317548418234,36.4955398435857,28500
2021-06-03,36.35630798339844,36.364499935421115,35.97955942252621,36.08603292862115,60400
2021-06-04,36.22526168823242,36.29897362839114,35.80756277687572,36.21707286124323,36900
2021-06-07,36.33993148803711,36.39726266169796,35.93042131942267,36.21708031204156,25500
2021-06-08,36.307159423828125,36.757619815394186,35.97955016215455,36.757619815394186,33400
2021-06-09,35.905853271484375,36.64297285679105,35.87309170673413,36.585638556320724,28600
2021-06-10,35.38167190551758,36.12698013391066,35.38167190551758,36.118788182609485,32300
2021-06-11,35.4144287109375,35.67651487976199,35.19329292018303,35.602802949510505,44600
2021-06-14,34.980587005615234,35.66647919956215,34.65829689382802,35.57557710283106,32500
2021-06-15,35.24502944946289,35.46814877644246,34.82357482654043,34.98058869297065,34400
2021-06-16,35.360721588134766,35.59210646001827,34.71614449128686,35.17065499303296,38300
2021-06-17,34.26990509033203,35.49294445259887,34.08810087689282,35.49294445259887,34000
2021-06-18,33.063385009765625,33.79059858998814,32.85679049341463,33.79059858998814,131400
2021-06-21,34.01372146606445,34.228578378675216,33.426993788952174,33.426993788952174,41400
2021-06-22,33.732749938964844,34.319477566413774,33.40219747574696,34.013718586985476,27100
2021-06-23,33.50962829589844,33.823652828183704,33.319561728362665,33.782334557394535,59100
2021-06-24,33.93935012817383,33.98066840490499,33.294776184496854,33.6583814330665,33300
2021-06-25,33.63358688354492,34.45169937842075,33.05512162463736,33.69969548755553,227300
2021-06-28,33.60053253173828,33.724490504414604,33.055123126250436,33.70796256456561,61500
2021-06-29,33.344356536865234,34.42691303021465,33.344356536865234,33.84018531004663,55000
2021-06-30,33.369144439697266,33.81538616277748,33.162549940210944,33.162549940210944,50100
2021-07-01,33.798858642578125,33.98892518844328,33.42698794311081,33.67490069196181,91000
2021-07-02,33.369144439697266,33.80712376984606,33.29477029378691,33.66664102333866,40200
2021-07-06,32.71630859375,33.34435455288564,32.170899182369865,33.34435455288564,50100
2021-07-07,32.81547164916992,33.15428652399013,32.319646079514726,32.65019540849083,40200
2021-07-08,32.29486083984375,32.840270313431716,31.947780364442725,32.840270313431716,41800
2021-07-09,33.22039794921875,33.44352039904839,32.75762511041853,32.84852719950268,49100
2021-07-12,33.26171112060547,34.28642112354282,32.84025977047302,33.14601871674093,49400
2021-07-13,33.05511474609375,33.360873674828326,32.57581406913232,33.22865334193921,52700
2021-07-14,33.187347412109375,33.4269978396493,32.98075286817134,33.12123879728814,43400
2021-07-15,33.757545471191406,34.00546143299068,32.78241902208698,33.04686292483169,53100
2021-07-16,33.1295051574707,34.07157588620911,33.07992132613286,34.07157588620911,44700
2021-07-19,32.20395278930664,33.64184879400472,31.972564797635748,32.575820380340346,61500
2021-07-20,32.509708404541016,33.50962495902481,32.22873977781862,32.22873977781862,61700
2021-07-21,32.84026336669922,33.71622203610056,32.65845919649958,32.96421817625013,43700
2021-07-22,32.20395278930664,33.063383543400505,32.063466885179814,32.94769112375606,35100
2021-07-23,32.45186233520508,32.55102680611168,32.07999162882821,32.50970853926574,25400
2021-07-26,33.00553894042969,33.27824521633839,32.48492302668388,32.48492302668388,42200
2021-07-27,32.947689056396484,33.30303183865468,32.74936010727394,32.873314912380074,25500
2021-07-28,33.121238708496094,33.195609717827146,32.41881536956033,32.97249038506887,29700
2021-07-29,32.683250427246094,33.311299494827026,32.476655919928,33.311299494827026,86600
2021-07-30,32.856788635253906,33.09643901723975,32.56755758967235,32.7080434920848,48200
2021-08-02,32.509708404541016,33.59226464475592,32.435334263573864,32.99727151701867,32800
2021-08-03,32.78242111206055,33.079917763280015,32.369232019229635,32.64193833364169,44600
2021-08-04,32.55929946899414,32.93116710428667,32.31138350895594,32.58408980404501,45700
2021-08-05,32.74109649658203,33.16255105503601,32.64193201616192,32.790680312983085,32400
2021-08-06,33.517906188964844,33.72450077139894,33.02207729969313,33.02207729969313,50200
2021-08-09,33.294776916503906,33.633591836960406,33.18734687273501,33.517899398616606,24300
2021-08-10,33.70795822143555,33.84844096347804,33.20386715432911,33.20386715432911,22400
2021-08-11,34.162471771240234,34.170734165431746,33.575744059789436,33.79886653154869,51500
2021-08-12,34.47649002075195,34.69134690654954,34.14593757080605,34.17072790121836,38400
2021-08-13,34.650028228759766,34.79051096927779,34.12940922958349,34.48475200574075,28800
2021-08-16,34.32774353027344,34.592184243118616,34.1046210877387,34.56739391140874,26700
2021-08-17,34.046775817871094,34.36080035517908,33.881499579688885,34.170730632221215,29200
2021-08-18,33.98066329956055,34.42690818692996,33.906289151665646,33.96413536087479,33900
2021-08-19,33.64185333251953,34.59218945474627,33.377412579833944,33.74102097906345,33900
2021-08-20,34.2120475769043,34.40211412259601,33.50136205243342,33.50136205243342,62400
2021-08-23,34.26163864135742,34.79052017302721,34.22032036276745,34.3525407456849,24200
2021-08-24,34.31947708129883,34.48475331057155,34.195522273630694,34.459962979514295,26500
2021-08-25,34.699623107910156,34.88142417406815,34.50129094655817,34.50129094655817,29300
2021-08-26,34.22031784057617,34.798783155347984,34.145943683642905,34.72440899841472,47700
2021-08-27,35.088008880615234,35.25328510994788,34.12941053334412,34.418644722771724,38900
2021-08-30,34.37732696533203,35.12933089418672,34.319480751757226,35.12933089418672,31000
2021-08-31,34.426910400390625,34.65829525210399,34.20378794236037,34.29469003478553,49200
2021-09-01,34.37732696533203,34.542603212280994,34.03024968388319,34.542603212280994,33600
2021-09-02,34.2946891784668,34.559129903074044,34.16246881616318,34.559129903074044,17100
2021-09-03,34.09635543823242,34.18725752406726,33.96413508221318,34.17899513098316,75700
2021-09-07,33.757545471191406,34.1955280252897,33.74928307690989,34.18726247862577,21300
2021-09-08,33.42698669433594,33.823647708155285,33.27823842010599,33.683161825879665,46600
2021-09-09,33.493099212646484,33.889760272956174,33.41046267389184,33.46004648857376,33100
2021-09-10,33.23691940307617,33.90628346957478,33.154279723496344,33.90628346957478,35100
2021-09-13,33.5592155456543,33.64185209568702,33.08818027522667,33.53442521112094,46600
2021-09-14,32.89153289794922,33.6593653168358,32.77468959553503,33.6593653168358,54000
2021-09-15,33.133575439453125,33.36726210188383,32.89154100551161,33.00838433672696,34000
2021-09-16,33.116878509521484,33.525830112333445,32.724616079943786,33.35891291005843,42700
2021-09-17,32.74964904785156,33.56755525841391,32.532651638345534,33.150255976469396,571300
2021-09-20,32.52431106567383,32.65784672501908,31.881669710155673,32.382427636765044,84000
2021-09-21,32.60776901245117,32.824766444423766,32.41581170493153,32.824766444423766,31100
2021-09-22,32.649497985839844,32.97499094684366,32.05693371407693,32.75799670075484,40600
2021-09-23,33.542518615722656,33.81793769856926,32.91656962787986,32.91656962787986,39600
2021-09-24,34.02659225463867,34.143435573107624,33.41733553423512,33.41733553423512,34200
2021-09-27,35.20337677001953,35.46210353778221,34.143435938125656,34.143435938125656,36400
2021-09-28,35.01141357421875,35.620670199186584,34.92795179999916,35.38698359885403,31800
2021-09-29,35.71247482299805,35.762548701354596,34.91960551702912,35.17833222892159,36700
2021-09-30,35.13660430908203,35.846015120637844,35.00306864324374,35.846015120637844,48300
2021-10-01,35.787593841552734,36.046317405976225,34.98637665436957,35.32021741434101,43500
2021-10-04,35.95451354980469,36.096393800709876,35.63736515213121,35.846014827279824,38800
2021-10-05,35.87105178833008,36.08804923349372,35.779245421817876,36.08804923349372,15700
2021-10-06,35.66239929199219,35.84601201049188,35.220063034233256,35.62066999698984,21700
2021-10-07,36.16316223144531,36.16316223144531,35.82932148688256,35.88774313961985,27000
2021-10-08,36.38015365600586,36.48030459808529,36.054660706441915,36.054660706441915,19600
2021-10-11,35.92947006225586,36.70564703588833,35.77924205550499,36.58045915275666,34400
2021-10-12,35.896087646484375,36.08804814361698,35.645708680484454,35.71247810274645,23500
2021-10-13,35.629024505615234,35.629024505615234,35.20338048405838,35.487144226343624,13400
2021-10-14,35.88774490356445,35.99624362844144,35.553904142592856,35.95451432925535,20600
2021-10-15,35.77090072631836,36.52203764470694,35.754208370299764,36.35512045200373,41900
2021-10-18,35.946163177490234,36.07135424701243,35.62901480277752,35.77089822715208,26700
2021-10-19,35.87938690185547,36.17983965390034,35.503816982124064,36.17983965390034,23500
2021-10-20,36.4218864440918,36.46361574198318,35.912780732089395,35.912780732089395,27700
2021-10-21,36.43023681640625,36.50535083147325,36.17151005701067,36.271661015852814,24500
2021-10-22,36.23827362060547,36.713997803328226,36.196544322820344,36.3634646977022,23600
2021-10-25,36.7557258605957,36.8725691639471,36.029622731927056,36.446922063177034,44600
2021-10-26,36.638885498046875,36.922649193422664,36.346774032480965,36.67226702758288,62200
2021-10-27,35.562255859375,36.67227062287335,35.528871142824514,36.405199257953065,28700
2021-10-28,36.22993469238281,36.413547451800824,35.729176673277856,35.729176673277856,18400
2021-10-29,36.45526885986328,36.772417234597484,36.07135424945622,36.0963911898659,36600
2021-11-01,37.373329162597656,37.50686482866076,36.463616442623604,36.61384446491227,31800
2021-11-02,36.63053894042969,37.36498673813956,36.555424924939565,37.33160202375693,22800
2021-11-03,37.75724411010742,38.041007776828174,36.563767792759066,36.563767792759066,34200
2021-11-04,37.33159637451172,37.85739440337558,36.989411063225326,37.5986676816747,24500
2021-11-05,38.266353607177734,38.56680968379654,37.62371533453854,37.62371533453854,38700
2021-11-08,38.10776901245117,38.56679757033488,37.673777391841256,38.39153264193686,32100
2021-11-09,37.874088287353516,38.199581257117615,37.59032461406715,37.80731886599614,51000
2021-11-10,37.99093246459961,38.16619742408112,37.765590437948525,37.765590437948525,32000
2021-11-11,38.074398040771484,38.34146941382992,37.97424707181005,38.166204422211926,69100
2021-11-12,37.64039611816406,38.21627119789238,37.398364940388596,38.21627119789238,22500
2021-11-15,37.364986419677734,37.75724885097639,37.273180047778766,37.748901080581085,34300
2021-11-16,37.506858825683594,37.61535753191382,37.07286718450358,37.07286718450358,29600
2021-11-17,37.13129806518555,37.35663691553561,36.67226622699469,37.28152290417179,55100
2021-11-18,37.27317428588867,37.314903580189764,36.1464674210539,36.154812006417686,31300
2021-11-19,37.02279281616211,37.24813481053802,36.75572153032566,36.84752788178335,22100
2021-11-22,37.3232536315918,38.06604594029219,37.25648420963428,37.30656127610242,40200
2021-11-23,37.114601135253906,37.77393161626287,36.789108187368505,37.590322087354274,143100
2021-11-24,37.04783630371094,37.498520372135964,36.28835160339829,37.14798725766936,24200
2021-11-26,35.37029266357422,36.11308497336374,34.67757423658499,36.11308497336374,34200
2021-11-29,35.08653259277344,36.28835365959726,34.9529969186819,35.94616829575385,36000
2021-11-30,35.05314254760742,35.578940577269044,34.46057828292431,34.81110818020465,66400
2021-12-01,35.22840881347656,36.24662020149055,35.12825786532902,35.77089921811315,40200
2021-12-02,36.02962875366211,36.21324150889702,35.3452579907306,35.3452579907306,26200
2021-12-03,35.478790283203125,36.02962531255712,35.2951807292461,36.02962531255712,76900
2021-12-06,36.34677505493164,36.522040028956575,35.67909668930697,35.89609096423189,29100
2021-12-07,36.0629997253418,36.71398870772955,35.66239283511732,36.605490013374826,33400
2021-12-08,36.02962875366211,36.13812748936835,35.754212804551514,36.12143513127957,26000
2021-12-09,35.862709045410156,36.405196318718836,35.59563770205232,35.78759503110692,39100
2021-12-10,36.0797004699707,36.2633131979385,35.59563489224828,36.129777536800454,26300
2021-12-13,36.29669952392578,36.747380410478264,35.654058131189956,35.90443710899499,87400
2021-12-14,36.17034149169922,37.08007685011189,36.04399150078332,36.36408071507329,74800
2021-12-15,36.17034149169922,36.844220963099175,36.07768611701241,36.46516456376057,56000
2021-12-16,36.65890884399414,36.995845412876875,36.36408573126385,36.616792174545786,55000
2021-12-17,35.73232650756836,36.60836738182277,35.285884021761916,36.37251145925271,220600
2021-12-20,35.26903533935547,35.85025628779133,34.578311695868756,35.45435253605047,85700
2021-12-21,36.06926727294922,36.30512320192017,35.648094135046215,35.673363495065665,50200
2021-12-22,36.23773193359375,36.271426550947396,35.75759488283873,36.05241475144424,26000
2021-12-23,36.43146896362305,36.90318393820427,36.28827166845995,36.46516357894214,34400
2021-12-27,36.73472595214844,36.80211199127883,36.13666079669443,36.51571409505774,27700
2021-12-28,36.66732406616211,36.93687455640409,36.254576283795764,36.8020993112831,20200
2021-12-29,36.81895446777344,36.93688243073267,36.31354799414929,36.844227040761844,15600
2021-12-30,36.47358703613281,37.06322997383012,36.46516498862514,36.87791279570641,21300
2021-12-31,36.73472595214844,36.81895930438552,36.448328055927355,36.566256034377844,19000
2022-01-03,37.38332748413086,37.47598608578153,36.979001669624616,36.979001669624616,56500
2022-01-04,37.58548355102539,38.217243150713,37.265394334089756,37.62760021501214,62800
2022-01-05,37.64445114135742,38.17513015582249,37.492828565795975,37.855037694826564,37800
2022-01-06,38.41098403930664,38.41098403930664,37.686569032791255,37.72868569860211,33400
2022-01-07,38.43625259399414,38.74791974438937,38.2509354278317,38.63841385408472,28600
2022-01-10,38.14985656738281,38.54575705896391,38.04035067199869,38.52048770360428,27300
2022-01-11,37.85503387451172,38.35201821907526,37.720258622424765,38.35201821907526,73800
2022-01-12,38.04877853393555,38.284637668752495,37.7455365833925,37.90558121395377,51600
2022-01-13,38.52049255371094,38.84900706793107,38.20882534961695,38.20882534961695,26600
2022-01-14,38.70580291748047,38.72265022463186,38.17512398874501,38.17512398874501,24400
2022-01-18,38.5878791809082,38.93324098186535,38.124586217054784,38.705807130508845,41500
2022-01-19,37.90557861328125,38.97535866196267,37.82976732752286,38.8405833998695,28100
2022-01-20,37.18116760253906,38.39414841047599,37.03797026454448,38.39414841047599,68900
2022-01-21,37.0379638671875,37.89715738664043,36.62521281060192,36.83579936301796,41600
2022-01-24,38.08247756958008,38.13301950717733,36.423057451340895,36.701030074885,64700
2022-01-25,38.31834030151367,38.427843023231304,37.14747607115411,38.03194238837408,31500
2022-01-26,37.61918258666992,39.00062989280526,37.13062344310063,38.52891805946882,48400
2022-01-27,37.307518005371094,38.8995519814808,36.75999163081768,37.81292449473109,49000
2022-01-28,37.29908752441406,37.45071009266743,36.39777737607222,37.29066547653139,33100
2022-01-31,37.22328186035156,38.27621473592121,36.406208133950884,36.920039891356254,45300
2022-02-01,37.11376953125,37.25696682281421,36.726287891409456,36.99583838059704,32200
2022-02-02,36.71786880493164,37.046383289285565,36.51570431509316,37.02953598069106,41700
2022-02-03,36.82737350463867,37.1558879782925,36.56624504987246,36.743136964409835,39100
2022-02-04,36.7852668762207,37.29067665973248,36.37251892698085,36.71788083306376,42400
2022-02-07,36.85264587402344,37.05481037381105,36.49043675465509,37.05481037381105,47800
2022-02-08,37.526527404785156,37.619186012856844,36.98742628141839,36.98742628141839,38800
2022-02-09,36.709442138671875,37.652868808197624,36.616783559707756,37.58547958229821,47100
2022-02-10,36.591522216796875,37.40859915831996,36.23773831219686,36.76841738239302,44400
2022-02-11,36.79368591308594,37.23170636601506,36.406207393943426,36.406207393943426,36600
2022-02-14,36.465171813964844,37.07165896019624,36.237737929142035,36.970578304707026,28800
2022-02-15,36.81895446777344,36.93688243073267,36.7010265048142,36.776837797187426,24300
2022-02-16,36.894771575927734,36.99585224392687,36.616798935605985,36.81053822147787,27800
2022-02-17,36.39777374267578,36.962147293346135,36.1198012041569,36.84421935498689,33900
2022-02-18,36.625205993652344,36.877909166857485,36.305113593835074,36.305113593835074,33600
2022-02-22,36.246158599853516,36.81053226590645,36.246158599853516,36.40620644602924,42400
2022-02-23,35.774444580078125,36.59994348058545,35.673360721268075,36.524132193125816,43300
2022-02-24,35.05844497680664,35.31957343349028,34.140287567990896,35.31957343349028,52200
2022-02-25,35.86709976196289,35.96818039785194,35.125834267753746,35.22691490364279,47700
2022-02-28,35.61439895629883,35.841832832808,35.328001098468306,35.395390341861834,65500
2022-03-01,34.940521240234375,35.62282284342692,34.384572856879814,35.62282284342692,79700
2022-03-02,36.03557586669922,36.32197375456451,35.27746607879439,35.27746607879439,37500
2022-03-03,36.43146896362305,36.44831627128259,35.985026557178834,36.2377297454813,128300
2022-03-04,35.791290283203125,36.043993492292785,35.55543116986322,35.93448759014553,35900
2022-03-07,35.311153411865234,36.07769158747775,35.26061469315387,35.68178781999365,38900
2022-03-08,35.1763801574707,35.93449311458487,35.1763801574707,35.58913125929867,40100
2022-03-09,35.4627685546875,35.82497762484382,35.294301909931775,35.82497762484382,39300
2022-03-10,35.294307708740234,35.5385856690887,34.95736793727946,35.18480180102111,33900
2022-03-11,35.4712028503418,35.799717389910064,35.37854424414642,35.437508227489644,58400
2022-03-14,35.785858154296875,36.34713809473445,35.4797048696743,35.785858154296875,68600
2022-03-15,35.301109313964844,36.01546581623601,35.199059311957846,36.01546581623601,91600
2022-03-16,36.04098892211914,36.09201231263666,35.50522061290248,35.57325612574159,64500
2022-03-17,35.79435729980469,36.00696336520051,35.41166573326999,35.768845610072745,49000
2022-03-18,35.318115234375,35.7178156379629,34.85888864169683,35.7178156379629,250600
2022-03-21,35.709320068359375,35.9644467258549,35.3691490289577,35.624275686453224,98600
2022-03-22,36.14303970336914,36.466201907891765,35.930433587466965,36.02398079752182,116900
2022-03-23,35.13953399658203,36.083505547205284,35.13953399658203,35.989958349343674,34300
2022-03-24,35.3436393737793,35.54773941389621,35.13953608955074,35.326630496417614,21400
2022-03-25,35.9814567565918,36.10051565096859,35.45419130419235,35.45419130419235,24400
2022-03-28,35.63277816772461,35.84538423496853,35.369145476462144,35.76033986160428,23900
2022-03-29,36.13454055786133,36.46620561331211,35.81988113859225,35.93043723844658,69700
2022-03-30,34.92692947387695,36.38115440369348,34.76535000749009,36.23658381441759,66400
2022-03-31,35.0374870300293,35.38616091522344,34.90141925151724,35.13953705288541,51900
2022-04-01,35.097015380859375,35.36064811276635,34.72282981270154,35.36064811276635,106700
2022-04-04,34.99496841430664,35.44569234755974,34.51872954082901,35.09701844286902,64600
2022-04-05,34.82487487792969,35.36064308211324,34.69730993842036,34.97795150769642,42400
2022-04-06,34.46769332885742,35.06299094429401,34.459190513886064,34.87589657381396,43000
2022-04-07,34.102012634277344,34.47620139704332,33.92342431247243,34.47620139704332,52800
2022-04-08,33.77885437011719,34.22957821281631,33.6427866113338,34.11902214502003,59300
2022-04-11,33.68531036376953,34.22107863395284,33.68531036376953,33.90641927616415,29000
2022-04-12,33.82137680053711,34.07650345680341,33.591761836664006,33.761847355545356,71300
2022-04-13,34.18705749511719,34.25508975215207,33.73633041030222,33.77885422057418,31200
2022-04-14,33.98295211791992,34.34863480351232,33.82987549399236,34.238078743095514,41600
2022-04-18,34.15304183959961,34.29761566634812,33.829879677554224,33.829879677554224,33900
2022-04-19,34.918426513671875,34.969449900683216,34.12753157388025,34.12753157388025,35500
2022-04-20,35.785858154296875,35.938931552496726,34.81637167162158,34.81637167162158,45000
2022-04-21,35.86239242553711,36.49170785691115,35.726324662552365,36.304613466265366,43100
2022-04-22,34.960941314697266,36.304609938076,34.90991469199514,35.75183612396939,31500
2022-04-25,35.19906234741211,35.30111235821958,34.52722635103096,34.90991794669816,56200
2022-04-26,34.680301666259766,35.30111101149791,34.62077222521715,35.01196662181468,53400
2022-04-27,34.26359558105469,34.892907741861116,34.127527823790224,34.85889323562842,30800
2022-04-28,34.64628982543945,34.816372102011,34.06800100158406,34.45919542827698,42500
2022-04-29,33.85539245605469,34.56124293613982,33.67680088803035,34.56124293613982,59500
2022-05-02,34.119022369384766,34.714320034518465,33.69381021487659,34.016972360653966,64200
2022-05-03,34.11051559448242,34.425171643945056,33.88940348310042,34.06799503278924,29000
2022-05-04,34.81636428833008,34.91841752430343,34.050984483194455,34.30611108490633,33600
2022-05-05,34.561241149902344,34.637779462496674,33.90641408528669,34.527223401169074,54800
2022-05-06,34.22957992553711,34.78235704806613,33.87240325740064,34.52722714898417,46900
2022-05-09,34.99496841430664,35.03748898919831,33.98296121368066,33.98296121368066,64600
2022-05-10,34.501708984375,35.31811542477159,33.940429151088495,35.037477130183746,62900
2022-05-11,34.62077713012695,34.93543649920164,34.340138760325274,34.43368596496306,44500
2022-05-12,34.69730758666992,35.15653744484395,34.18705435143942,34.476198716499624,59900
2022-05-13,34.23809051513672,35.03749165808468,34.1190315987263,34.73133830496522,53200
2022-05-16,34.18705749511719,34.34863694417236,33.88090422818212,34.22107524569025,24000
2022-05-17,34.714324951171875,34.918428241652286,34.416677698504344,34.527230538574145,37200
2022-05-18,34.433677673339844,34.70581316087686,34.076497818378186,34.70581316087686,37700
2022-05-19,33.965946197509766,34.50171442784881,33.85539337158989,34.11052001895232,54000
2022-05-20,34.374149322509766,34.41667313363217,33.846887154527344,34.1360315519586,49500
2022-05-23,35.17354965209961,35.4286762938942,34.544234241169114,34.544234241169114,60000
2022-05-24,35.301109313964844,35.33512706267087,34.433679430738714,35.0885032507188,40700
2022-05-25,35.22457504272461,35.59876383319918,35.02897783139083,35.309619424246755,38300
2022-05-26,35.38616180419922,35.88791235833844,35.37765574301567,35.53073240320132,22500
2022-05-27,35.67530059814453,35.768847791682084,35.44568564421906,35.62427397145733,25900
2022-05-31,35.76034164428711,36.11752154200039,35.11402059505486,35.64978557545784,89300
2022-06-01,35.63277816772461,35.92192254894078,35.182051099171936,35.92192254894078,24100
2022-06-02,35.51372146606445,35.64128642352762,35.18205646959419,35.615774729679636,30800
2022-06-03,35.04598617553711,35.52222497249533,34.84188615120601,35.49671328048179,126300
2022-06-06,35.479705810546875,35.64978808952626,35.12252588764481,35.31812310376032,45700
2022-06-07,35.42018127441406,35.5647518804108,35.207575152104525,35.352145758101265,59300
2022-06-08,35.19906234741211,35.36914786149879,34.884406255024125,35.27560066654555,50500
2022-06-09,34.54423522949219,35.122524030964314,34.3911585912136,35.088506279322104,45500
2022-06-10,34.22957992553711,34.79085986411687,33.8298794448127,34.16154442068554,51000
2022-06-13,34.13603210449219,34.71432090871502,33.753340506975405,33.753340506975405,61700
2022-06-14,34.05013656616211,34.30783119655919,33.878339053642385,34.144625361886206,38000
2022-06-15,34.34218978881836,34.80604206844593,34.264881075547095,34.367958267653826,42000
2022-06-16,33.921295166015625,34.17039814997194,33.58628849982153,34.024372375817045,68300
2022-06-17,33.9384651184082,34.41090906120957,33.8783364850998,33.94705679560355,81100
2022-06-21,34.874755859375,35.106681977609455,34.29064636384332,34.30782644039008,87100
2022-06-22,35.04655075073242,35.201168151429826,34.608470299932655,34.608470299932655,98700
2022-06-23,34.290653228759766,35.00361180274268,34.170395945621735,34.90912300120131,38700
2022-06-24,34.81462478637695,34.960653788393095,34.221926932552705,34.221926932552705,96200
2022-06-27,34.891937255859375,35.02078619645208,34.67719120604799,34.9950177190394,69000
2022-06-28,34.909114837646484,35.372967058505026,34.909114837646484,35.14962934767783,31300
2022-06-29,34.85758590698242,35.570541201520214,34.69437678610983,34.96066310974682,32100
2022-06-30,34.7373161315918,34.97783390991873,34.44526140393821,34.599878805446835,37300
2022-07-01,35.639259338378906,35.665027818300445,34.56552898478159,34.599885865755304,49900
2022-07-05,35.433101654052734,35.47605021282586,34.65142608802787,35.295664299919736,44500
2022-07-06,35.28707504272461,35.596306624447436,35.063737299699056,35.33861200129596,60300
2022-07-07,35.037967681884766,35.811051526218506,35.0207876039976,35.42451124243404,37100
2022-07-08,35.12385940551758,35.218348181017234,34.754495979526745,35.098090931022874,25800
2022-07-11,35.089508056640625,35.23553709452297,34.84040509492507,34.84040509492507,21200
2022-07-12,35.132450103759766,35.3987330708323,34.95206095702431,34.95206095702431,25000
2022-07-13,34.72873306274414,35.07232806922651,34.58270403812145,35.07232806922651,36800
2022-07-14,34.385135650634766,34.505392911460795,34.058724021753996,34.385135650634766,29000
2022-07-15,35.21834945678711,35.41591541418662,34.75449723849377,34.83180594154266,43600
2022-07-18,35.09809494018555,35.68220445839168,35.07232646274738,35.4674584083678,23800
2022-07-19,35.742340087890625,36.05157498474935,35.244127581448154,35.244127581448154,41600
2022-07-20,35.79387664794922,36.0773430591182,35.527593593928366,35.974265853586424,32000
2022-07-21,35.59630584716797,35.72515479431262,35.36437970836649,35.69079463817207,25000
2022-07-22,35.733741760253906,35.7509218376344,35.29566125572775,35.65643305042403,32900
2022-07-25,35.9227180480957,36.31784998340125,35.78528071073879,35.78528071073879,22400
2022-07-26,36.343624114990234,36.352212515552495,35.82823160860488,35.82823160860488,24400
2022-07-27,37.09093475341797,37.340040935915304,36.44669666012344,36.489645210990204,51400
2022-07-28,36.79029083251953,37.202602810184366,36.51541290397866,37.202602810184366,36700
2022-07-29,37.21977996826172,37.34862560800324,36.73874772697348,36.81605642152402,31000
2022-08-01,37.80389404296875,37.96710314173649,37.0136301341988,37.13388740059729,37900
2022-08-02,36.996456146240234,37.760951702836806,36.94491590497243,37.760951702836806,28300
2022-08-03,37.24555969238281,37.82107759930098,36.82465594450911,37.142482494098154,27000
2022-08-04,36.90195846557617,37.11670450405382,36.704392503388476,37.1081161042911,22700
2022-08-05,36.90195846557617,36.98785884702593,36.704392503388476,36.79888128460096,19700
2022-08-08,37.082340240478516,37.17682901121586,36.76451705625993,36.90195437457857,30000
2022-08-09,37.262733459472656,37.297090335237655,36.859009859162285,37.15965300188416,26000
2022-08-10,37.477481842041016,37.62350758427929,37.305684345411215,37.36581297771694,32700
2022-08-11,37.87261199951172,37.87261199951172,37.40875976357681,37.743763063941614,23800
2022-08-12,38.224796295166016,38.31928507995326,37.84684443278166,37.99287017162404,26100
2022-08-15,38.49108123779297,38.49108123779297,37.74376266226282,38.08735763561676,31800
2022-08-16,38.791725158691406,38.86903386540589,38.4653102551453,38.4653102551453,41900
2022-08-17,38.9119873046875,38.93775906133805,38.45672668396264,38.7230129909184,32100
2022-08-18,38.534027099609375,38.97210754712014,38.190432150247155,38.97210754712014,51600
2022-08-19,38.25916290283203,38.508269145334665,37.95851642081551,38.508269145334665,50200
2022-08-22,37.76094055175781,38.16466413055318,37.571966276445266,38.16466413055318,41500
2022-08-23,37.57197189331055,37.83825490912061,37.57197189331055,37.760946196874016,21900
2022-08-24,37.202606201171875,37.56337798572604,37.04798878585877,37.56337798572604,25200
2022-08-25,37.477481842041016,37.49466191938047,37.19401548108714,37.21978723547867,22300
2022-08-26,37.013633728027344,37.606331717152656,36.867604692675705,37.59774331590377,25800
2022-08-29,36.54977798461914,36.824652673471874,36.532597906970246,36.77311571728996,20900
2022-08-30,36.5325927734375,36.71298192502032,36.094512323626184,36.71298192502032,33900
2022-08-31,36.292083740234375,36.575550109159046,36.24913518406043,36.498241397340024,72700
2022-09-01,36.49824905395508,36.5841461843225,36.19760254413814,36.343631597881334,37400
2022-09-02,36.10309982299805,36.81605818203086,35.91412555365444,36.58413208728877,34800
2022-09-06,35.768096923828125,36.29207774213892,35.55335090168529,36.14605201992863,30500
2022-09-07,36.22336196899414,36.26631380020175,35.48463831298741,35.81964162511289,77000
2022-09-08,36.257720947265625,36.4982387425215,35.86258901638286,36.11169521154291,22100
2022-09-09,36.73875045776367,36.859007707833435,36.46387580710012,36.489644281610985,34700
2022-09-12,36.798892974853516,36.92774194957858,36.59273527064652,36.7387643271193,20300
2022-09-13,36.060150146484375,36.47246209865272,35.77668711295294,36.47246209865272,40400
2022-09-14,36.30322265625,36.424753719168095,35.93862946749572,36.11224337939408,40900
2022-09-15,36.38135528564453,36.65046218475693,36.25114152219289,36.25982420587557,42700
2022-09-16,36.502872467041016,36.581000033070424,35.84313115171558,36.31189654789203,70300
2022-09-19,37.301517486572266,37.40568649120131,36.36398651049199,36.424752039148345,38200
2022-09-20,37.28416061401367,37.397012316400236,37.05845720924056,37.275477930729025,29900
2022-09-21,36.80671310424805,37.56194423477855,36.771988996494805,37.36228558240719,41800
2022-09-22,36.32926940917969,36.91956606833803,35.947314110919294,36.79803498759489,22400
2022-09-23,36.02543258666992,36.08619811165733,35.65215675519143,36.068836060021965,34300
2022-09-26,35.97335433959961,36.390033736026616,35.76501629712285,36.02544050595554,47500
2022-09-27,35.521949768066406,36.17301192637971,35.38305664008517,36.17301192637971,30200
2022-09-28,35.921268463134766,36.14696854207833,35.37437535255757,35.46986499377442,41900
2022-09-29,35.652164459228516,35.76501616350802,35.27888854708924,35.76501616350802,46700
2022-09-30,35.20075225830078,36.02543147237251,35.183390207202436,35.64347628262691,56900
2022-10-03,35.91259002685547,36.08620727582685,35.42646570350391,35.738972777884086,41700
2022-10-04,36.73725891113281,36.99768305396152,36.05147279622153,36.05147279622153,37300
2022-10-05,36.34663391113281,36.58101671611305,36.112251106152584,36.43344419712946,25100
2022-10-06,36.10356140136719,36.34662350965198,35.93862687238435,36.12960282397688,19300
2022-10-07,35.7563362121582,36.0601672374377,35.52195341373358,36.0601672374377,35900
2022-10-10,35.87786102294922,36.16432660350055,35.66951970952503,35.66951970952503,31300
2022-10-11,36.00807571411133,36.242458477691144,35.66952393720933,35.83445848425888,23200
2022-10-12,35.91259002685547,36.21642104042379,35.808421002062076,35.97335556727442,24300
2022-10-13,37.561946868896484,37.58798829580104,35.530632783505816,35.530632783505816,43900
2022-10-14,37.1365852355957,37.57062668364698,36.63309887782241,37.56194731173427,51800
2022-10-17,37.92653274536133,37.9699395304259,37.17130170815124,37.31887749213066,48600
2022-10-18,37.666114807128906,38.317176952847355,37.266797485841856,37.987304538470816,43200
2022-10-19,37.4577751159668,37.56194412745571,36.77198889142904,37.15394414120382,53500
2022-10-20,38.02201843261719,38.44738037725653,37.570615068816885,37.71819083749796,40200
2022-10-21,39.28074264526367,39.28074264526367,38.06542552612498,38.108832310822805,88900
2022-10-24,39.85367965698242,40.044658925185175,39.48908648474765,39.60193486007387,65500
2022-10-25,40.062015533447266,40.14882247366619,39.45435701749728,39.70610178019367,42600
2022-10-26,40.062015533447266,40.59154316713872,39.63665357884052,40.08805695321845,43700
2022-10-27,40.28772735595703,40.973513643402946,40.148834224073234,40.148834224073234,36100
2022-10-28,41.2860107421875,41.53775218613955,40.487373007058416,40.548138525750886,43300
2022-10-31,41.05162811279297,41.58983841284194,40.80856272609955,41.10371095092752,64100
2022-11-01,40.93009948730469,41.31205467251484,40.69571676746916,41.12107542417346,35500
2022-11-02,40.26167678833008,41.11239744192134,40.1488251094587,40.678356089386654,41900
2022-11-03,39.940494537353516,40.06202893036314,39.541177180457,40.06202893036314,51800
2022-11-04,40.88669204711914,40.88669204711914,39.8015887198445,40.14014373959114,42200
2022-11-07,40.64363479614258,40.990869226763884,40.57418989690209,40.83461406413159,36000
2022-11-08,40.54814529418945,40.97350730751206,40.15750738633665,40.67835903396471,38500
2022-11-09,40.20091247558594,40.739122841738755,40.07069874131168,40.55682626293305,25600
2022-11-10,41.04295349121094,41.364146509647234,40.82593279244358,40.834615474819195,85000
2022-11-11,40.09674072265625,41.39886483766339,40.00125440252627,41.18184415182887,40900
2022-11-14,40.044654846191406,40.522099656592275,37.99597919715374,39.86235496717034,43300
2022-11-15,40.51342010498047,40.66099589354295,40.12278551905015,40.21827515080125,32600
2022-11-16,40.31376266479492,40.930103948491485,39.931807437953466,40.60891093918654,23700
2022-11-17,40.53947448730469,40.54815385976913,39.636667423214604,40.088070955259646,23400
2022-11-18,40.54814529418945,41.11240041791829,40.51342118871966,41.10371773581436,48200
2022-11-21,40.843284606933594,40.95613626921489,40.504732931561946,40.504732931561946,28800
2022-11-22,41.02559280395508,41.22525476756545,40.72176514015351,41.0342754866198,31000
2022-11-23,40.97350311279297,41.30337545803898,40.84328938634852,40.84328938634852,24200
2022-11-25,41.47699737548828,41.52908353844556,40.956148991808526,41.077680060568916,47700
2022-11-28,40.791202545166016,41.164475013995435,40.626264732979685,41.164475013995435,19100
2022-11-29,40.68703079223633,41.042944528029494,40.64362732425616,40.64362732425616,21800
2022-11-30,41.58984375,41.68533338079726,40.105423066168534,40.660995487382216,94200
2022-12-01,41.62455749511719,41.711364422525925,40.582857808852246,41.67664032697362,29000
2022-12-02,41.5811653137207,41.589844684227764,41.25129293941288,41.39018604783624,25300
2022-12-05,41.164485931396484,41.52908243950297,40.67836166921873,41.52908243950297,93600
2022-12-06,40.99087142944336,41.416230152764875,40.62627492655179,41.2773370353474,53300
2022-12-07,40.51342010498047,41.16448216349484,40.48737868231122,40.999547634134764,47200
2022-12-08,40.148834228515625,40.86066194343305,40.044665207459616,40.75649292237704,33500
2022-12-09,40.426612854003906,40.56550595966025,39.87104043137854,40.19223011730767,45200
2022-12-12,40.94745635986328,40.94745635986328,40.226949493786194,40.44397015283522,49500
2022-12-13,40.93009948730469,41.55511676206016,40.60022714329847,41.390182245793355,84100
2022-12-14,40.47444534301758,41.280606224366416,40.3079571581157,40.877527455025195,46000
2022-12-15,39.78219985961914,40.20280420058786,39.53684482038776,40.20280420058786,35700
2022-12-16,39.256446838378906,39.93116743102395,39.072433042930236,39.615713300159605,163300
2022-12-19,39.563140869140625,39.95745520031035,39.449226131661966,39.449226131661966,54600
2022-12-20,39.30902099609375,39.81725001732622,39.30902099609375,39.69457416194825,40300
2022-12-21,39.96622085571289,40.07137112429385,39.668292309177865,39.71210464253103,85300
2022-12-22,40.00126647949219,40.08889113397534,39.51932085183594,40.04507880673376,32900
2022-12-23,40.02755355834961,40.264144138728604,39.97497675959883,40.1239426847262,24400
2022-12-27,40.03631591796875,40.334244434718784,39.896114459654996,40.23785530537812,46900
2022-12-28,39.69457244873047,40.21156591884298,39.422934021450715,40.13270239483713,70200
2022-12-29,40.20280838012695,40.33424537009433,39.79096512436284,39.887354255938824,47500
2022-12-30,40.24662399291992,40.46568900340058,39.97498217656386,40.097658047606345,30000
2023-01-03,40.71104049682617,40.78114290423186,39.97498193240027,40.4569242839807,64700
2023-01-04,41.00896072387695,41.49090297769044,40.728557836470344,40.82494695576626,56300
2023-01-05,40.18528366088867,40.76361512036127,40.16775805997537,40.76361512036127,37500
2023-01-06,41.12287902832031,41.394520811605226,40.42187174865999,40.45691960564322,62000
2023-01-09,40.44816207885742,41.26308415861228,40.334247341185595,41.26308415861228,36600
2023-01-10,40.693511962890625,41.192979880334384,40.307958777939845,40.31671990690091,38100
2023-01-11,40.6234130859375,40.93886721261919,40.54454955426708,40.877529281616255,48200
2023-01-12,40.92134475708008,41.28937237138352,40.73733094992836,40.97391822045669,44700
2023-01-13,41.16668701171875,41.16668701171875,40.35176509053919,40.74608268831414,36200
2023-01-17,40.61465072631836,40.93010486940434,40.40435019270552,40.93010486940434,62000
2023-01-18,37.49516677856445,40.56207682570481,37.30238850594801,40.527025622926054,93900
2023-01-19,36.35602951049805,37.52145359281833,36.35602951049805,36.96064771777699,90600
2023-01-20,36.76786804199219,36.89930837635707,36.31221245023825,36.73281684047268,72600
2023-01-23,36.75911331176758,37.039516287401526,36.408607920891576,37.039516287401526,60500
2023-01-24,37.074562072753906,37.23228914131332,36.64519319886068,36.846732599205126,49000
2023-01-25,36.61014175415039,37.214763293850154,36.4699402877659,36.98693382180871,48300
2023-01-26,36.662715911865234,36.86425529633266,36.320975071130626,36.68024151173193,36200
2023-01-27,36.60137939453125,36.8292055162475,36.172010537912364,36.74158085620275,49500
2023-01-30,36.56632995605469,37.11837470041305,36.53127875328061,36.592616686801904,74200
2023-01-31,37.74928283691406,37.758043966241104,36.54880421644209,36.54880421644209,82700
2023-02-01,37.854434967041016,38.380189661898,37.42506607019658,37.644131083498124,57800
2023-02-02,38.69563674926758,38.79202587234434,37.67917540688161,37.90700150833613,46900
2023-02-03,39.16881561279297,39.28273032821941,38.564194182400826,38.564194182400826,36000
2023-02-06,38.756980895996094,39.20387538515217,38.6080182947219,38.99357150625518,38200
2023-02-07,39.037384033203125,39.22139783898476,38.50286487507545,38.572967282611366,34000
2023-02-08,38.397708892822266,38.85336444600343,38.362657694269956,38.76573979228894,26400
2023-02-09,38.09978485107422,38.58172718826091,37.81062078582887,38.58172718826091,23700
2023-02-10,38.12607192993164,38.187413206473195,37.82814338996803,38.11731080052096,33500
2023-02-13,38.30132293701172,38.572964734267075,37.95958207951834,38.126070272416854,29200
2023-02-14,37.968345642089844,38.3538988208335,37.67917825103225,38.3538988208335,30600
2023-02-15,38.1961669921875,38.25750491426937,37.521446506620904,37.84566171514878,27800
2023-02-16,38.00339126586914,38.20493064354599,37.854428686020874,37.95081781070682,26400
2023-02-17,38.660587310791016,38.89717789383798,38.02968243199882,38.16111941635844,42800
2023-02-21,38.22246551513672,38.66936004842535,38.152366443693005,38.49410735581544,42900
2023-02-22,37.89824676513672,38.47657825836624,37.78433202388441,38.248752118528394,39900
2023-02-23,38.03843688964844,38.21368951405975,37.819371944800736,38.055962486356144,52800
2023-02-24,37.89824676513672,38.06473496953104,37.66165615299735,37.731758560742406,38300
2023-02-27,37.67918014526367,38.11731014695279,37.39877721159597,38.11731014695279,50400
2023-02-28,37.46010971069336,37.7405126036876,37.01321864456697,37.6528879531267,134100
2023-03-01,37.354957580566406,37.58278366615277,37.22351726867728,37.44258222671516,33400
2023-03-02,37.16218185424805,37.35496009997645,36.8905400846004,37.35496009997645,32500
2023-03-03,37.4250602722168,37.52144939796334,37.021981512427914,37.2936232901985,98200
2023-03-06,37.197235107421875,37.49516362061551,36.943118922678345,37.47763802070219,38100
2023-03-07,37.057037353515625,37.311153563650414,36.864259077873136,37.1359008896724,52200
2023-03-08,36.78539276123047,37.092085753176775,36.27716372204297,36.99569662264126,50400
2023-03-09,35.35708236694336,36.557560725942714,35.0503927672959,36.557560725942714,75300
2023-03-10,35.42719268798828,35.61997096101848,34.33186766880157,35.050400613974716,81900
2023-03-13,34.761234283447266,35.90913614254678,32.95614073510263,34.62979728266495,133400
2023-03-14,34.69920349121094,36.85239744937106,34.55742955644208,36.48910153026603,100500
2023-03-15,34.48654556274414,34.840982137676896,33.582738718965224,33.777675793036316,93400
2023-03-16,35.69162368774414,36.329608131707445,33.892866122873414,34.1498324550428,70000
2023-03-17,34.86756134033203,35.797956441586706,34.25616183907557,35.549849503845316,162600
2023-03-20,34.44224548339844,35.74479614703689,34.397941751879436,35.10681159665756,68600
2023-03-21,35.38148880004883,35.59414799524289,34.94730425794576,34.94730425794576,69900
2023-03-22,34.11438751220703,35.496685989298584,34.11438751220703,35.33718988116658,67900
2023-03-23,33.71564865112305,34.459962726797414,33.556152536324426,34.459962726797414,48000
2023-03-24,34.53970718383789,34.920725265011534,33.21943805804223,33.62703769552564,117200
2023-03-27,34.46882247924805,35.00933328741165,34.41565598558857,35.00933328741165,64700
2023-03-28,34.22072219848633,34.778958659723564,34.016922336799894,34.53085506813276,54000
2023-03-29,33.981475830078125,34.29160867991328,33.556153965881464,34.22072001246832,55100
2023-03-30,33.37894058227539,34.15869913796262,33.05995167237254,34.03464733186292,43800
2023-03-31,33.62703323364258,33.80425147255989,33.192848717302994,33.44095560384994,78500
2023-04-03,33.635902404785156,33.90172815037655,33.25488426337965,33.84856502935292,71500
2023-04-04,33.13969039916992,33.724508305971405,32.64347993454914,33.724508305971405,48900
2023-04-05,33.068809509277344,33.27260937829205,32.79412096574028,33.130835409405385,41400
2023-04-06,32.9979133605957,33.31690215054416,32.84727666686508,33.27259843361995,51200
2023-04-10,33.11311340332031,33.68907205608857,33.068809671605386,33.068809671605386,47100
2023-04-11,33.09538650512695,33.520711733252,32.97133472198947,33.352352844573204,42500
2023-04-12,32.88272476196289,33.38779462914256,32.785254545462024,33.38779462914256,27700
2023-04-13,32.86500549316406,33.13969400203933,32.69664998265462,33.13969400203933,34600
2023-04-14,32.2447395324707,33.11310530634702,32.0232175479056,33.11310530634702,43900
2023-04-17,32.68779373168945,32.68779373168945,31.916897930584632,32.36880143325759,47600
2023-04-18,31.801694869995117,32.71436434485485,31.544728562264286,32.66120123301893,45700
2023-04-19,32.19157791137695,32.39537774100297,31.50042698899591,31.50042698899591,40800
2023-04-20,31.934614181518555,32.20929931413294,31.668788442148198,32.08524752777062,36500
2023-04-21,31.74853515625,32.7852565098982,31.500428213884195,31.93461282790621,63600
2023-04-24,31.606761932373047,32.49285006118855,31.518154471554684,31.792843008344356,53600
2023-04-25,30.729528427124023,32.058660267812236,30.64978038147645,31.456120229621014,73000
2023-04-26,30.80927848815918,31.09282636230837,30.534590006258334,30.67636394333293,46600
2023-04-27,31.863723754882812,31.899168086216406,31.225742691665573,31.23460208442023,65700
2023-04-28,31.90803337097168,32.42196612973693,31.491574231451605,31.97892204672886,60300
2023-05-01,31.730812072753906,32.138411736068285,31.55359379909105,31.943471297023397,56600
2023-05-02,30.51687240600586,31.65992684597465,30.35737628042148,31.65992684597465,63100
2023-05-03,30.614343643188477,31.527016698535117,30.52573618390802,30.52573618390802,62600
2023-05-04,29.68395233154297,30.862451165987512,28.957360335929778,30.259910967651017,77700
2023-05-05,30.915613174438477,31.145997972628347,30.162439643785245,30.162439643785245,50800
2023-05-08,30.20673942565918,31.190297625985764,30.135850764661004,31.190297625985764,44200
2023-05-09,29.8966121673584,30.499148929055583,29.551034989992935,30.33079341712701,42500
2023-05-10,30.144716262817383,30.286490217474444,29.62192417123991,30.286490217474444,62700
2023-05-11,29.462430953979492,29.772560454063427,29.26749047955071,29.763701059843047,61000
2023-05-12,29.524457931518555,29.79028370988606,29.258632153151048,29.754842751553046,49500
2023-05-15,29.781423568725586,29.994082834024987,29.506735022542614,29.506735022542614,65200
2023-05-16,29.577619552612305,29.95863767804745,29.55103461305705,29.68394917036051,34100
2023-05-17,31.349796295166016,31.349796295166016,29.887749654086804,29.940916154180517,62400
2023-05-18,31.544729232788086,31.642199446768682,30.81813739422376,31.41181807021592,51100
2023-05-19,31.00421714782715,31.8903050489577,30.60547691628698,31.8903050489577,53000
2023-05-22,31.305490493774414,31.63334210556357,30.82700216511513,31.092827887651136,47600
2023-05-23,31.358659744262695,31.84600756093518,31.19916360351052,31.261189504896574,84100
2023-05-24,31.36751365661621,31.500424816253076,31.137128904994196,31.36751365661621,33500
2023-05-25,30.827007293701172,31.456129063738008,30.702955494556782,31.252329196549653,45200
2023-05-26,30.773834228515625,31.013078381650086,30.52573068311276,30.80927855790383,66600
2023-05-30,30.667509078979492,31.004223496804737,30.39282055652235,30.862449538797968,35300
2023-05-31,29.861162185668945,30.658639248336574,29.74596981500383,30.658639248336574,108500
2023-06-01,30.286489486694336,30.62320388843944,29.5864791236466,29.932052918525006,37700
2023-06-02,32.13840866088867,32.27131981830008,30.3485106904602,30.69408443194979,72000
2023-06-05,31.53587532043457,32.04980465596499,31.04852754600602,32.04980465596499,47000
2023-06-06,33.609317779541016,33.83083977736021,31.589038241080328,31.589038241080328,69800
2023-06-07,35.31060791015625,35.70934821399202,33.88400897001136,33.88400897001136,86300
2023-06-08,34.42451858520508,35.13339171274979,33.6624857193624,35.13339171274979,64100
2023-06-09,34.02578353881836,34.40680168267642,33.680206349151604,34.28274651245468,30900
2023-06-12,33.556148529052734,34.273880959934985,33.130826733767485,34.052358980297434,42900
2023-06-13,34.74351119995117,34.76123336635111,33.66248609081615,33.67134548393731,48800
2023-06-14,34.14309310913086,35.263273374109154,33.29175884256245,34.770394741222475,53000
2023-06-15,34.65389633178711,34.81520256945486,33.96386827106493,33.972828209371364,50900
2023-06-16,33.910099029541016,34.958586175770684,33.757752727287,34.958586175770684,92700
2023-06-20,33.52475357055664,33.91009584067375,33.42617716398919,33.88321260925307,29900
2023-06-21,33.121490478515625,33.6322924247421,33.03187742141305,33.52475607251521,31300
2023-06-22,32.664459228515625,33.0587614754816,32.32392344973828,33.0587614754816,31200
2023-06-23,32.7899169921875,33.20214251100248,32.35080482230623,32.35080482230623,152300
2023-06-26,32.52107620239258,33.28279746035435,32.35976996118576,32.79887873673391,42900
2023-06-27,32.32392501831055,32.933303423159394,32.27015512899356,32.67342075257283,37100
2023-06-28,32.055084228515625,32.27912031894261,31.750395008794143,32.27912031894261,24100
2023-06-29,32.22534942626953,32.996034100378736,32.216389487079134,32.216389487079134,29800
2023-06-30,31.87584686279297,32.80783759107341,31.848963632454424,32.80783759107341,43800
2023-07-03,32.56588363647461,32.74511317818469,31.553239631553986,31.777275704061786,38400
2023-07-05,32.386653900146484,32.87057263429997,31.902735165993,32.44042378789214,43000
2023-07-06,31.893770217895508,32.825760947988776,31.589081072231114,32.20741930085064,34100
2023-07-07,32.32392501831055,32.63757415969484,31.83104633105555,31.96546592656914,51500
2023-07-10,32.24327087402344,32.834725963730754,32.171581109053626,32.23431093534689,40700
2023-07-11,32.65550231933594,32.70031227636635,32.117817020168594,32.44938950737113,35400
2023-07-12,32.9870719909668,33.47098730135633,32.78991915655532,33.175261468258235,56100
2023-07-13,32.915374755859375,33.55163629228714,32.718221945719456,33.13941079701158,46500
2023-07-14,32.610687255859375,33.1931823597834,32.431457730150534,33.1931823597834,37500
2023-07-17,32.70926284790039,33.30967781271256,32.61964979654653,32.61964979654653,64200
2023-07-18,34.08036422729492,34.134134112163,32.8347242852625,32.8347242852625,82300
2023-07-19,34.66286087036133,34.904820235112,34.09828901927643,34.09828901927643,47500
2023-07-20,33.83840560913086,34.32232432791152,33.22903065996738,34.31336438949812,55800
2023-07-21,33.15733337402344,33.88321136233768,33.05875697108363,33.88321136233768,40900
2023-07-24,33.66814422607422,33.820490548951234,33.02291917580833,33.02291917580833,33100
2023-07-25,33.345523834228516,33.82048257018853,33.0856412037906,33.623329758336496,36000
2023-07-26,34.31336212158203,34.60908792894507,33.605407385548624,33.605407385548624,62400
2023-07-27,34.528438568115234,34.71663146800733,34.07140648213544,34.63597834477334,51300
2023-07-28,34.73455047607422,35.08404961368514,34.43882464396542,34.61805418205635,43500
2023-07-31,34.39401626586914,35.02131790621906,34.23271003210719,34.698705438695164,46400
2023-08-01,34.600135803222656,34.61805910143064,34.05348717269779,34.41194629981824,38000
2023-08-02,34.86001205444336,34.91377852060722,34.259593640301574,34.259593640301574,38100
2023-08-03,34.940670013427734,35.1109362107362,34.42986458446349,34.55532766610699,31300
2023-08-04,35.191585540771484,35.27223866100472,34.66286029002451,34.994432709419335,35200
2023-08-07,35.58588790893555,35.72031091596561,35.03923936084124,35.19158566337659,38500
2023-08-08,35.47834777832031,35.59484747744557,34.68973995261803,35.13781203700271,36100
2023-08-09,35.27223587036133,35.51419521191787,34.868970301100426,35.29911910213912,36700
2023-08-10,34.73455047607422,35.52315839256287,34.60013088639535,35.27223909034702,81300
2023-08-11,34.76143264770508,34.770392585120995,34.56427983936825,34.618049719419744,31300
2023-08-14,34.169979095458984,34.68078101287221,34.00867286695809,34.591164542305705,28400
2023-08-15,33.426177978515625,33.82944355224617,33.399294746439864,33.82944355224617,32700
2023-08-16,33.121490478515625,33.65917907668807,32.951224302613134,33.39033306834234,29000
2023-08-17,33.16630172729492,33.29176481102103,32.96915228990715,33.15734178771709,32000
2023-08-18,33.094608306884766,33.41722079243502,32.834725647022715,32.97810859409849,32600
2023-08-21,32.39561462402344,33.13941254218867,32.34184474064857,33.13941254218867,33400
2023-08-22,31.40985870361328,32.44042607089022,31.374012109260132,32.28807975414904,54000
2023-08-23,31.65181541442871,32.565882982116136,31.3740094594342,31.3740094594342,46100
2023-08-24,31.91170310974121,32.108855974625406,31.472590843004497,31.472590843004497,32300
2023-08-25,31.669734954833984,31.99234740147195,31.34712250819602,31.99234740147195,25100
2023-08-28,32.279117584228516,32.60173007407449,31.75935225758353,31.911698563797085,31000
2023-08-29,32.1805419921875,32.323924944854376,32.08196557125667,32.323924944854376,22300
2023-08-30,31.902734756469727,32.413536718679495,31.866891583618546,32.27015377171744,17900
2023-08-31,31.813119888305664,32.84368711124989,31.642853716753372,32.001309354524345,76900
2023-09-01,32.556915283203125,32.70925813224535,32.05507337982264,32.05507337982264,24800
2023-09-05,32.1626091003418,32.53002802059173,32.028189545236636,32.37768517443557,38800
2023-09-06,31.786237716674805,32.485229139403465,31.723507892507826,32.10885019440158,47500
2023-09-07,31.857933044433594,32.046122549809105,31.553243808745783,31.60701370393291,63200
2023-09-08,32.055084228515625,32.15366065526661,31.60701204766165,31.857931375013653,24700
2023-09-11,32.198463439941406,32.28807649826844,31.840004369595185,32.162616849202976,94500
2023-09-12,32.21638488769531,32.503150760118594,31.911695720930716,32.05507865714236,23300
2023-09-13,31.965469360351562,32.476274817436355,31.741433258576677,32.17158558228172,57800
2023-09-14,32.446624755859375,32.446624755859375,32.18334690350716,32.32860305253256,59400
2023-09-15,31.82928466796875,32.90962703991363,31.77481231439937,32.46477814371297,255000
2023-09-18,31.211944580078125,32.30136738825988,31.139314776715512,31.992697650328044,54900
2023-09-19,31.211944580078125,31.547848762681124,31.075765430363045,31.547848762681124,61900
2023-09-20,31.103008270263672,31.73850536849944,31.066696821960925,31.411678091510726,29900
2023-09-21,30.894195556640625,31.175630860573296,30.685390058824684,30.921433465524284,29500
2023-09-22,30.730785369873047,31.64771772646801,30.4493534978565,30.957748344430986,52200
2023-09-25,31.20286750793457,31.248259408370465,30.394879905363528,30.73986458240038,37400
2023-09-26,30.994068145751953,31.402602257103307,30.885126870451828,30.885126870451828,36200
2023-09-27,30.82157325744629,31.157477496856853,30.739866446435048,31.03037878265719,38700
2023-09-28,31.066692352294922,31.484303384728303,30.694473221094725,30.821571929819658,30800
2023-09-29,31.103008270263672,31.411678091510726,30.957752087510972,31.202872545252507,34200
2023-10-02,31.348121643066406,31.447985895485083,30.785254495009976,31.202865493142816,64300
2023-10-03,31.084850311279297,31.275498377469187,30.84880687993742,31.157476661798245,69000
2023-10-04,31.357202529907227,31.502458681820077,30.82156982038238,31.112082124208076,52300
2023-10-05,31.89283561706543,32.00177686649505,31.293653550432715,31.293653550432715,45500
2023-10-06,31.85651969909668,32.28321115195563,31.50245805233277,31.684029104390607,47500
2023-10-09,31.92915153503418,32.346766065566634,31.547855376977147,31.547855376977147,42700
2023-10-10,32.083492279052734,32.40123911814894,32.01994291123349,32.147041646871976,27800
2023-10-11,32.19242477416992,32.42846818725021,31.829286123309277,32.210582226189935,26300
2023-10-12,31.901914596557617,32.20150738010546,31.65679417270395,32.20150738010546,48100
2023-10-13,31.248262405395508,32.18335226732368,31.23010841402401,32.04717308977501,24600
2023-10-16,31.847448348999023,31.929151700565942,31.438914275262533,31.438914275262533,30300
2023-10-17,32.183345794677734,32.46477762567951,31.56600631679435,31.684028016054903,50000
2023-10-18,32.374000549316406,32.891475886173104,32.092565196760155,32.29229373490848,31100
2023-10-19,33.36355972290039,33.59052271421264,32.24690222122578,32.5192571181644,55300
2023-10-20,33.136592864990234,33.56328434708579,32.99133670602707,33.5088119887821,64800
2023-10-23,33.00041198730469,33.517887243190295,32.8279213897361,32.909628191359076,49400
2023-10-24,33.191070556640625,33.24553946051671,32.682672186986935,33.063968366841785,51900
2023-10-25,33.935508728027344,34.33496236126277,32.80977072428308,32.918711994587184,47000
2023-10-26,34.171539306640625,34.498366490660885,33.74484787603867,33.79024323407005,39800
2023-10-27,33.86286926269531,34.22601134453905,33.690378678568294,33.989967952386756,50600
2023-10-30,33.826560974121094,34.17154567299057,33.69038526419541,34.04444695845451,55900
2023-10-31,34.09892272949219,34.17154908941091,33.59960135363593,33.93550909069934,35000
2023-11-01,33.79024887084961,34.171545007026765,33.51789052994573,33.91734758290866,38800
2023-11-02,35.41530227661133,35.41530227661133,34.04444738568058,34.04444738568058,45500
2023-11-03,36.27776336669922,36.722612349381286,35.85107530191725,36.13250719212188,105900
2023-11-06,36.22328567504883,36.4502486091953,36.08710652928913,36.4502486091953,35600
2023-11-07,36.168819427490234,36.32315258642692,35.905541548289875,36.09618961398112,28700
2023-11-08,35.56056213378906,36.132509878857554,35.315445134797486,36.0780409738286,28500
2023-11-09,35.27912139892578,35.76936220065509,35.14294224405216,35.65134049730994,26400
2023-11-10,35.3608283996582,35.560553441243954,35.106627539998485,35.3608283996582,30800
2023-11-13,35.605953216552734,35.605953216552734,34.88874937249849,35.19741916214334,24900
2023-11-14,37.57598876953125,37.5941462227179,36.40485901284264,36.40485901284264,65300
2023-11-15,37.14929962158203,37.73940476625153,36.98588945895172,37.59414859477323,41400
2023-11-16,36.87694549560547,37.394420833647516,36.595513605584934,37.33995193270438,36100
2023-11-17,37.221927642822266,37.41257570934178,36.70445234045207,37.185612735909935,36000
2023-11-20,37.02219772338867,37.16745388238616,36.631821146736655,37.16745388238616,37600
2023-11-21,36.00540542602539,37.03127902022273,36.00540542602539,37.03127902022273,21400
2023-11-22,36.12343215942383,36.33223770527719,35.9237036098334,36.33223770527719,24500
2023-11-24,36.35038757324219,36.35946456761041,35.860146761041996,36.0598752689413,7500
2023-11-27,36.08710861206055,36.23236475977058,35.86922265890563,36.1869728629574,20500
2023-11-28,36.01448440551758,36.11434867193958,35.841993785539756,35.93278105645988,24900
2023-11-29,36.3867073059082,36.804318365863885,36.16882131717725,36.22329368015506,30600
2023-11-30,36.12343215942383,36.72261434501452,35.99633343265922,36.67722243733867,36200
2023-12-01,37.54875564575195,37.675854359361445,35.851073539490464,35.91462289629521,96500
2023-12-04,38.20241165161133,38.20241165161133,37.285479244331626,37.285479244331626,44500
2023-12-05,37.86650085449219,38.901451437320496,37.821108953402884,38.46568295313911,24500
2023-12-06,37.33994674682617,38.629094683418685,37.22192503920661,38.166091773803316,77700
2023-12-07,38.08439636230469,38.16610318999212,37.512448568492665,37.6213898510156,28400
2023-12-08,38.229644775390625,38.429373305329555,37.8755830819027,37.8755830819027,16500
2023-12-11,38.50199890136719,38.601863164374585,38.31135083372406,38.4747644526125,25900
2023-12-12,37.89373779296875,38.4656819657364,37.89373779296875,38.383975160601025,33900
2023-12-13,39.845619201660156,39.936406469260135,37.6576962686129,38.1207026754224,79800
2023-12-14,39.73552703857422,41.21264708422704,39.38688833531868,40.570422499100374,108400
2023-12-15,39.625431060791016,40.267659188976346,39.23091964632839,39.98324642496497,115300
2023-12-18,39.95571517944336,39.95571517944336,39.26761444673241,39.69882535918689,43500
2023-12-19,40.7447395324707,40.90988399487448,39.983243177930156,40.029115861962,106100
2023-12-20,40.40528106689453,41.96497696182095,39.86397494747483,40.515376218341764,95200
2023-12-21,40.6438102722168,41.230988922672495,40.12085406791339,40.46949270406927,52900
2023-12-22,40.81814193725586,41.286048952107244,40.64382082399101,40.91906045036605,36600
2023-12-26,41.230995178222656,41.276871360886744,40.68968912148316,40.68968912148316,29900
2023-12-27,41.09337615966797,41.286043522807695,40.900708796528235,41.286043522807695,33500
2023-12-28,41.05668640136719,41.26770358746897,40.85484235385152,41.120908871056336,29700
2023-12-29,40.24013137817383,40.919055474007656,40.194258696000404,40.90070920102733,34600
2024-01-02,40.3502311706543,40.717219670104555,39.99241930861424,40.258485795722585,52200
2024-01-03,39.203392028808594,40.48784813103041,39.18504225593556,40.19425876478451,54700
2024-01-04,39.3134880065918,39.808921385170656,39.285965096624544,39.36853732638769,32700
2024-01-05,39.038246154785156,39.74469663535988,38.946500793613865,39.17586769640327,44100
2024-01-08,38.70795822143555,39.02907399327658,38.185001950004924,39.02907399327658,24000
2024-01-09,38.111602783203125,38.432715025052985,37.937281709175245,38.30427012831304,30600
2024-01-10,38.22170639038086,38.62539094112111,37.753799377019696,37.90976721485284,31400
2024-01-11,37.77214431762695,38.17583235396603,36.983125019038454,37.94646542417759,37100
2024-01-12,37.45103073120117,38.21253059191096,37.203314035543585,38.21253059191096,27500
2024-01-16,36.95559310913086,37.30423177049844,36.65283062678458,37.1574370972691,40400
2024-01-17,36.39594268798828,36.70788185205871,35.772067859709026,36.111529935359854,35400
2024-01-18,36.276676177978516,36.4234708800195,35.9647369986587,36.276676177978516,26900
2024-01-19,37.285888671875,37.432683371376015,36.12988085078722,36.51521562452924,46700
2024-01-22,38.53364181518555,38.53364181518555,37.28588523452553,37.28588523452553,44400
2024-01-23,37.88224411010742,38.74466253225777,37.81802164781227,38.671266932432616,40600
2024-01-24,38.240055084228516,38.607043574424985,38.010688152821125,38.21253217241535,30600
2024-01-25,38.597862243652344,38.65291156044617,37.67122149338738,38.65291156044617,54200
2024-01-26,38.40519714355469,39.267615491549215,38.40519714355469,38.99237589111363,33000
2024-01-29,38.53364181518555,38.70795941106605,38.01985866436631,38.32262467284766,64700
2024-01-30,38.57951736450195,38.81806093433561,38.46024557958513,38.625390051051,21800
2024-01-31,38.07490921020508,38.68961088378572,37.88224183489128,38.48777037149286,88100
2024-02-01,37.90058898925781,38.30427348580486,36.781277362651146,38.08407971504931,73500
2024-02-02,37.68039321899414,38.18499968786635,37.57029808938918,37.616170768402824,41400
2024-02-05,37.09321594238281,37.70791756429964,37.08403930631352,37.616172202773946,50500
2024-02-06,36.62530517578125,37.148264931418986,36.405114910118044,36.88219848553655,51100
2024-02-07,36.10235595703125,36.57026648752715,35.71702116708108,36.57026648752715,52400
2024-02-08,36.276676177978516,36.5427426691346,35.93721058587106,36.02895946206027,39200
2024-02-09,36.81797790527344,37.02899504553981,35.89133361555877,36.2674952134008,48700
2024-02-12,37.38680648803711,37.76296808203272,36.928072666098004,36.928072666098004,55600
2024-02-13,35.71701431274414,36.77210346346355,35.26745364421416,36.77210346346355,79600
2024-02-14,36.33171844482422,36.58861177312734,35.717016783949745,36.04730570615275,44900
2024-02-15,37.79049301147461,37.87306524383198,36.350069013577226,36.643658395323094,48800
2024-02-16,37.88224411010742,38.07491149699286,37.46938292402311,37.7170996356737,49600
2024-02-20,37.616172790527344,38.203351513133384,37.50607765500403,37.616172790527344,52900
2024-02-21,37.331756591796875,37.84553972436866,36.99229454877581,37.61617281694824,44600
2024-02-22,36.67118453979492,37.62534827361131,36.40511807081257,37.175791067266,45800
2024-02-23,36.63447952270508,37.00146794236112,35.84545687034726,36.64365265825905,33900
2024-02-26,36.038124084472656,36.59777984747233,35.90967918801915,36.405112502792065,45000
2024-02-27,36.551910400390625,36.918898851142316,36.23997126721006,36.414288856393426,29500
2024-02-28,35.99225616455078,36.3959406781718,35.900510797774636,36.19410017129199,41900
2024-02-29,36.47850799560547,37.13908574698933,36.12069621355952,36.67117883966638,59500
2024-03-01,36.038124084472656,36.46016181549826,35.54269426956068,36.31336714814268,65000
2024-03-04,36.30419158935547,36.88219714039786,36.19409646053917,36.30419158935547,29000
2024-03-05,37.028995513916016,37.07486819718697,36.056478529209365,36.056478529209365,108600
2024-03-06,37.26753616333008,37.52442949350966,36.36841825735517,37.028996106586305,56800
2024-03-07,37.359291076660156,37.5886580336635,37.14827389620052,37.570308257119784,28400
2024-03-08,37.5152473449707,38.0290304299823,37.30423022966084,37.698741553893484,26300
2024-03-11,37.735443115234375,37.84553824653591,37.487726444910074,37.6345211199325,30000
2024-03-12,37.304237365722656,37.64369944225711,37.11156998443512,37.64369944225711,31300
2024-03-13,37.1207389831543,37.57029965589919,36.918898487106226,37.22166098110894,42800
2024-03-14,36.146324157714844,37.11146432409811,35.90503734606407,37.11146432409811,40900
2024-03-15,36.34120559692383,36.90729746825718,36.08136154061728,36.08136154061728,150600
2024-03-18,35.8493537902832,36.46184582696966,35.7658319880028,36.41544561239375,48300
2024-03-19,36.05351257324219,36.30407796014299,35.96999077760859,35.96999077760859,52500
2024-03-20,37.62187194824219,37.81675498935856,35.75655272581483,35.905035548585836,76100
2024-03-21,38.01163864135742,38.048760232674184,37.54762937022725,37.63115118063507,46200
2024-03-22,37.46410369873047,38.13227811313031,37.35274247636697,38.04875631133033,36200
2024-03-25,37.751792907714844,37.91883652112055,37.50122748760629,37.58474929430914,29400
2024-03-26,37.0743408203125,37.87243731905972,37.0743408203125,37.75179391945358,61900
2024-03-27,39.31085968017578,39.32013830645448,37.47338368749027,37.61258432232615,73500
2024-03-28,39.57999038696289,39.72847320515562,38.66125051556999,39.38510381174586,90800
2024-04-01,38.6798095703125,39.245901395490414,38.54060538572107,39.245901395490414,66600
2024-04-02,38.067317962646484,38.967497008979784,37.993074785992,38.327162000718154,40300
2024-04-03,38.048763275146484,38.25292850360445,37.7703583982284,37.90028043811617,34300
2024-04-04,37.863155364990234,38.577730058828394,37.8074765187884,38.16940317953934,40500
2024-04-05,38.07659912109375,38.178681725725596,37.51050725185151,37.66827224267611,48200
2024-04-08,38.549888610839844,38.763332436991526,38.12300095853648,38.16011900735144,41200
2024-04-09,39.11598205566406,39.22734328689489,38.79117344941871,38.79117344941871,42800
2024-04-10,37.26922607421875,38.577732131924876,36.92586019045316,38.577732131924876,83400
2024-04-11,37.14858627319336,37.33419071544489,36.68457693761968,37.33419071544489,34400
2024-04-12,37.176422119140625,37.24138313046828,36.777373883779546,36.907295906434854,35000
2024-04-15,37.03721618652344,37.59402584030869,36.703128978208504,37.1485774092586,44500
2024-04-16,36.6474494934082,37.00009394922909,36.45256293190685,36.8608933082817,30000
2024-04-17,36.749534606933594,37.334187307620844,36.63817336779172,37.334187307620844,38100
2024-04-18,37.72395324707031,38.02091888233457,36.86089576329931,36.86089576329931,45200
2024-04-19,38.80973434448242,38.80973434448242,37.50122836879736,37.50122836879736,47400
2024-04-22,39.078857421875,39.37582304210358,38.73549158725622,38.921092444817006,43200
2024-04-23,39.849117279052734,40.294565780780665,38.651975979457035,39.19022492483704,54900
2024-04-24,40.22032165527344,40.331682883277644,39.37582496767988,39.56142937442662,40400
2024-04-25,39.691349029541016,39.80271025090256,39.31086161145546,39.80271025090256,41800
2024-04-26,39.570709228515625,39.87695704015872,39.43150857422217,39.672791832396655,31800
2024-04-29,39.004615783691406,39.83983383606343,38.92109397845421,39.49646798791474,25700
2024-04-30,38.98605728149414,39.245904879793784,38.355007931620165,38.744774018904955,37500
2024-05-01,39.63566970825195,40.183200770698015,39.19950341587298,39.19950341587298,43800
2024-05-02,40.08112335205078,40.173927339109426,39.663517800672324,39.737757450209116,40400
2024-05-03,40.48017120361328,40.526571426580304,39.99760109651398,40.368809960470394,26600
2024-05-06,40.67505645751953,40.9070611047832,40.43376964190373,40.67505645751953,29200
2024-05-07,40.26671600341797,41.111212567933684,40.26671600341797,40.69360359864369,51900
2024-05-08,40.777130126953125,40.832812509359854,40.081116277361765,40.18319887505269,31200
2024-05-09,41.1112174987793,41.129778292986025,39.39438474591606,40.9905741064903,41800
2024-05-10,40.832820892333984,41.03698612963093,40.48017281157842,40.92562134195429,37700
2024-05-13,40.33168029785156,41.036976290254906,40.33168029785156,40.83281110191035,27900
2024-05-14,40.74001693725586,40.78641715807352,39.032462614352376,40.78641715807352,17400
2024-05-15,40.832820892333984,41.11122578130512,40.563694632280786,41.02770396060276,33800
2024-05-16,40.832820892333984,41.064825556494974,40.68433804887536,40.95346430892857,37900
2024-05-17,40.851375579833984,41.027697823782816,40.55440993733611,41.01841919625275,37100
2024-05-20,39.91407775878906,40.89777873272699,39.90479913059312,40.84209634322146,30200
2024-05-21,40.164642333984375,40.19248529819081,39.320145581993444,39.709915219894576,43500
2024-05-22,40.13679504394531,40.51728243917372,39.997590870523794,40.19247742133576,37500
2024-05-23,39.375823974609375,40.08111645432778,39.02317596469541,40.08111645432778,43400
2024-05-24,39.51502990722656,39.56143012476589,39.25518231680889,39.44078672707589,27200
2024-05-28,38.948936462402344,39.91407298427912,38.85613249099432,39.81199392589458,29500
2024-05-29,38.09516143798828,38.51277050083863,38.04876121769599,38.484931076685235,31700
2024-05-30,38.754051208496094,38.96749857992796,38.345724340763546,38.57772896699765,22800
2024-05-31,39.078857421875,39.078857421875,38.64268761836639,38.83757064287088,62500
2024-06-03,38.20652389526367,39.18094625308017,38.113723451714485,39.18094625308017,34100
2024-06-04,38.373565673828125,38.512769872543906,37.816755959184675,38.141561036041715,35700
2024-06-05,38.78189468383789,38.78189468383789,38.33644622039019,38.438525283591154,29000
2024-06-06,38.84685516357422,38.893255380775834,38.14155911771484,38.54988952535226,28700
2024-06-07,38.92109680175781,39.004618613053616,38.48493048953291,38.54060933699022,64700
2024-06-10,38.141563415527344,38.90253839173189,38.104445361649354,38.90253839173189,27800
2024-06-11,38.2900390625,38.34572144302781,37.658989783731684,37.77962963137787,26100
2024-06-12,38.98605728149414,39.95119741207046,38.84685662465377,38.902535471346,39400
2024-06-13,38.3086051940918,39.03246208138112,37.946678520502076,39.03246208138112,29600
2024-06-14,38.11152648925781,38.31799243913418,37.71736454676686,37.84875424759937,35000
2024-06-17,38.871681213378906,38.899837932859135,37.811205719688765,38.139670946937485,34600
2024-06-18,39.35031509399414,40.15740535757766,38.53384164176576,38.918616816264496,46300
2024-06-20,38.73091506958008,39.228306333942584,38.69337516057085,38.9936872726391,38000
2024-06-21,38.496299743652344,39.09692402606865,38.35552686120966,39.031230968929556,148900
2024-06-24,38.81537628173828,39.538003386770946,38.50567741672317,38.787223141283306,56700
2024-06-25,38.486907958984375,38.85291668962801,38.41183172346956,38.81537678186928,35900
2024-06-26,39.003074645996094,39.15323070436362,38.21475444456586,38.48690983910507,42200
2024-06-27,39.37846374511719,39.39723370026773,38.85291932091346,39.01245856968876,35400
2024-06-28,40.973873138427734,41.26480206619587,39.331539692645585,39.416002698771635,226500
2024-07-01,40.72987365722656,41.49942395204025,39.92278345047,41.048955748734905,143000
2024-07-02,40.82371520996094,41.35864636424297,40.57032620319534,40.88940825838135,47500
2024-07-03,39.875858306884766,40.73925475730309,39.78200853183743,40.73925475730309,33600
2024-07-05,39.14384460449219,39.90401167669268,38.9467654457745,39.65062265262585,38700
2024-07-08,39.32216262817383,39.70693780932765,39.01246369748733,39.70693780932765,36100
2024-07-09,39.35969924926758,39.41600912252955,38.95615410756522,39.32216291376298,65300
2024-07-10,40.401405334472656,40.50463830368551,39.350312846129505,39.56616197266406,60900
2024-07-11,42.04373550415039,42.23143147113377,40.60786797973274,40.60786797973274,104200
2024-07-12,42.13758850097656,42.70067286499727,42.05312548837315,42.22205151357998,80100
2024-07-15,43.2449951171875,43.73299970479162,42.62559724368285,42.634984012677215,96400
2024-07-16,45.35655975341797,45.37532612837652,43.76114938172677,43.76114938172677,94700
2024-07-17,46.839351654052734,46.92381466364742,44.18346560569182,44.33362166941538,113000
2024-07-18,45.95718765258789,47.17720618222914,45.43163961181795,46.87689403893293,81900
2024-07-19,46.00410842895508,46.84873494679213,45.61933329105084,46.069801483231196,73900
2024-07-22,46.86750793457031,47.045820733430354,44.174081794979294,45.675642532729604,95600
2024-07-23,47.55259704589844,47.86229597354059,46.351348410202796,46.351348410202796,122400
2024-07-24,47.28044128417969,48.59430607532995,47.18659149766683,47.64644650157157,96500
2024-07-25,47.95613479614258,49.00723077052581,47.064585225375005,47.139661463543646,90800
2024-07-26,48.9415397644043,48.96030613972844,47.787210781808895,48.500454764225616,88900
2024-07-29,47.308589935302734,48.75384429025616,46.06980151105779,48.75384429025616,54800
2024-07-30,48.087528228759766,48.218914340805064,47.19597500844845,47.421207320525234,51400
2024-07-31,47.59952163696289,49.0072361625355,46.7079683880996,47.87167705777119,83600
2024-08-01,46.12611389160156,47.78721387555265,45.52548602225966,47.637057803217964,70800
2024-08-02,44.868553161621094,45.178248478811234,43.96761319342483,44.58700740780809,63100
2024-08-05,43.01975631713867,43.83622974474054,41.949893843728674,42.878983431688646,66900
2024-08-06,42.850826263427734,43.20744824774966,42.55051414399965,42.935289270767065,29900
2024-08-07,42.70067596435547,44.258546636558194,42.569289841881066,43.40453326047122,52500
2024-08-08,43.2449951171875,43.82684949471812,42.81329324353243,43.1699152852463,30100
2024-08-09,42.71005630493164,43.67668936153847,42.34405110815947,43.37637722162269,42600
2024-08-12,42.66312789916992,43.864379889460736,42.578664896571375,42.963440001741965,45200
2024-08-13,43.2356071472168,43.43268633058295,42.3722105838965,43.12299098243661,73000
2024-08-14,43.11360168457031,43.23560461092718,42.63498032732895,43.23560461092718,32200
2024-08-15,43.948848724365234,44.605779298418994,43.686072914740606,44.061464882774004,35500
2024-08-16,44.69024658203125,44.84978943668962,43.8643899014586,43.8643899014586,32200
2024-08-19,44.97178268432617,45.08440241819559,44.324235324590475,44.868553298283686,25800
2024-08-20,44.24915313720703,44.97177664243598,44.117763465344716,44.97177664243598,32700
2024-08-21,44.6527099609375,44.69024629708531,44.21162489616885,44.69024629708531,25400
2024-08-22,44.79347229003906,45.06563126968173,44.04269198413075,44.43685030223153,26800
2024-08-23,47.073970794677734,47.984293946055026,45.168865062210656,45.18763501770331,47800
2024-08-26,46.85811996459961,48.07813838702602,46.68919395134026,47.31797132735896,40500
2024-08-27,46.53904342651367,46.71735264837654,46.16365144574598,46.698582691337826,31600
2024-08-28,47.308589935302734,47.41182290065697,46.642272624383686,47.04581771803955,27100
2024-08-29,47.167823791503906,47.55259898456221,46.79243536754654,47.55259898456221,31800
2024-08-30,47.39305114746094,47.50566729630164,46.62350090037764,47.13027894016503,24100
2024-09-03,46.74550247192383,47.421202925533386,46.501496646451514,47.05519776732764,39300
2024-09-04,45.94779968261719,46.726736745171195,45.94779968261719,46.55781072148486,39300
2024-09-05,45.82579803466797,46.238726305137,45.37532627415265,46.21995635011529,95700
2024-09-06,45.06563186645508,45.99472138856902,44.924858990981846,45.99472138856902,32800
2024-09-09,45.06563186645508,45.750719128418744,44.81224283860502,45.12194173264496,43600
2024-09-10,45.07502365112305,45.347182686277485,44.361783110032526,45.347182686277485,29000
2024-09-11,44.59639358520508,44.85916579994861,43.46083813720288,44.67146982655912,36100
2024-09-12,45.02809143066406,45.33779032109311,44.57762324640599,44.97178156513072,40900
2024-09-13,46.061153411865234,46.23175057094332,45.15130430706144,45.71996270912803,36300
2024-09-16,46.67720031738281,46.80988619667076,45.90003706833707,46.30757433496094,34000
2024-09-17,46.857269287109375,47.56808953268978,45.577794291232145,47.08473335647935,29500
2024-09-18,47.31219482421875,48.686448051538264,46.27913951597462,46.63928584501762,42600
2024-09-19,48.421077728271484,48.52533194804213,46.25070560070464,48.24100455847967,33700
2024-09-20,46.648765563964844,48.07988210106794,46.54451134704246,48.07988210106794,161900
2024-09-23,46.601375579833984,47.283764202030774,46.26018488415448,46.74354108126461,48400
2024-09-24,46.03272247314453,46.96152723400561,46.00429081799562,46.85727301123423,64100
2024-09-25,45.64413833618164,46.1180185114391,45.15130252006362,46.1180185114391,49300
2024-09-26,45.65361022949219,46.28861148705762,45.49249271984362,45.994804503357976,39900
2024-09-27,45.70100402832031,46.288614417501606,45.49249559988684,46.184360203284875,31500
2024-09-30,47.06578063964844,47.084736281224956,45.701006984909654,45.701006984909654,46800
2024-10-01,45.31242370605469,46.91413739851378,45.255556783414804,46.72458460513299,55400
2024-10-02,44.971229553222656,45.76734839578075,44.677422541717334,45.16078234724484,28000
2024-10-03,44.81010437011719,44.933314217428375,44.1182398074626,44.61107558128885,23600
2024-10-04,45.862117767333984,45.881073406121494,45.14182157050063,45.454580571948526,32000
2024-10-07,45.625179290771484,45.67256658167743,45.17025479032104,45.58726801187931,26000
2024-10-08,45.445106506347656,45.96637394136186,45.302941017062615,45.871599358784216,32200
2024-10-09,45.776824951171875,46.09906362020368,45.20817017778346,45.20817017778346,31900
2024-10-10,45.710479736328125,45.719959364149446,45.02809114994093,45.34085379050796,36200
2024-10-11,47.160552978515625,47.32167411650729,45.90950961759889,45.90950961759889,40800
2024-10-14,47.416446685791016,47.786072624586936,46.98995744282258,47.084732026722534,33500
2024-10-15,48.108306884765625,49.2171882154607,47.454353638480725,47.454353638480725,42600
2024-10-16,49.6436882019043,50.00383453221327,48.33577790509619,48.838089734234735,64500
2024-10-17,48.79069900512695,49.425700275667424,48.19360901366143,49.425700275667424,44800
2024-10-18,49.738460540771484,50.26920761491725,49.349878959024,50.14599776253332,44300
2024-10-21,48.53480911254883,50.70518129160989,48.3547359384846,50.02279264813451,88700
2024-10-22,49.1413688659668,49.16032450533761,48.42107264696846,48.64853670399972,36500
2024-10-23,49.52995300292969,49.52995300292969,48.582192677753376,48.73383418516484,37400
2024-10-24,49.34988021850586,50.23129761686549,48.809657118274956,49.36883585900399,44300
2024-10-25,48.57271194458008,49.80479952448088,48.14621911661717,49.80479952448088,34700
2024-10-28,49.68159484863281,50.05122441492018,47.672343957894896,48.84756835990009,56300
2024-10-29,49.50151824951172,49.77636959429764,49.09398104597907,49.30248946139163,48100
2024-10-30,49.975406646728516,50.53458544064438,49.07503352223089,49.283541972123984,49300
2024-10-31,49.0939826965332,50.09860991362047,49.06555104453688,50.09860991362047,53200
2024-11-01,49.1413688659668,49.37830893497419,48.7527872974114,49.37830893497419,51500
2024-11-04,48.999210357666016,49.43517924686895,48.09883731054255,49.04659765163698,44300
2024-11-05,50.032264709472656,50.10808364982524,49.18875866132136,49.18875866132136,31000
2024-11-06,57.71860122680664,58.00292858146008,52.600694381370744,53.140917439837835,153800
2024-11-07,53.89912796020508,57.18785740155355,53.52002600445173,57.18785740155355,110000
2024-11-08,54.733158111572266,54.903755257257416,53.595845012144174,54.40144344797263,65900
2024-11-11,57.31106948852539,57.936591174549456,55.993683181248855,55.993683181248855,65400
2024-11-12,56.941444396972656,58.06927792843235,56.75189160111401,57.20681614192344,72300
2024-11-13,56.3443489074707,58.38203132352543,56.3443489074707,57.55748089899793,77400
2024-11-14,56.26852798461914,57.09308204851447,55.58614302727436,56.713976482441765,60000
2024-11-15,55.95576858520508,56.979347821971025,55.406065879679616,56.666588805193705,50600
2024-11-18,55.472408294677734,56.51494677687562,55.434500631015965,55.680916714201025,50900
2024-11-19,55.462928771972656,55.57665898659631,54.33509540636048,54.69524168857176,46100
2024-11-20,54.666812896728516,55.63352881011489,53.71905262267347,55.17860431241869,44700
2024-11-21,55.58614730834961,56.09793516191988,54.61943129428748,54.61943129428748,38000
2024-11-22,56.562339782714844,56.75189258184917,50.21234451193795,55.79465257315934,43900
2024-11-25,56.93196105957031,58.44837609680699,56.62867805212298,57.27315534680322,54600
2024-11-26,56.116886138916016,56.979347861822,55.79464749434572,56.600245913480755,32800
2024-11-27,55.85151672363281,56.789797428848225,55.85151672363281,56.571812986066675,48800
2024-11-29,55.89889907836914,56.52442069838558,55.311288736030896,56.126363129019865,38500
2024-12-02,56.116886138916016,56.46756005079039,54.85636682793892,56.15479741837572,68600
2024-12-03,55.35867691040039,56.70449836614347,55.20703541268187,56.32539281413791,77600
2024-12-04,56.14532470703125,56.25905493667803,54.90375734737306,55.358681881378956,46800
2024-12-05,55.78517150878906,56.505467741773906,55.557707447340974,56.2116643643676,43000
2024-12-06,55.349205017089844,56.19271113687834,54.960623424308,56.19271113687834,32000
2024-12-09,54.88479995727539,55.78517298387834,54.88479995727539,55.54823290400486,42600
2024-12-10,55.62405014038086,56.12636555276265,54.5530836153619,55.159649622733,44400
2024-12-11,56.0031623840332,56.47704258575445,55.04592596734066,56.17375954588637,117200
2024-12-12,55.33972930908203,56.25905805620147,54.922716033641585,55.89890809102803,46300
2024-12-13,55.215518951416016,55.91299780451022,54.47982118026707,55.46393462925858,50600
2024-12-16,55.76012420654297,55.76012420654297,54.66135403433451,55.03397936298153,48700
2024-12-17,55.005313873291016,55.90343650272779,54.51803546614335,55.58813956745726,61000
2024-12-18,51.766334533691406,55.44481935914304,51.51791523712866,55.40660408985021,84500
2024-12-19,51.52747344970703,54.24095447384105,51.18351050168554,52.56891520021373,47200
2024-12-20,51.966983795166016,52.46381879544783,50.9733137946024,50.9733137946024,120800
2024-12-23,51.77588653564453,52.21539675002107,51.48925197479456,52.024305827869036,30900
2024-12-24,52.13896560668945,52.13896560668945,51.53703040041615,51.74723080620355,21300
2024-12-26,51.995643615722656,52.2536158327444,51.5179180978505,51.747227950121975,21100
2024-12-27,51.183509826660156,52.19628919972698,50.7057843262099,51.65168242079419,28600
2024-12-30,50.84910583496094,51.50836574459533,50.400042677014284,51.116630961521594,130400
2024-12-31,50.667564392089844,51.355490265220375,50.31404854940054,51.20261825394206,47900
2025-01-02,49.63568115234375,51.54658318981796,49.6070151433473,51.00197640071832,50900
2025-01-03,49.91276550292969,49.9605373274807,48.852214232016856,49.6834556424256,61600
2025-01-06,49.33949279785156,50.44781589609644,49.31083043200035,49.98919981869407,60300
2025-01-07,48.594242095947266,49.58791208538208,48.38404169382466,49.44459296670638,95800
2025-01-08,48.833106994628906,49.03375085372427,48.212062312945065,48.470034550963426,74000
2025-01-10,47.505027770996094,48.0687440410172,46.65467691252078,47.954087289830284,122800
2025-01-13,48.77577209472656,48.93820065758111,47.1132894205462,47.1132894205462,85500
2025-01-14,50.41914749145508,50.43825694798598,48.947752141381216,49.12928651129052,79200
2025-01-15,51.584808349609375,51.89055242103482,50.22806584349676,51.7376803853221,88800
2025-01-16,50.75355911254883,51.5083663221009,50.151627571038574,51.37460375732084,73900
2025-01-17,51.40326690673828,51.52747656653852,50.51469711885308,51.35549508212483,62600
2025-01-21,51.66123580932617,52.549805540038236,51.537026157517936,51.82366437626868,70900
2025-01-22,50.91598892211914,51.49881466401355,50.55291649122881,51.422376828139114,72800
2025-01-23,51.116634368896484,51.53703154505162,50.638908814046985,50.71534665230614,72300
2025-01-24,51.43193435668945,51.48925908992725,50.25672629872093,50.25672629872093,42500
2025-01-27,51.86188507080078,52.54981103614152,50.59113699010941,51.37460660852225,74900
2025-01-28,51.145294189453125,52.15807362742242,50.782225410068754,51.66123863774446,89200
2025-01-29,51.70901107788086,51.98609276394062,50.72489763848669,50.87776966445818,68800
2025-01-30,51.32683181762695,52.186735579882765,50.96375939635991,52.186735579882765,79400
2025-01-31,51.126182556152344,51.900099195670265,50.92553871638131,51.32683004067977,83300
2025-02-03,50.572025299072266,51.021088467161256,49.45414565471958,49.998756116421426,88000
2025-02-04,52.46381378173828,52.46381378173828,50.8682123758949,50.982865474308745,108900
2025-02-05,53.53392028808594,53.53392028808594,52.07208137185858,52.54980688903159,74400
2025-02-06,54.097633361816406,54.15496173261712,53.457482955944876,53.79188934039176,75500
2025-02-07,52.99887466430664,53.93521632226709,52.13896720048747,53.93521632226709,57300
2025-02-10,53.103973388671875,53.40971744621945,52.301394326420315,53.09441683669789,55200
2025-02-11,54.34605407714844,54.34605407714844,52.51158625591341,52.88421156396337,53500
2025-02-12,52.6549072265625,53.543476982457356,52.6549072265625,53.476595701455075,51000
2025-02-13,53.19951629638672,53.2377352142352,52.53069981306463,52.98931589297664,47100
2025-02-14,53.02753448486328,54.42249217494874,52.83644354155209,53.39060691267888,29200
2025-02-18,53.05619430541992,53.29505706191075,52.51158751220135,52.92243174494609,35700
2025-02-19,52.94154357910156,53.13263452182257,52.387383854442895,52.50203696217286,26500
2025-02-20,52.769561767578125,52.884214874596424,51.72811996320748,52.69312757781811,49500
2025-02-21,51.47970199584961,53.29505674762057,51.42237362251758,53.275947289843224,50000
2025-02-24,51.240840911865234,51.90010082528002,51.193069088242105,51.861881908478914,51900
2025-02-25,51.623016357421875,52.10074185736398,51.42237252218771,51.584801087441306,48000
2025-02-26,51.3172721862793,51.78544477861293,50.74400304584608,51.78544477861293,39500
2025-02-27,51.59435272216797,51.79499655245713,50.88731739598626,51.12618014007037,34600
2025-02-28,52.1580696105957,52.22495088821353,51.55613446727905,51.88098794917544,53500
2025-03-03,52.24406433105469,52.69312749625303,51.766338800335284,52.16762649665644,48800
2025-03-04,50.41914749145508,51.766333196456166,50.40959094081155,51.65168010202693,60900
2025-03-05,50.13252258300781,50.992426423884154,49.82677850917309,50.543366865615134,88000
2025-03-06,49.769447326660156,49.96053827323817,48.775777320259806,49.922319354971236,55800
2025-03-07,49.7216682434082,50.094293530227624,48.92864220653108,49.62612096168776,38300
2025-03-10,48.269386291503906,49.47325298108518,47.772551320400964,48.995527467881175,68700
2025-03-11,48.336265563964844,49.05285380400499,48.087849911110354,48.403146841454756,50500
2025-03-12,48.708892822265625,49.062408681021104,47.78210416159584,48.55602080403976,50400
2025-03-13,48.53691482543945,49.00508746499167,48.441371173983086,48.89043070953602,34900
2025-03-14,49.472354888916016,49.95454159091089,48.71049901685389,49.163755693942704,38900
2025-03-17,49.70380401611328,49.742379833546714,49.15411149346041,49.3469832230427,47600
2025-03-18,49.472354888916016,49.732736149448364,49.20233151301252,49.51093070798583,40700
2025-03-19,50.24385452270508,50.49459367608231,49.50129021463861,49.549508150659555,62300
2025-03-20,49.36627197265625,50.64889033322247,49.269836106222435,49.73273488693124,45600
2025-03-21,49.43377685546875,50.128126852451715,48.700854719936395,49.57843433110435,154200
2025-03-24,50.475303649902344,50.63924536125937,49.72309357889003,50.09919861439619,63700
2025-03-25,49.74238204956055,51.43003551013722,49.74238204956055,51.28537802771362,55800
2025-03-26,49.89668273925781,50.49459323402704,49.424138141286974,50.07026657165502,47500
2025-03-27,50.06062698364258,50.263144530658444,49.67487612178989,50.0799148946145,32000
2025-03-28,49.076961517333984,50.147416575140916,48.81658025904641,50.147416575140916,33000
2025-03-31,48.56584548950195,49.20233179260026,47.08070955600836,47.73648376875118,98400
2025-04-01,48.87444305419922,49.2119722647257,48.10294508814405,48.37296845656524,61600
2025-04-02,48.65263748168945,48.84551289235748,47.726839925033865,48.189738703361655,63900
2025-04-03,45.69200897216797,46.8878298299044,45.24839444869258,46.434576870681326,100300
2025-04-04,44.94944763183594,45.88489106676112,43.16535452067753,44.09115583965596,86700
2025-04-07,44.679420471191406,46.47315186820602,43.56074381850096,43.71504709097619,108500
2025-04-08,44.746925354003906,46.357427098609264,44.13936910743413,45.66307710252951,73800
2025-04-09,46.39600372314453,47.292871257421325,43.23286022604335,44.02364610031864,90400
2025-04-10,44.332244873046875,45.836664971643415,43.5028831885424,45.836664971643415,72000
2025-04-11,44.01400375366211,44.24545500077406,43.0110544808316,43.93685579048664,60900
2025-04-14,44.48654556274414,46.0391873110652,43.38716048546632,44.476899768709046,75300
2025-04-15,45.34484100341797,45.61486439781952,44.28402797908231,44.28402797908231,44200
2025-04-16,45.8656005859375,46.06811811860613,45.325550153361895,45.325550153361895,74900
2025-04-17,45.50878143310547,46.52137649089584,45.286975982756864,45.788450614376956,72300
2025-04-21,45.5955696105957,45.74022708080491,44.67941789524504,45.29661623439203,73100
2025-04-22,46.79139709472656,46.96498459837846,45.277331174157,45.95239327960408,56900
2025-04-23,47.495391845703125,48.60442277148536,47.21572266563035,47.78470314149201,49000
2025-04-24,47.562896728515625,47.72684212271001,47.042134199370146,47.514678793326446,54100
2025-04-25,47.080711364746094,47.33145052096493,46.64674257805407,47.14821721169899,38700
2025-04-28,47.35073471069336,47.62076177705896,46.752824204442284,47.080711323120504,52400
2025-04-29,47.82327651977539,47.84256442901538,46.897478949011095,47.24465395774584,52900
2025-04-30,47.215721130371094,47.7075536281333,46.57923482881435,47.25429694956668,54500
2025-05-01,47.64004135131836,48.02578845481072,46.83960976565533,47.19642684805359,50800
2025-05-02,48.66228485107422,48.729790700278095,47.9968684751533,48.12223805744316,38300
2025-05-05,48.25724411010742,48.884084590635275,47.25429492671192,48.324749951413615,30000
2025-05-06,48.45012283325195,48.95159378046023,47.96793611734249,47.96793611734249,41000
2025-05-07,48.33439254760742,49.192684263153176,48.11258711270849,49.0383846702325,56600
2025-05-08,49.49163818359375,49.761661534318876,48.59477070720845,48.94194568887918,41400
2025-05-09,49.192684173583984,49.520571267792455,49.11553621666036,49.520571267792455,37800
2025-05-12,50.42708206176758,51.43003120296825,50.30171249941942,50.75496913951425,53100
2025-05-13,50.832122802734375,51.02499822521515,50.234212303957406,50.88034073865639,37400
2025-05-14,50.81283187866211,51.07321313174783,49.983473865135444,50.59102644354297,49700
2025-05-15,51.246803283691406,51.343242833594594,50.774262364940135,50.774262364940135,43400
2025-05-16,50.774261474609375,51.12143281179516,50.62960399168751,51.12143281179516,48300
2025-05-19,50.80318832397461,51.063569569681995,49.71344540944941,50.31135585581875,41500
2025-05-20,50.774261474609375,51.03463905780056,50.591028172402666,51.03463905780056,34800
2025-05-21,49.462711334228516,50.513878461141125,49.44342342525487,50.45601473422018,47200
2025-05-22,49.34698486328125,49.829171560849176,48.768362297716756,49.2023310612864,41500
2025-05-23,49.009456634521484,49.24090787268882,48.50798201748611,48.50798201748611,55500
2025-05-27,49.80024337768555,49.85810710789866,48.922663702813125,49.48200205849515,45800
2025-05-28,49.192684173583984,49.906322088787995,49.14446624065766,49.6362987213666,42600
2025-05-29,49.56879425048828,49.63630009421071,48.87444422500891,49.183043418823615,36900
2025-05-30,49.231258392333984,49.549503361137084,49.17339834621877,49.39520377350925,36300
2025-06-02,48.91301727294922,49.24090435765119,48.47904853160949,49.192682747330494,50400
2025-06-03,49.61701202392578,49.73273580153306,48.59477489848257,48.82622613248969,49700
2025-06-04,49.028743743896484,49.83881754606915,48.91301996609827,49.58807840224835,49600
2025-06-05,48.845516204833984,49.27948130977597,48.5562012298157,49.057675860043275,42900
2025-06-06,50.03168869018555,50.089548734748625,49.23125707166861,49.32769661059416,39400
2025-06-09,50.24385452270508,50.44637574006137,50.07026700999552,50.128130740496275,45300
2025-06-10,50.81283187866211,50.92855933256186,50.28242725739527,50.28242725739527,41200
2025-06-11,50.648887634277344,51.07321057428458,50.50423016354254,50.92855678234207,46800
2025-06-12,50.33064651489258,50.36922233387427,49.92561145196252,50.3017164900526,59300
2025-06-13,49.19207763671875,49.727302277232354,49.094765415615655,49.727302277232354,48500
2025-06-16,48.734703063964844,49.746762729364235,48.6860432438648,49.746762729364235,53200
2025-06-17,48.452491760253906,48.88067070066625,48.277326804579985,48.277326804579985,53400
2025-06-18,48.870941162109375,49.133688596684735,48.30651992215719,48.30651992215719,51800
2025-06-20,48.89040756225586,49.53267787381986,48.70550914490257,49.25046723528725,89600
2025-06-23,50.330650329589844,50.44742573829186,48.9390640257945,48.96825694991418,50100
2025-06-24,50.96318435668945,51.41083020418126,49.55213494469428,50.69070718082557,47900
2025-06-25,50.74909973144531,51.050769847596165,50.340380231318264,50.98265054961221,41300
2025-06-26,51.79035568237305,51.946057463968934,50.58366409083748,50.75882905916076,96700
2025-06-27,51.66384506225586,52.38396809770954,51.3816344326711,52.01417498695099,259800
2025-06-30,51.49840545654297,52.0239002988888,51.391363510633575,51.76115287771588,68400
2025-07-01,53.1235466003418,53.76581684310078,51.26485516203754,51.36216737279201,113700
2025-07-02,53.69770431518555,53.83394291228724,52.69537431174592,53.36683755984285,63900
2025-07-03,54.602718353271484,55.1087500451265,53.016503983824336,54.077223475703995,39900
2025-07-07,53.795013427734375,54.98224178335721,53.493343326515756,54.262118753170455,59400
2025-07-08,54.038299560546875,54.505404902208845,53.707432812841745,53.707432812841745,58900
2025-07-09,53.8534049987793,54.45674893599538,53.53226798741093,54.45674893599538,36400
2025-07-10,54.048030853271484,54.34970095293167,53.47387986434721,53.53226570958563,42300
2025-07-11,53.1235466003418,53.67823436853261,53.04569386195991,53.56145897318267,55800
2025-07-14,53.89232635498047,53.970175382104586,53.3084419465464,53.3084419465464,41100
2025-07-15,52.432621002197266,53.93124911525589,52.413157817323395,53.73662469096306,81300
2025-07-16,54.43728256225586,54.70002999829533,52.97757705907416,53.444682374625536,72400
2025-07-17,55.2741813659668,56.01376757161441,53.57119160030271,54.62218135183677,89300
2025-07-18,55.41041946411133,56.403019649945534,54.79734582668498,55.49800194263267,74900
2025-07-21,55.33256912231445,55.8872569023884,55.28391301589485,55.46880770517852,47600
2025-07-22,55.225528717041016,56.06242719111402,55.20606553017614,55.498005908702616,78600
2025-07-23,55.50774002075195,55.86779970149128,54.826543321244294,55.86779970149128,51000
2025-07-24,54.32050704956055,55.45907927005358,54.21346138559197,55.42015289911536,38000
2025-07-25,54.23292541503906,54.47620966885436,53.57119194768361,54.24265886403661,40300
2025-07-28,54.28158187866211,54.42755391679601,53.600388933298966,54.1939993982264,41700
2025-07-29,53.73662567138672,54.81680832214533,53.69769930092877,54.6805660255425,35700
2025-07-30,53.14301300048828,54.71949392588146,52.94838485498,53.80474646788257,51400
2025-07-31,52.52993392944336,52.91919020777391,52.306112868681346,52.66617251319216,41800
2025-08-01,51.68330383300781,52.88026183197779,51.18700191134779,52.1504091219554,62100
2025-08-04,52.364501953125,52.364501953125,51.69303506465521,51.75142461954653,65800
2025-08-05,52.23799514770508,52.61751798876771,51.576261681977336,52.61751798876771,56000
2025-08-06,51.576263427734375,52.25746010224344,51.56653369065453,52.16987761963194,54000
2025-08-07,51.69303894042969,52.033639134498344,51.45948812779946,51.96551983812926,41600
2025-08-08,52.10175704956055,52.335307855998934,51.61518853855357,52.043367491839376,42700
2025-08-11,52.31584548950195,52.442354343767725,51.790354310673365,52.101757865617415,44400
2025-08-12,54.48594284057617,55.47853932433498,52.860802103004225,52.860802103004225,58900
2025-08-13,55.04063034057617,55.147672292861465,54.40808980242113,54.70976361037898,80100
2025-08-14,54.70976638793945,54.78761542193772,53.97991359711731,54.40809256466593,40100
2025-08-15,53.57119369506836,54.787615003822054,53.47388147525735,54.787615003822054,82600
2025-08-18,54.97250747680664,54.97250747680664,53.55172472045965,53.99937053498634,51700
2025-08-19,54.583255767822266,55.24498924043119,54.31077858929735,54.78761365171595,38600
2025-08-20,54.65137481689453,54.98224155171234,54.291315159429686,54.73895729705875,36400
2025-08-21,54.33024215698242,54.79734748583152,54.125880559429625,54.281582335712656,47200
2025-08-22,57.064754486083984,57.16207041580539,54.670838298284636,54.670838298284636,63400
2025-08-25,56.53926086425781,57.29831028413475,56.49060475442264,57.18153116586247,42300
2025-08-26,57.17179870605469,57.37615658496408,56.24731781432068,56.51979869842292,44600
2025-08-27,57.20099639892578,57.40535800710284,56.782547157369144,56.986908765546204,42700
2025-08-28,57.045291900634766,57.385892089910335,56.80200764210501,57.385892089910335,35700
2025-08-29,56.85066223144531,57.454009849269106,56.85066223144531,57.0258271898815,56400
2025-09-02,56.733890533447266,57.035564362052234,56.120813138899315,56.53926237667707,47500
2025-09-03,56.656036376953125,57.0258257579457,56.00403266754086,56.50033460805546,35200
2025-09-04,57.25938415527344,57.31777371465829,56.41275596142092,56.75335244394112,38200
2025-09-05,56.80200958251953,58.06708702764596,56.188935902882015,57.51239919622727,50100
2025-09-08,56.52952575683594,56.97716786435036,56.12080630615803,56.97716786435036,39100
2025-09-09,55.9748420715332,56.69496139052011,55.83860348211531,56.403021025735605,37900
2025-09-10,55.90672302246094,56.55872304960358,55.76075098331575,55.85806691348693,38600
2025-09-11,55.61478042602539,56.34463316803505,55.089285560844914,55.82886803936991,86800
2025-09-12,55.381229400634766,55.721825883452254,55.06982584142356,55.41042232424105,40700
2025-09-15,55.42051696777344,55.72502666160686,55.07671872241299,55.62679966210954,48700
2025-09-16,54.63468933105469,55.19459146776014,54.36947193780687,55.19459146776014,50000
2025-09-17,55.09636306762695,56.01970957287455,54.389116703621305,54.909730275845334,62000
2025-09-18,56.59925842285156,56.62872951973301,55.214236777255906,55.36158102030385,51000
2025-09-19,55.49909973144531,56.599257827370714,55.35175548994757,56.599257827370714,152900
2025-09-22,55.214237213134766,55.6464449976902,55.007958268935006,55.6464449976902,53900
2025-09-23,55.1945915222168,56.05900335138255,54.92937412870731,55.3321145666112,51000
2025-09-24,55.10618591308594,55.61697455265485,54.79185501906196,55.125832062352416,46200
2025-09-25,55.007957458496094,55.224061347589924,54.742740071095405,54.99813625768261,42900
2025-09-26,55.489280700683594,55.528569252449024,54.90973240704502,55.13565750495567,48700
2025-09-29,54.605220794677734,55.57768454879528,54.556107296354966,55.57768454879528,43400
2025-09-30,54.95884323120117,54.97848937968727,54.43822966411883,54.516814258063214,59500
2025-10-01,53.9765625,54.81150326662953,53.897977899925706,54.732922413675205,81300
2025-10-02,54.09443283081055,54.21230597765241,53.53453069941197,53.966734735911984,70200
2025-10-03,54.2515983581543,54.89008508649842,54.133725211133154,54.29089065620128,44200
2025-10-06,55.44998550415039,55.734849035502876,54.290888977444105,54.64451215469276,132200
2025-10-07,54.19266128540039,55.98042342067732,54.182840084199476,55.32229052661957,104600
2025-10-08,54.55610656738281,54.919550946658646,54.03549300018264,54.5462816195777,45600
2025-10-09,54.045318603515625,54.55610722910616,53.68187421983149,54.55610722910616,47200
2025-10-10,52.37543487548828,54.703449230746365,52.37543487548828,54.22213168855064,58000
2025-10-13,53.38718795776367,53.48541870549579,52.4540202105878,53.35772060700398,47500
2025-10-14,55.145477294921875,55.224061890681455,53.092501569700005,53.092501569700005,76700
2025-10-15,52.24773406982422,54.95884257460063,51.65836461076133,52.974626566646776,106800
2025-10-16,50.11617660522461,52.1887983668228,49.75273223737456,52.1887983668228,105400
2025-10-17,51.24580383300781,51.461907720201076,50.43050927634906,50.49926892279788,87400
2025-10-20,52.01198959350586,52.08074924121665,51.25562972156739,51.73694725554293,60700
2025-10-21,51.6092529296875,52.139687709780496,51.6092529296875,52.05128191309833,49500
2025-10-22,52.24773406982422,52.748701482435344,51.707478107829964,51.73694545664722,60900
2025-10-23,51.26545333862305,52.326322948365224,51.26545333862305,52.326322948365224,37600
2025-10-24,51.89411544799805,52.2968521256023,51.65836541244253,51.65836541244253,46400
2025-10-27,51.51102066040039,52.55224404082657,51.412793665714,52.03163422417331,104500
2025-10-28,51.560142517089844,51.86464847612853,51.09846735710217,51.43244441487879,47900
2025-10-29,50.283164978027344,51.70747889748715,49.80184745343673,51.275274870715215,157700
2025-10-30,50.607322692871094,50.84306899002692,50.10635525395525,50.23405335073456,80700
2025-10-31,50.292991638183594,50.55820903197792,49.359820159378344,50.26352054079323,71100
2025-11-03,50.764488220214844,50.784134369528836,49.78220323723409,50.32245922844954,54800
2025-11-04,50.91183090209961,51.334209984452286,50.4698019239169,50.685902065490886,72400
2025-11-05,51.78606414794922,51.78606414794922,50.7743080938885,50.92165233633144,68500
2025-11-06,51.54049301147461,52.080748989643915,51.363681419038144,51.78606425128972,44500
2025-11-07,52.04145431518555,52.04145431518555,51.43243871745187,51.56995800592855,37700
2025-11-10,52.73887634277344,52.96480142616247,51.54049128075856,52.04145494442648,38100
2025-11-11,52.97462844848633,53.259491987571224,52.46383981716438,52.925514949673016,43200
2025-11-12,53.28895950317383,53.79974813608443,52.925515114281204,52.96480366518219,44200
2025-11-13,53.20055389404297,53.69169637967746,52.8764018020265,53.27913849036199,38700
2025-11-14,53.35771560668945,53.3970079021001,52.48348264296001,53.04338473764335,43600
2025-11-17,51.80570983886719,53.21037386804137,51.64854439697303,53.21037386804137,61100
2025-11-18,51.864646911621094,52.22809131005227,51.61907566322599,51.81553341136605,59200
2025-11-19,52.444190979003906,52.55224291912442,51.71730224075251,51.71730224075251,44900
2025-11-20,52.562068939208984,53.52471154103226,52.28703033704229,53.004097940633976,61700
2025-11-21,54.40876388549805,54.8115005732891,52.64065168902803,52.67011903904793,65700
2025-11-24,54.00602722167969,54.91955254389999,53.74080983002349,54.22213111424099,56400
2025-11-25,55.125831604003906,55.41069514531956,53.97655998486943,54.28106592816841,55500
2025-11-26,54.850791931152344,55.0668958199133,54.654334191107814,54.83114578243592,54300
2025-11-28,54.516815185546875,54.78203257394174,53.858686062104596,54.66415942813949,27600
2025-12-01,54.978492736816406,55.14547938846534,54.01585388493455,54.01585388493455,60000
2025-12-02,54.84096908569336,55.42051359340882,54.51681326227324,54.97848837546446,32300
2025-12-03,56.068824768066406,56.1375844123729,55.00795526084696,55.11600720107704,46900
2025-12-04,56.14740753173828,56.48138456426394,55.6955573545329,55.75449205331291,47700
2025-12-05,56.108116149902344,56.451918135913765,55.75449296297392,55.8527237077428,42400
2025-12-08,56.30457305908203,56.756423236972736,55.98042097394121,56.41262500316888,61300
2025-12-09,56.77606964111328,57.52260830518905,56.530498402399886,56.530498402399886,48500
2025-12-10,58.377193450927734,58.62276468242344,56.776067972382265,56.776067972382265,84100
2025-12-11,59.084442138671875,59.3300133799014,58.416488062757985,58.416488062757985,66200
2025-12-12,59.054969787597656,59.48717756113996,58.78975240304753,59.48717756113996,83800
2025-12-15,59.56039047241211,59.619853123207896,59.04506262063663,59.134250926159815,65500
2025-12-16,60.5910530090332,60.878450147090106,59.481110003973576,59.76850714203047,95900
2025-12-17,60.03608703613281,60.99737536448573,59.461292725174815,60.48204370721388,156800
2025-12-18,60.432491302490234,60.76943876753378,59.134251761789244,60.45231218636892,81000
2025-12-19,58.202693939208984,60.809081618766506,58.03422209390896,60.21446643315246,165000
2025-12-22,58.29188537597656,58.85676733870052,57.85583726909491,58.182872404144376,65800
2025-12-23,57.657630920410156,58.64865241607833,57.64771858840316,58.07385813397623,56100
2025-12-24,57.71709442138672,58.014400118377615,57.45942671166678,57.58826056652675,24900
2025-12-26,57.251312255859375,58.163050217219016,57.172028721594884,57.776552438797125,39500
2025-12-29,57.20176315307617,57.63781125945872,56.79544448245125,57.370234996298834,50400
2025-12-30,56.39903259277344,57.072927505399214,56.19091898811026,56.9044518870193,32600
2025-12-31,55.992713928222656,57.23149078504174,55.9134303947717,56.66660884076799,42100
