Date,close,high,low,open,volume
1989-01-03,5.190732479095459,5.265419277355825,5.153389079965275,5.228075878225642,385400
1989-01-04,5.2654194831848145,5.2654194831848145,5.153389281414925,5.190732682004888,408700
1989-01-05,5.2654194831848145,5.302762883774777,5.228076082594852,5.2654194831848145,337700
1989-01-06,5.2654194831848145,5.302762883774777,5.2654194831848145,5.2654194831848145,171800
1989-01-09,5.3401055335998535,5.377448928939712,5.265418742920136,5.302762138259994,261600
1989-01-10,5.3401055335998535,5.3401055335998535,5.265418742920136,5.3401055335998535,456700
1989-01-11,5.302761077880859,5.34010446575326,5.2654176900084595,5.34010446575326,209000
1989-01-12,5.2654194831848145,5.340106284364741,5.2654194831848145,5.340106284364741,222400
1989-01-13,5.302761077880859,5.34010446575326,5.2654176900084595,5.2654176900084595,398000
1989-01-16,5.302761077880859,5.34010446575326,5.2654176900084595,5.30276107788086,360100
1989-01-17,5.302761077880859,5.34010446575326,5.2654176900084595,5.30276107788086,199500
1989-01-18,5.302761077880859,5.34010446575326,5.228074302136059,5.2654176900084595,574600
1989-01-19,5.377450466156006,5.377450466156006,5.302763654126061,5.340107060141033,755200
1989-01-20,5.452136039733887,5.452136039733887,5.377449244669039,5.377449244669039,509700
1989-01-23,5.377450466156006,5.45213727818595,5.340107060141033,5.45213727818595,389000
1989-01-24,5.452136039733887,5.4894794372663105,5.377449244669039,5.414792642201463,570300
1989-01-25,5.414793014526367,5.489479814726731,5.414793014526367,5.4521364146265485,257000
1989-01-26,5.414793014526367,5.4521364146265485,5.377449614426185,5.4521364146265485,321900
1989-01-27,5.414793014526367,5.526823214826912,5.377449614426185,5.4521364146265485,418600
1989-01-30,5.414793014526367,5.4521364146265485,5.377449614426185,5.377449614426185,250500
1989-01-31,5.452136039733887,5.4894794372663105,5.414792642201463,5.414792642201463,508700
1989-02-01,5.452136039733887,5.4894794372663105,5.414792642201463,5.452136039733887,259500
1989-02-02,5.414793014526367,5.4521364146265485,5.377449614426185,5.4521364146265485,344600
1989-02-03,5.414793014526367,5.4521364146265485,5.377449614426185,5.377449614426185,123800
1989-02-06,5.414793014526367,5.4521364146265485,5.340106214326004,5.377449614426185,450200
1989-02-07,5.489478588104248,5.489478588104248,5.4147918045926255,5.4147918045926255,640500
1989-02-08,5.414793014526367,5.489479814726731,5.414793014526367,5.489479814726731,929700
1989-02-09,5.377450466156006,5.45213727818595,5.377450466156006,5.414793872170978,433700
1989-02-10,5.3401055335998535,5.4147923242795715,5.3401055335998535,5.377448928939712,409600
1989-02-13,5.414793014526367,5.414793014526367,5.302762814225821,5.377449614426185,294100
1989-02-14,5.3401055335998535,5.452135719619431,5.3401055335998535,5.452135719619431,266000
1989-02-15,5.377450466156006,5.414793872170978,5.340107060141033,5.340107060141033,284200
1989-02-16,5.3401055335998535,5.377448928939712,5.3401055335998535,5.3401055335998535,151700
1989-02-17,5.414793014526367,5.4521364146265485,5.340106214326004,5.377449614426185,401000
1989-02-21,5.414793014526367,5.526823214826912,5.377449614426185,5.414793014526367,265500
1989-02-22,5.2654194831848145,5.377449684954704,5.2654194831848145,5.377449684954704,391500
1989-02-23,5.377450466156006,5.377450466156006,5.228076842096117,5.228076842096117,396900
1989-02-24,5.2654194831848145,5.377449684954704,5.2654194831848145,5.340106284364741,399400
1989-02-27,5.302761077880859,5.34010446575326,5.2654176900084595,5.2654176900084595,307000
1989-02-28,5.302761077880859,5.34010446575326,5.30276107788086,5.34010446575326,375100
1989-03-01,5.3401055335998535,5.4147923242795715,5.3401055335998535,5.3401055335998535,378700
1989-03-02,5.3401055335998535,5.377448928939712,5.3401055335998535,5.3401055335998535,256000
1989-03-03,5.377450466156006,5.45213727818595,5.340107060141033,5.340107060141033,461000
1989-03-06,5.452136039733887,5.452136039733887,5.377449244669039,5.377449244669039,328600
1989-03-07,5.377450466156006,5.414793872170978,5.377450466156006,5.414793872170978,321800
1989-03-08,5.452136039733887,5.452136039733887,5.377449244669039,5.414792642201463,2120900
1989-03-09,5.406447887420654,5.482595040764607,5.406447887420654,5.482595040764607,198800
1989-03-10,5.406447887420654,5.444521464092631,5.368374310748678,5.406447887420654,410500
1989-03-13,5.368374824523926,5.406448404839698,5.330301244208153,5.368374824523926,1471200
1989-03-14,5.406447887420654,5.406447887420654,5.368374310748678,5.406447887420654,1656200
1989-03-15,5.368374824523926,5.406448404839698,5.368374824523926,5.368374824523926,264300
1989-03-16,5.406447887420654,5.444521464092631,5.368374310748678,5.368374310748678,400300
1989-03-17,5.29223108291626,5.368378292742394,5.29223108291626,5.330304687829327,729000
1989-03-20,5.33029842376709,5.368371983936855,5.254151303427561,5.292224863597325,383500
1989-03-21,5.368374824523926,5.406448404839698,5.292227663892381,5.368374824523926,327800
1989-03-22,5.33029842376709,5.368371983936855,5.254151303427561,5.33029842376709,753000
1989-03-23,5.33029842376709,5.368371983936855,5.33029842376709,5.368371983936855,502900
1989-03-27,5.33029842376709,5.368371983936855,5.33029842376709,5.368371983936855,240300
1989-03-28,5.368374824523926,5.368374824523926,5.330301244208153,5.368374824523926,363900
1989-03-29,5.368374824523926,5.368374824523926,5.330301244208153,5.368374824523926,394500
1989-03-30,5.368374824523926,5.368374824523926,5.330301244208153,5.368374824523926,267100
1989-03-31,5.406447887420654,5.444521464092631,5.330300734076701,5.368374310748678,441400
1989-04-03,5.444520950317383,5.444520950317383,5.368373804159098,5.406447377238241,427700
1989-04-04,5.368374824523926,5.444521985155471,5.368374824523926,5.444521985155471,248400
1989-04-05,5.406447887420654,5.444521464092631,5.330300734076701,5.368374310748678,235400
1989-04-06,5.368374824523926,5.406448404839698,5.368374824523926,5.406448404839698,210600
1989-04-07,5.444520950317383,5.482594523396526,5.368373804159098,5.406447377238241,1620700
1989-04-10,5.406447887420654,5.444521464092631,5.406447887420654,5.406447887420654,188600
1989-04-11,5.444520950317383,5.444520950317383,5.368373804159098,5.406447377238241,434800
1989-04-12,5.406447887420654,5.444521464092631,5.368374310748678,5.444521464092631,353300
1989-04-13,5.444520950317383,5.482594523396526,5.406447377238241,5.406447377238241,486800
1989-04-14,5.482595443725586,5.482595443725586,5.444521864255269,5.482595443725586,493200
1989-04-17,5.444520950317383,5.482594523396526,5.406447377238241,5.444520950317383,347800
1989-04-18,5.444520950317383,5.520668096475668,5.444520950317383,5.482594523396526,689700
1989-04-19,5.444520950317383,5.482594523396526,5.444520950317383,5.482594523396526,824900
1989-04-20,5.444520950317383,5.482594523396526,5.444520950317383,5.482594523396526,490000
1989-04-21,5.520669460296631,5.520669460296631,5.4445222953270225,5.482595877811827,388100
1989-04-24,5.482595443725586,5.520669023195902,5.482595443725586,5.482595443725586,273900
1989-04-25,5.444520950317383,5.520668096475668,5.444520950317383,5.482594523396526,612900
1989-04-26,5.482595443725586,5.482595443725586,5.444521864255269,5.482595443725586,607900
1989-04-27,5.558743000030518,5.7110373287984775,5.444522253454548,5.4825958356465385,616500
1989-04-28,5.711036205291748,5.711036205291748,5.520668331782023,5.520668331782023,1454900
1989-05-01,5.672964572906494,5.7491117483817495,5.634890985168867,5.711038160644122,663400
1989-05-02,5.634889602661133,5.74911033785021,5.634889602661133,5.711036759453851,786200
1989-05-03,5.634889602661133,5.672963181057492,5.596816024264774,5.634889602661133,225200
1989-05-04,5.634889602661133,5.672963181057492,5.596816024264774,5.634889602661133,235800
1989-05-05,5.634889602661133,5.711036759453851,5.634889602661133,5.711036759453851,437100
1989-05-08,5.672964572906494,5.672964572906494,5.634890985168867,5.634890985168867,240700
1989-05-09,5.634889602661133,5.672963181057492,5.634889602661133,5.634889602661133,243900
1989-05-10,5.634889602661133,5.672963181057492,5.634889602661133,5.634889602661133,212700
1989-05-11,5.711036205291748,5.749109779993693,5.634889055887858,5.672962630589803,425700
1989-05-12,5.977553367614746,5.977553367614746,5.787185425970964,5.787185425970964,806700
1989-05-15,5.939477920532227,5.977551496945894,5.86333076770489,5.939477920532227,392900
1989-05-16,5.901405334472656,5.977552500078755,5.863331751669606,5.863331751669606,559100
1989-05-17,5.977553367614746,6.053700544272259,5.901406190957234,5.901406190957234,537400
1989-05-18,6.015623092651367,6.053696656528908,5.977549528773827,5.977549528773827,454200
1989-05-19,6.053699016571045,6.0917725952916175,6.053699016571045,6.0917725952916175,576400
1989-05-22,6.091771125793457,6.167918264865875,6.053697556257248,6.091771125793457,510800
1989-05-23,6.015623092651367,6.091770220406448,5.977549528773827,6.091770220406448,432400
1989-05-24,6.053699016571045,6.053699016571045,6.015625437850472,6.015625437850472,203300
1989-05-25,6.053699016571045,6.053699016571045,5.9775518591299,5.9775518591299,198900
1989-05-26,6.015623092651367,6.053696656528908,5.977549528773827,6.015623092651368,299500
1989-05-30,5.863330841064453,6.0536987255145975,5.863330841064453,6.0536987255145975,315600
1989-05-31,5.939477920532227,5.977551496945894,5.86333076770489,5.86333076770489,261400
1989-06-01,6.015623092651367,6.015623092651368,5.901402401018747,5.939475964896287,234800
1989-06-02,6.129847049713135,6.129847049713135,6.015626297234008,6.015626297234008,531100
1989-06-05,6.129847049713135,6.167920633872844,6.129847049713135,6.129847049713135,476200
1989-06-06,6.16792106628418,6.205994653113094,6.09177389262635,6.129847479455265,657900
1989-06-07,6.205994129180908,6.205994129180908,6.129846961951694,6.167920545566301,920000
1989-06-08,6.16792106628418,6.244068239942009,6.129847479455265,6.167921066284179,789700
1989-06-09,6.1601715087890625,6.198914725825472,6.121428291752653,6.198914725825472,1062900
1989-06-12,6.1601715087890625,6.198914725825472,6.082685074716244,6.1601715087890625,2131200
1989-06-13,6.1601715087890625,6.198914725825472,6.121428291752653,6.1601715087890625,1745600
1989-06-14,6.237658500671387,6.237658500671387,6.198915280170322,6.198915280170322,471000
1989-06-15,6.1601715087890625,6.237657942861881,6.1601715087890625,6.198914725825472,446400
1989-06-16,6.1601715087890625,6.198914725825472,6.1601715087890625,6.1601715087890625,1193400
1989-06-19,6.1601715087890625,6.198914725825472,6.1601715087890625,6.1601715087890625,304500
1989-06-20,6.121426582336426,6.198912994771064,6.121426582336426,6.160169788553745,263800
1989-06-21,6.198912620544434,6.198912620544434,6.121426212787628,6.121426212787628,827100
1989-06-22,6.276402950286865,6.276402950286865,6.160173266022294,6.160173266022294,579700
1989-06-23,6.3151445388793945,6.315144538879394,6.198914884789589,6.237658102819524,476200
1989-06-26,6.3151445388793945,6.315144538879394,6.276401320849459,6.276401320849459,235100
1989-06-27,6.3151445388793945,6.353887756909329,6.276401320849459,6.276401320849459,440200
1989-06-28,6.3151445388793945,6.315144538879394,6.276401320849459,6.276401320849459,261100
1989-06-29,6.353888034820557,6.353888034820557,6.276401595371525,6.276401595371525,374000
1989-06-30,6.276402950286865,6.315146178375056,6.237659722198675,6.315146178375056,442600
1989-07-03,6.276402950286865,6.276402950286865,6.237659722198675,6.237659722198675,181300
1989-07-05,6.237658500671387,6.2764017211724505,6.160172059669257,6.237658500671387,270200
1989-07-06,6.237658500671387,6.2764017211724505,6.198915280170322,6.198915280170322,222300
1989-07-07,6.3151445388793945,6.315144538879394,6.237658102819524,6.237658102819524,609100
1989-07-10,6.353888034820557,6.353888034820557,6.276401595371525,6.3151448150960405,268500
1989-07-11,6.3151445388793945,6.353887756909329,6.276401320849459,6.315144538879394,585000
1989-07-12,6.4701151847839355,6.470115184783936,6.315142365986716,6.315142365986716,423500
1989-07-13,6.508862495422363,6.508862495422363,6.431376037143526,6.4701192662829445,482900
1989-07-14,6.508862495422363,6.508862495422363,6.431376037143526,6.4701192662829445,622700
1989-07-17,6.508862495422363,6.508862495422363,6.431376037143526,6.4701192662829445,196200
1989-07-18,6.431375980377197,6.47011920917465,6.431375980377197,6.47011920917465,245400
1989-07-19,6.4701151847839355,6.508858389483241,6.431371980084631,6.431371980084631,615000
1989-07-20,6.431375980377197,6.508862437972104,6.431375980377197,6.508862437972104,334900
1989-07-21,6.431375980377197,6.508862437972104,6.431375980377197,6.431375980377197,541300
1989-07-24,6.431375980377197,6.47011920917465,6.392632751579744,6.431375980377197,400200
1989-07-25,6.392626762390137,6.470113147388805,6.353883569890802,6.431369954889471,748000
1989-07-26,6.431375980377197,6.47011920917465,6.353889522782292,6.353889522782292,532700
1989-07-27,6.431375980377197,6.47011920917465,6.392632751579744,6.431375980377197,322900
1989-07-28,6.4701151847839355,6.508858389483241,6.392628775385326,6.470115184783936,317600
1989-07-31,6.66383171081543,6.66383171081543,6.47011567271033,6.47011567271033,433500
1989-08-01,6.547602653503418,6.702575497373321,6.508859442535941,6.663832286405845,567900
1989-08-02,6.547602653503418,6.547602653503417,6.470116231568466,6.470116231568466,264700
1989-08-03,6.547602653503418,6.547602653503417,6.470116231568466,6.508859442535941,353100
1989-08-04,6.508862495422363,6.547605724561782,6.431376037143526,6.4701192662829445,330800
1989-08-07,6.586348056793213,6.625091280656703,6.470118385202745,6.508861609066234,409700
1989-08-08,6.586348056793213,6.586348056793213,6.547604832929723,6.547604832929723,297800
1989-08-09,6.547602653503418,6.625089075438369,6.547602653503417,6.547602653503417,399400
1989-08-10,6.547602653503418,6.586345864470894,6.547602653503417,6.586345864470894,362300
1989-08-11,6.508862495422363,6.586348953701201,6.4701192662829445,6.586348953701201,501300
1989-08-14,6.431375980377197,6.547605666769557,6.431375980377197,6.508862437972104,381000
1989-08-15,6.392626762390137,6.470113147388805,6.353883569890802,6.431369954889471,663200
1989-08-16,6.392626762390137,6.431369954889471,6.353883569890802,6.392626762390137,377200
1989-08-17,6.392626762390137,6.431369954889471,6.353883569890802,6.392626762390137,357000
1989-08-18,6.392626762390137,6.392626762390137,6.353883569890802,6.353883569890802,283200
1989-08-21,6.3151445388793945,6.392630974939264,6.276401320849459,6.353887756909329,314200
1989-08-22,6.276402950286865,6.315146178375056,6.237659722198675,6.276402950286865,359200
1989-08-23,6.392626762390137,6.392626762390137,6.276397184892134,6.315140377391468,354000
1989-08-24,6.66383171081543,6.66383171081543,6.35388604984727,6.39262925746829,521100
1989-08-25,6.508862495422363,6.6250921828406195,6.4701192662829445,6.586348953701201,397000
1989-08-28,6.431375980377197,6.47011920917465,6.392632751579744,6.431375980377197,404500
1989-08-29,6.3151445388793945,6.431374192969199,6.315144538879394,6.392630974939264,335800
1989-08-30,6.353888034820557,6.431374474269588,6.276401595371525,6.3151448150960405,443900
1989-08-31,6.3151445388793945,6.392630974939264,6.315144538879394,6.353887756909329,217100
1989-09-01,6.431375980377197,6.508862437972104,6.353889522782292,6.353889522782292,380800
1989-09-05,6.353888034820557,6.470117693994103,6.353888034820557,6.431374474269588,251700
1989-09-06,6.392626762390137,6.431369954889471,6.315140377391468,6.392626762390137,256700
1989-09-07,6.431375980377197,6.47011920917465,6.392632751579744,6.431375980377197,1225600
1989-09-08,6.431375980377197,6.47011920917465,6.392632751579744,6.431375980377197,497000
1989-09-11,6.462899684906006,6.502307609813969,6.423491759998043,6.462899684906006,970200
1989-09-12,6.462899684906006,6.502307609813969,6.462899684906006,6.462899684906006,941000
1989-09-13,6.462899684906006,6.502307609813969,6.462899684906006,6.462899684906006,537700
1989-09-14,6.423491477966309,6.502307324321723,6.384083554788601,6.462899401144016,371000
1989-09-15,6.462899684906006,6.462899684906006,6.344675910182116,6.462899684906006,730700
1989-09-18,6.344677925109863,6.423493799955948,6.344677925109862,6.423493799955948,498100
1989-09-19,6.305269241333008,6.38408510684967,6.265861308574677,6.38408510684967,330900
1989-09-20,6.3840837478637695,6.384083747863769,6.30526789912471,6.30526789912471,289600
1989-09-21,6.344677925109863,6.384085862532905,6.30526998768682,6.384085862532905,260100
1989-09-22,6.344677925109863,6.344677925109862,6.265862050263777,6.30526998768682,311800
1989-09-25,6.2658610343933105,6.305268965427231,6.226453103359391,6.305268965427231,224600
1989-09-26,6.2658610343933105,6.305268965427231,6.226453103359391,6.226453103359391,836500
1989-09-27,6.187043190002441,6.2264511084101,6.147635271594783,6.2264511084101,400800
1989-09-28,6.2658610343933105,6.2658610343933105,6.14763724129155,6.187045172325471,525600
1989-09-29,6.305269241333008,6.305269241333008,6.226453375816345,6.226453375816345,422100
1989-10-02,6.2658610343933105,6.305268965427231,6.187045172325471,6.305268965427231,197900
1989-10-03,6.2658610343933105,6.344676896461151,6.226453103359391,6.2658610343933105,539700
1989-10-04,6.226451873779297,6.305267720282832,6.187043950527529,6.305267720282832,635900
1989-10-05,6.226451873779297,6.265859797031064,6.187043950527529,6.226451873779297,619900
1989-10-06,6.226451873779297,6.265859797031064,6.187043950527529,6.226451873779297,611800
1989-10-09,6.305269241333008,6.305269241333008,6.187045443058014,6.187045443058014,374300
1989-10-10,6.344677925109863,6.384085862532905,6.30526998768682,6.344677925109862,773700
1989-10-11,6.305269241333008,6.3446771740913395,6.226453375816345,6.3446771740913395,890900
1989-10-12,6.2658610343933105,6.305268965427231,6.226453103359391,6.2658610343933105,739300
1989-10-13,6.068819522857666,6.305267036735237,6.029411603878071,6.2658591177556415,670400
1989-10-16,6.187043190002441,6.265859026817759,5.91118776114883,6.029411516371806,1605200
1989-10-17,6.305269241333008,6.305269241333008,6.147637510299683,6.226453375816345,1015800
1989-10-18,6.187043190002441,6.2264511084101,6.108227353187124,6.108227353187124,1723800
1989-10-19,6.305269241333008,6.305269241333008,6.187045443058014,6.187045443058014,882900
1989-10-20,6.344677925109863,6.344677925109862,6.265862050263777,6.344677925109862,422800
1989-10-23,6.305269241333008,6.3446771740913395,6.265861308574677,6.305269241333008,1443000
1989-10-24,6.305269241333008,6.305269241333008,6.187045443058014,6.305269241333008,711100
1989-10-25,6.2658610343933105,6.305268965427231,6.226453103359391,6.2658610343933105,371400
1989-10-26,6.226451873779297,6.265859797031064,6.187043950527529,6.226451873779297,535900
1989-10-27,6.226451873779297,6.226451873779297,6.1476360272757615,6.226451873779297,504700
1989-10-30,6.226451873779297,6.226451873779297,6.187043950527529,6.187043950527529,491700
1989-10-31,6.305269241333008,6.305269241333008,6.187045443058014,6.226453375816345,2109000
1989-11-01,6.462899684906006,6.462899684906006,6.2658600603661885,6.305267985274153,624200
1989-11-02,6.3840837478637695,6.462899596602828,6.30526789912471,6.462899596602828,258500
1989-11-03,6.3840837478637695,6.423491672233299,6.30526789912471,6.3446758234942395,271800
1989-11-06,6.344677925109863,6.384085862532905,6.30526998768682,6.384085862532905,179800
1989-11-07,6.423491477966309,6.423491477966309,6.3052677084331865,6.344675631610894,448300
1989-11-08,6.423491477966309,6.502307324321723,6.384083554788601,6.423491477966309,1786900
1989-11-09,6.423491477966309,6.462899401144016,6.384083554788601,6.423491477966309,491900
1989-11-10,6.423491477966309,6.423491477966309,6.384083554788601,6.423491477966309,495100
1989-11-13,6.423491477966309,6.462899401144016,6.344675631610894,6.423491477966309,368000
1989-11-14,6.541717529296875,6.541717529296875,6.42349371852645,6.462901655449924,391200
1989-11-15,6.620530605316162,6.620530605316163,6.5417147647766845,6.5417147647766845,393700
1989-11-16,6.620530605316162,6.659938525585901,6.581122685046424,6.581122685046424,358900
1989-11-17,6.541717529296875,6.620533403143825,6.541717529296875,6.5811254662203496,506800
1989-11-20,6.462899684906006,6.581123459629897,6.423491759998043,6.541715534721933,250100
1989-11-21,6.502304553985596,6.541712460373387,6.462896647597804,6.502304553985595,341200
1989-11-22,6.581123352050781,6.581123352050782,6.502307503523228,6.502307503523228,252900
1989-11-24,6.659940719604492,6.659940719604492,6.5417169198481995,6.5417169198481995,208800
1989-11-27,6.659940719604492,6.69934865285659,6.620532786352395,6.620532786352395,171900
1989-11-28,6.699347496032715,6.699347496032716,6.620531643138213,6.659939569585464,240000
1989-11-29,6.699347496032715,6.699347496032716,6.659939569585464,6.659939569585464,146600
1989-11-30,6.738755226135254,6.738755226135253,6.6599393755371805,6.6599393755371805,382600
1989-12-01,6.817570209503174,6.8569781297893195,6.738754368930883,6.738754368930883,571100
1989-12-04,6.856978416442871,6.935794260310031,6.778162572575711,6.856978416442871,342900
1989-12-05,6.817570209503174,6.8569781297893195,6.817570209503175,6.817570209503175,340800
1989-12-06,6.778161525726318,6.856977357420811,6.778161525726318,6.817569441573565,412000
1989-12-07,6.659940719604492,6.8175724526128825,6.581124853100297,6.778164519360785,902800
1989-12-08,6.699347496032715,6.778163348927218,6.659939569585464,6.699347496032716,907400
1989-12-11,6.691334247589111,6.731402117335153,6.6512663778430685,6.6512663778430685,695100
1989-12-12,6.77147102355957,6.811538899438621,6.691335271801469,6.73140314768052,635300
1989-12-13,6.851605415344238,6.851605415344237,6.731401811566268,6.731401811566268,365500
1989-12-14,6.851605415344238,6.851605415344237,6.771469679492259,6.811537547418248,269900
1989-12-15,6.851605415344238,6.891673283270228,6.771469679492259,6.891673283270228,879700
1989-12-18,6.851605415344238,6.931741151196217,6.811537547418248,6.851605415344237,367400
1989-12-19,6.851605415344238,6.891673283270228,6.811537547418248,6.851605415344237,344800
1989-12-20,6.891671657562256,6.891671657562256,6.811535940613858,6.811535940613858,708900
1989-12-21,6.971807956695557,6.9718079566955575,6.891672233055378,6.891672233055378,578000
1989-12-22,7.051944255828857,7.051944255828857,6.931740660559048,6.971808525648984,165300
1989-12-26,6.971807956695557,7.051943680335736,6.931740094875468,7.051943680335736,146700
1989-12-27,7.011877536773682,7.011877536773682,6.931741793496268,6.971809665134975,244900
1989-12-28,7.011877536773682,7.011877536773682,6.891673921857562,6.971809665134975,151900
1989-12-29,7.051944255828857,7.051944255828857,6.891672795469111,6.971808525648984,951000
1990-01-02,6.971807956695557,7.051943680335736,6.851604371235289,7.051943680335736,503400
1990-01-03,6.971807956695557,7.011875818515646,6.931740094875468,7.011875818515646,375900
1990-01-04,6.891671657562256,7.0118752329848535,6.851603799088057,6.971807374510655,376100
1990-01-05,6.731401443481445,6.89167290642148,6.691333577746437,6.851605040686471,521800
1990-01-08,6.77147102355957,6.811538899438621,6.691335271801469,6.73140314768052,387200
1990-01-09,6.611194610595703,6.811533841219815,6.611194610595703,6.73139814897017,291900
1990-01-10,6.731401443481445,6.731401443481445,6.571129980541411,6.611197846276419,395900
1990-01-11,6.77147102355957,6.811538899438621,6.73140314768052,6.77147102355957,800300
1990-01-12,6.571130275726318,6.811537480935818,6.531062408191402,6.731401745865985,1263500
1990-01-15,6.531062126159668,6.5711299919643285,6.4108585287456865,6.531062126159668,656000
1990-01-16,6.691334247589111,6.691334247589111,6.450927029112855,6.490994898858898,620000
1990-01-17,6.651268005371094,6.7714716440223786,6.651268005371094,6.691335884921521,502500
1990-01-18,6.851605415344238,6.851605415344237,6.65126607571429,6.65126607571429,972500
1990-01-19,6.891671657562256,6.931739516036456,6.811535940613858,6.851603799088057,867000
1990-01-22,6.691334247589111,6.9317414660653665,6.6512663778430685,6.9317414660653665,439200
1990-01-23,6.811537742614746,6.851605611688951,6.691334135392133,6.731402004466338,485700
1990-01-24,6.811537742614746,6.851605611688951,6.611198397243725,6.651266266317929,410200
1990-01-25,6.731401443481445,6.89167290642148,6.731401443481445,6.811537174951463,339500
1990-01-26,6.891671657562256,6.891671657562256,6.731400223665459,6.731400223665459,677900
1990-01-29,6.811537742614746,6.8916734807631554,6.731402004466338,6.851605611688951,852300
1990-01-30,6.811537742614746,6.851605611688951,6.771469873540542,6.811537742614747,432700
1990-01-31,6.971807956695557,6.9718079566955575,6.811536509415199,6.811536509415199,379700
1990-02-01,6.931739807128906,6.971807667285721,6.891671946972092,6.971807667285721,261100
1990-02-02,6.931739807128906,6.971807667285721,6.891671946972092,6.931739807128906,506800
1990-02-05,6.891671657562256,6.931739516036456,6.811535940613858,6.931739516036456,476300
1990-02-06,6.891671657562256,6.891671657562256,6.811535940613858,6.851603799088057,354600
1990-02-07,6.851605415344238,6.931741151196217,6.811537547418248,6.811537547418248,690800
1990-02-08,6.851605415344238,6.891673283270228,6.851605415344237,6.891673283270228,298200
1990-02-09,7.011877536773682,7.011877536773682,6.931741793496268,6.931741793496268,435500
1990-02-12,6.971807956695557,7.051943680335736,6.931740094875468,6.9718079566955575,437700
1990-02-13,7.051944255828857,7.051944255828857,6.931740660559048,6.971808525648984,463400
1990-02-14,7.051944255828857,7.0920121209187945,6.971808525648984,7.051944255828857,436500
1990-02-15,7.132081031799316,7.132081031799316,7.011877418903822,7.011877418903822,563700
1990-02-16,7.172147750854492,7.172147750854492,7.092012021794665,7.092012021794665,485200
1990-02-20,7.051944255828857,7.132079986008731,7.051944255828857,7.0920121209187945,344600
1990-02-21,7.092011451721191,7.0920114517211905,7.011875729102872,7.051943590412032,904900
1990-02-22,7.051944255828857,7.132079986008731,7.051944255828857,7.051944255828857,752200
1990-02-23,7.051944255828857,7.0920121209187945,7.011876390738921,7.051944255828857,1140900
1990-02-26,7.172147750854492,7.172147750854492,7.051944157264752,7.051944157264752,469500
1990-02-27,7.212216377258301,7.212216377258301,7.132080639733209,7.132080639733209,695700
1990-02-28,7.252283096313477,7.292350958724048,7.172147371492333,7.172147371492333,496700
1990-03-01,7.212216377258301,7.252284246020847,7.172148508495755,7.212216377258301,978900
1990-03-02,7.332420825958252,7.332420825958251,7.212217205860576,7.212217205860576,577200
1990-03-05,7.132081031799316,7.292352515659974,7.132081031799316,7.25228464469481,1052000
1990-03-06,7.212216377258301,7.212216377258301,7.132080639733209,7.132080639733209,292500
1990-03-07,7.132081031799316,7.212216773729645,7.132081031799316,7.212216773729645,174900
1990-03-08,7.172147750854492,7.172147750854492,7.051944157264752,7.172147750854492,997700
1990-03-09,7.092259407043457,7.133019518578189,7.051499295508724,7.051499295508724,1353000
1990-03-12,7.092259407043457,7.092259407043457,7.051499295508724,7.051499295508724,784200
1990-03-13,6.969979286193848,7.0922596245481255,6.929219173409088,7.0514995117633665,724100
1990-03-14,7.010735511779785,7.010735511779785,6.969975421595019,6.969975421595019,297600
1990-03-15,7.010735511779785,7.010735511779785,6.969975421595019,6.969975421595019,343600
1990-03-16,7.010735511779785,7.051495601964551,7.010735511779785,7.051495601964551,617400
1990-03-19,6.969979286193848,7.010739398978607,6.929219173409088,6.969979286193848,281000
1990-03-20,6.969979286193848,7.010739398978607,6.929219173409088,6.969979286193848,482600
1990-03-21,6.9292216300964355,7.05150201180402,6.9292216300964355,6.969981757332297,416500
1990-03-22,6.847696781158447,6.969977080821991,6.847696781158447,6.929216980934143,289200
1990-03-23,6.9292216300964355,6.969981757332297,6.888461502860574,6.9292216300964355,285300
1990-03-26,6.9292216300964355,7.05150201180402,6.9292216300964355,6.9292216300964355,413600
1990-03-27,7.051497459411621,7.051497459411621,6.929217156647257,6.929217156647257,260900
1990-03-28,7.092259407043457,7.133019518578189,7.010739183973992,7.051499295508724,965700
1990-03-29,7.092259407043457,7.133019518578189,7.051499295508724,7.051499295508724,549300
1990-03-30,7.133017539978027,7.133017539978028,7.051497339521136,7.051497339521136,898300
1990-04-02,7.092259407043457,7.133019518578189,7.051499295508724,7.133019518578189,228400
1990-04-03,7.173778533935547,7.214538639241999,7.051498218016191,7.0922583233226435,491800
1990-04-04,7.173778533935547,7.173778533935547,7.133018428629096,7.133018428629096,361400
1990-04-05,7.133017539978027,7.21453774043492,7.133017539978028,7.173777640206474,488600
1990-04-06,7.173778533935547,7.214538639241999,7.133018428629096,7.133018428629096,457100
1990-04-09,7.092259407043457,7.1737796301129215,7.051499295508724,7.133019518578189,466800
1990-04-10,7.092259407043457,7.133019518578189,7.092259407043457,7.133019518578189,315400
1990-04-11,7.133017539978027,7.133017539978028,7.092257439749582,7.092257439749582,233400
1990-04-12,7.133017539978027,7.255297840663365,7.133017539978028,7.133017539978028,470700
1990-04-16,7.133017539978027,7.173777640206474,7.092257439749582,7.173777640206474,461300
1990-04-17,7.133017539978027,7.173777640206474,7.092257439749582,7.133017539978028,620300
1990-04-18,7.051497459411621,7.13301766125453,7.051497459411621,7.13301766125453,343200
1990-04-19,7.133017539978027,7.173777640206474,7.051497339521136,7.051497339521136,483600
1990-04-20,7.051497459411621,7.13301766125453,7.010737358490166,7.092257560333075,415300
1990-04-23,7.010735511779785,7.051495601964551,7.010735511779785,7.010735511779785,421800
1990-04-24,6.969979286193848,7.0514995117633665,6.969979286193848,7.010739398978607,177200
1990-04-25,7.051497459411621,7.051497459411621,6.929217156647257,7.010737358490166,315100
1990-04-26,6.969979286193848,7.0514995117633665,6.929219173409088,7.010739398978607,559700
1990-04-27,6.9292216300964355,7.010741884568159,6.9292216300964355,6.969981757332297,303000
1990-04-30,6.9292216300964355,6.969981757332297,6.888461502860574,6.9292216300964355,324600
1990-05-01,7.010735511779785,7.051495601964551,6.929215331410253,6.929215331410253,566600
1990-05-02,7.051497459411621,7.051497459411621,6.969977257568712,6.969977257568712,281800
1990-05-03,7.092259407043457,7.092259407043457,7.010739183973992,7.010739183973992,249000
1990-05-04,7.133017539978027,7.133017539978028,7.051497339521136,7.092257439749582,250500
1990-05-07,7.133017539978027,7.173777640206474,7.092257439749582,7.092257439749582,208100
1990-05-08,7.173778533935547,7.173778533935547,7.0922583233226435,7.133018428629096,299000
1990-05-09,7.133017539978027,7.173777640206474,7.092257439749582,7.133017539978028,564900
1990-05-10,7.173778533935547,7.214538639241999,7.0922583233226435,7.0922583233226435,562200
1990-05-11,7.418341159820557,7.499861392346058,7.2145405785068055,7.2145405785068055,675700
1990-05-14,7.459103107452393,7.540623359992855,7.41834298118216,7.41834298118216,764200
1990-05-15,7.459103107452393,7.499863233722624,7.41834298118216,7.459103107452392,317000
1990-05-16,7.5406174659729,7.5406174659729,7.418337182740907,7.459097277151572,774300
1990-05-17,7.418341159820557,7.540621508608808,7.418341159820557,7.499861392346058,686000
1990-05-18,7.418341159820557,7.459101276083308,7.336820927295056,7.418341159820557,376400
1990-05-21,7.499858379364014,7.540618479251862,7.37757807970047,7.37757807970047,544500
1990-05-22,7.499858379364014,7.540618479251862,7.418338179588318,7.499858379364014,375800
1990-05-23,7.499858379364014,7.499858379364014,7.418338179588318,7.459098279476166,364000
1990-05-24,7.418341159820557,7.459101276083308,7.418341159820557,7.418341159820557,238200
1990-05-25,7.418341159820557,7.459101276083308,7.377581043557806,7.418341159820557,392400
1990-05-29,7.459103107452393,7.499863233722624,7.41834298118216,7.41834298118216,196300
1990-05-30,7.418341159820557,7.499861392346058,7.377581043557806,7.459101276083308,366800
1990-05-31,7.459103107452393,7.459103107452392,7.377582854911929,7.377582854911929,320400
1990-06-01,7.459103107452393,7.499863233722624,7.377582854911929,7.41834298118216,359300
1990-06-04,7.622137546539307,7.662897640371067,7.499857265044024,7.499857265044024,687500
1990-06-05,7.581379413604736,7.6221395179789555,7.540619309230518,7.581379413604737,580100
1990-06-06,7.662900447845459,7.66290044784546,7.540620121550053,7.5813802303151885,493200
1990-06-07,7.581379413604736,7.662899622353175,7.540619309230518,7.6221395179789555,332400
1990-06-08,7.581379413604736,7.662899622353175,7.540619309230518,7.581379413604737,2569300
1990-06-11,7.583037853240967,7.583037853240967,7.54160048792271,7.54160048792271,755000
1990-06-12,7.583037853240967,7.624475218559223,7.54160048792271,7.583037853240967,1524600
1990-06-13,7.583037853240967,7.624475218559223,7.54160048792271,7.583037853240967,598700
1990-06-14,7.54160213470459,7.583039509071098,7.541602134704589,7.541602134704589,1233900
1990-06-15,7.583037853240967,7.583037853240967,7.41728839196794,7.54160048792271,619200
1990-06-18,7.54160213470459,7.583039509071098,7.541602134704589,7.541602134704589,444700
1990-06-19,7.583037853240967,7.583037853240967,7.54160048792271,7.54160048792271,272700
1990-06-20,7.500164985656738,7.583039736879464,7.500164985656738,7.541602361268102,397300
1990-06-21,7.583037853240967,7.583037853240967,7.500163122604453,7.500163122604453,279800
1990-06-22,7.583037853240967,7.624475218559223,7.54160048792271,7.583037853240967,308900
1990-06-25,7.54160213470459,7.583039509071098,7.50016476033808,7.541602134704589,381200
1990-06-26,7.54160213470459,7.583039509071098,7.50016476033808,7.541602134704589,497200
1990-06-27,7.624476432800293,7.624476432800293,7.500164317048115,7.500164317048115,331600
1990-06-28,7.583037853240967,7.624475218559223,7.54160048792271,7.583037853240967,252000
1990-06-29,7.7073516845703125,7.7073516845703125,7.58303956062563,7.58303956062563,974600
1990-07-02,7.624476432800293,7.707351176635079,7.583039060882901,7.665913804717686,1009000
1990-07-03,7.583037853240967,7.665912583877479,7.54160048792271,7.665912583877479,297300
1990-07-05,7.500164985656738,7.541602361268102,7.458727610045375,7.541602361268102,415800
1990-07-06,7.500164985656738,7.541602361268102,7.458727610045375,7.458727610045375,135600
1990-07-09,7.458723068237305,7.541597768995496,7.3758483674791115,7.458723068237304,301800
1990-07-10,7.292973041534424,7.458722428842025,7.292973041534425,7.458722428842025,633200
1990-07-11,7.37584924697876,7.417286602298865,7.292974536338549,7.292974536338549,411900
1990-07-12,7.37584924697876,7.417286602298865,7.251537181018443,7.334411891658654,701200
1990-07-13,7.583037853240967,7.583037853240967,7.334413661331427,7.41728839196794,517900
1990-07-16,7.417287826538086,7.583037275175808,7.417287826538086,7.583037275175808,426100
1990-07-17,7.500164985656738,7.541602361268102,7.458727610045375,7.458727610045375,265900
1990-07-18,7.334413528442383,7.500162986712267,7.334413528442383,7.4587256221447955,298100
1990-07-19,7.37584924697876,7.45872395761897,7.292974536338549,7.375849246978759,263000
1990-07-20,7.334413528442383,7.417288257577325,7.292976163874911,7.375850893009853,282800
1990-07-23,7.127226829528809,7.334413655968599,7.08578946424085,7.334413655968599,393000
1990-07-24,7.251542091369629,7.251542091369629,7.085792557852609,7.168667324611119,598000
1990-07-25,7.334413528442383,7.334413528442383,7.210101434739969,7.210101434739969,213600
1990-07-26,7.292973041534424,7.3344103883613245,7.251535694707524,7.3344103883613245,227200
1990-07-27,7.292973041534424,7.3344103883613245,7.210098347880624,7.251535694707524,271300
1990-07-30,7.500164985656738,7.500164985656738,7.251540731988559,7.251540731988559,448700
1990-07-31,7.54160213470459,7.624476883437607,7.50016476033808,7.50016476033808,410300
1990-08-01,7.624476432800293,7.707351176635079,7.541601688965508,7.541601688965508,382700
1990-08-02,7.583037853240967,7.665912583877479,7.54160048792271,7.624475218559223,357800
1990-08-03,7.458723068237305,7.541597768995496,7.3758483674791115,7.541597768995496,306100
1990-08-06,7.251542091369629,7.375854241507394,7.210104707990374,7.251542091369629,410800
1990-08-07,7.251542091369629,7.375854241507394,7.251542091369629,7.2929794747488845,493300
1990-08-08,7.292973041534424,7.417285082015125,7.251535694707524,7.292973041534425,194700
1990-08-09,7.292973041534424,7.3344103883613245,7.251535694707524,7.292973041534425,215400
1990-08-10,7.292973041534424,7.3344103883613245,7.251535694707524,7.292973041534425,330700
1990-08-13,7.37584924697876,7.417286602298865,7.292974536338549,7.292974536338549,187000
1990-08-14,7.334413528442383,7.417288257577325,7.334413528442383,7.375850893009853,273700
1990-08-15,7.334413528442383,7.417288257577325,7.334413528442383,7.334413528442383,274700
1990-08-16,7.2100982666015625,7.3344103056809,7.2100982666015625,7.3344103056809,235900
1990-08-17,7.2100982666015625,7.251535612961342,7.085786227522226,7.168660920241783,313200
1990-08-20,7.292973041534424,7.375847735188224,7.168661001053724,7.210098347880624,503500
1990-08-21,7.1686625480651855,7.292974615372675,7.127225192296023,7.251537259603512,474600
1990-08-22,7.044353008270264,7.168665120180915,7.044353008270263,7.168665120180915,279000
1990-08-23,6.878603458404541,6.961478198867246,6.795728717941835,6.961478198867246,1065300
1990-08-24,6.7957282066345215,7.002915042202647,6.6299787381800215,6.920040307975397,569200
1990-08-27,6.878603458404541,7.044352939329951,6.87860345840454,6.961478198867246,429500
1990-08-28,6.83716344833374,6.9614755110307165,6.83716344833374,6.920038156798391,676100
1990-08-29,6.920040130615234,6.961477496666823,6.837165398512058,6.837165398512058,203000
1990-08-30,6.878603458404541,6.920040828635893,6.837166088173188,6.87860345840454,320200
1990-08-31,6.920040130615234,6.961477496666823,6.837165398512058,6.878602764563646,243500
1990-09-04,6.920040130615234,6.961477496666823,6.878602764563646,6.878602764563646,115500
1990-09-05,7.0029168128967285,7.044354190487834,6.961479435305624,6.961479435305624,259300
1990-09-06,7.0029168128967285,7.044354190487834,6.920042057714519,7.002916812896729,482800
1990-09-07,7.085788249969482,7.168662966343394,6.961476175408614,7.00291353359557,352500
1990-09-10,7.044353008270264,7.168665120180915,7.044353008270263,7.127227749544031,3198300
1990-09-11,7.003849029541016,7.088232752788498,6.9616571679172745,7.046040891164757,406700
1990-09-12,7.046039581298828,7.046039581298828,6.961655873738363,6.961655873738363,428200
1990-09-13,6.961653709411621,7.046037390737823,6.91946186874852,7.046037390737823,342600
1990-09-14,7.003849029541016,7.003849029541016,6.919465306293533,6.9616571679172745,629400
1990-09-17,6.961653709411621,7.003845550074722,6.91946186874852,7.003845550074722,345700
1990-09-18,7.003849029541016,7.003849029541016,6.919465306293533,6.919465306293533,325300
1990-09-19,7.003849029541016,7.046040891164757,6.9616571679172745,7.046040891164757,619200
1990-09-20,6.961653709411621,7.046037390737823,6.961653709411621,6.961653709411621,337200
1990-09-21,7.046039581298828,7.046039581298828,6.961655873738363,7.003847727518596,629100
1990-09-24,6.961653709411621,7.046037390737823,6.91946186874852,7.003845550074722,486600
1990-09-25,7.046039581298828,7.088231435079061,7.003847727518596,7.003847727518596,649400
1990-09-26,7.088232517242432,7.130424377464113,7.00384879679907,7.088232517242432,478200
1990-09-27,7.088232517242432,7.130424377464113,7.046040657020751,7.130424377464113,364600
1990-09-28,7.172616958618164,7.2570006875430835,7.003849500768325,7.046041365230785,419400
1990-10-01,7.341379165649414,7.425762834220097,7.0882281599373655,7.21480366279339,726000
1990-10-02,7.467957973480225,7.510149826437741,7.341382414607679,7.341382414607679,604700
1990-10-03,7.425763130187988,7.510146802121942,7.425763130187988,7.510146802121942,642800
1990-10-04,7.552340984344482,7.552340984344482,7.425765437120832,7.425765437120832,169900
1990-10-05,7.552340984344482,7.552340984344482,7.425765437120832,7.467957286195382,436900
1990-10-08,7.678919315338135,7.678919315338135,7.552343722228165,7.552343722228165,178500
1990-10-09,7.636727809906006,7.678919676259079,7.594535943552934,7.636727809906006,412900
1990-10-10,7.552340984344482,7.678916531568133,7.552340984344482,7.5945328334190325,589600
1990-10-11,7.552340984344482,7.5945328334190325,7.510149135269932,7.5945328334190325,801800
1990-10-12,7.721108913421631,7.721108913421631,7.5523415054779885,7.5523415054779885,577400
1990-10-15,7.721108913421631,7.847684469379362,7.67891706143572,7.67891706143572,783500
1990-10-16,7.805490970611572,7.805490970611572,7.678915441358412,7.721107284442799,597100
1990-10-17,7.805490970611572,7.847682813695959,7.763299127527186,7.805490970611572,1107300
1990-10-18,7.889874458312988,7.932066300336052,7.805490774266859,7.847682616289924,466200
1990-10-19,7.889874458312988,8.058641826405244,7.847682616289924,7.932066300336052,962200
1990-10-22,7.932068824768066,8.016452535669854,7.889876969317172,7.889876969317172,764100
1990-10-23,8.01645278930664,8.058644646092466,7.8898772189491675,7.932069075734992,598900
1990-10-24,8.058642387390137,8.100834232350294,7.974258697469821,8.016450542429979,582500
1990-10-25,8.01645278930664,8.10083650287829,8.01645278930664,8.058644646092466,529800
1990-10-26,8.01645278930664,8.058644646092466,7.974260932520816,8.01645278930664,330700
1990-10-29,7.889874458312988,8.01644998438218,7.889874458312988,8.01644998438218,539600
1990-10-30,7.974259853363037,8.016451704439032,7.889876151211047,7.932068002287043,601000
1990-10-31,8.100836753845215,8.143028611938158,7.974261179566383,7.974261179566383,1076200
1990-11-01,8.100836753845215,8.143028611938158,8.05864489575227,8.05864489575227,484300
1990-11-02,8.227416038513184,8.227416038513184,8.100840407151443,8.100840407151443,657200
1990-11-05,8.185221672058105,8.311797264924984,8.143029807769146,8.227413536347065,600800
1990-11-06,8.227416038513184,8.269607915633765,8.143032284272023,8.143032284272023,547800
1990-11-07,8.058642387390137,8.269601612190925,8.058642387390137,8.18521792227061,310800
1990-11-08,8.185221672058105,8.227413536347065,8.058646079191227,8.058646079191227,542600
1990-11-09,8.26960277557373,8.26960277557373,8.18521907378216,8.227410924677946,397400
1990-11-12,8.227416038513184,8.311799792754345,8.227416038513184,8.269607915633765,199900
1990-11-13,8.143027305603027,8.26960285957613,8.10083545427866,8.227411008251762,262500
1990-11-14,8.143027305603027,8.143027305603027,8.058643602954291,8.143027305603027,492000
1990-11-15,7.974259853363037,8.100835406591022,7.889876151211047,8.100835406591022,297700
1990-11-16,8.058642387390137,8.143026077310452,8.016450542429979,8.058642387390137,232900
1990-11-19,8.143027305603027,8.143027305603027,8.058643602954291,8.10083545427866,190000
1990-11-20,8.100836753845215,8.143028611938158,7.974261179566383,8.05864489575227,587900
1990-11-21,8.227416038513184,8.227416038513184,8.100840407151443,8.100840407151443,417800
1990-11-23,8.26960277557373,8.311794626469515,8.18521907378216,8.227410924677946,139100
1990-11-26,8.227416038513184,8.269607915633765,8.143032284272023,8.227416038513184,264400
1990-11-27,8.227416038513184,8.269607915633765,8.185224161392604,8.227416038513184,307500
1990-11-28,8.227416038513184,8.353991669874926,8.227416038513184,8.269607915633765,377500
1990-11-29,8.185221672058105,8.269605400636024,8.143029807769146,8.227413536347065,194900
1990-11-30,8.39617919921875,8.39617919921875,8.143028067584014,8.143028067584014,370500
1990-12-03,8.438368797302246,8.438368797302246,8.311793265342713,8.353985109329225,360800
1990-12-04,8.607141494750977,8.607141494750977,8.353990274317123,8.353990274317123,417800
1990-12-05,8.522753715515137,8.564945565591945,8.43837001536152,8.522753715515137,239200
1990-12-06,8.564948081970215,8.649331806915734,8.480564357024695,8.564948081970215,358600
1990-12-07,8.438368797302246,8.607136173248291,8.353985109329225,8.564944329261781,541000
1990-12-10,8.353983879089355,8.438367554635713,8.353983879089355,8.396175716862535,1107000
1990-12-11,8.312847137451172,8.355696864963805,8.269997409938536,8.269997409938536,847600
1990-12-12,8.35569953918457,8.441399021637745,8.01290160937187,8.35569953918457,1592700
1990-12-13,8.312847137451172,8.355696864963805,8.269997409938536,8.355696864963805,744500
1990-12-14,8.312847137451172,8.355696864963805,8.269997409938536,8.355696864963805,272900
1990-12-17,8.312847137451172,8.312847137451172,8.269997409938536,8.269997409938536,358800
1990-12-18,8.35569953918457,8.398549280411157,8.270000056731394,8.270000056731394,275400
1990-12-19,8.484249114990234,8.527098857995234,8.398549628980232,8.398549628980232,758100
1990-12-20,8.484249114990234,8.569948601000236,8.441399371985232,8.484249114990234,605200
1990-12-21,8.655651092529297,8.698500850413106,8.569951576761682,8.698500850413106,771000
1990-12-24,8.655651092529297,8.655651092529297,8.569951576761682,8.61280133464549,124400
1990-12-26,8.655651092529297,8.698500850413106,8.61280133464549,8.61280133464549,204500
1990-12-27,8.698503494262695,8.741353265170394,8.655653723354998,8.655653723354998,147000
1990-12-28,8.698503494262695,8.698503494262695,8.655653723354998,8.698503494262695,258000
1990-12-31,8.56994915008545,8.69849838733673,8.56994915008545,8.655648641586303,277400
1991-01-02,8.484249114990234,8.612798344005238,8.484249114990234,8.484249114990234,278300
1991-01-03,8.52709674835205,8.612796213159609,8.484247015948272,8.52709674835205,559200
1991-01-04,8.61280345916748,8.61280345916748,8.484254153806772,8.484254153806772,294600
1991-01-07,8.52709674835205,8.612796213159609,8.52709674835205,8.52709674835205,216200
1991-01-08,8.56994915008545,8.56994915008545,8.484249658584593,8.527099404335022,404700
1991-01-09,8.56994915008545,8.69849838733673,8.527099404335022,8.56994915008545,482700
1991-01-10,8.56994915008545,8.612798895835876,8.527099404335022,8.56994915008545,297700
1991-01-11,8.56994915008545,8.612798895835876,8.527099404335022,8.527099404335022,442800
1991-01-14,8.44140338897705,8.527102915768696,8.355703862185406,8.527102915768696,414900
1991-01-15,8.35569953918457,8.35569953918457,8.312849797957982,8.35569953918457,227300
1991-01-16,8.35569953918457,8.441399021637745,8.312849797957982,8.35569953918457,551900
1991-01-17,8.56994915008545,8.612798895835876,8.527099404335022,8.56994915008545,563800
1991-01-18,8.741350173950195,8.741350173950195,8.527101395176906,8.569951150931564,671800
1991-01-21,8.741350173950195,8.741350173950195,8.655650662440879,8.655650662440879,220900
1991-01-22,8.698503494262695,8.741353265170394,8.655653723354998,8.698503494262695,319300
1991-01-23,8.741350173950195,8.741350173950195,8.655650662440879,8.655650662440879,412300
1991-01-24,8.784196853637695,8.827046594387147,8.69849737213879,8.741347112888242,230700
1991-01-25,8.741350173950195,8.784199929704853,8.698500418195538,8.784199929704853,301300
1991-01-28,8.655651092529297,8.741350608296914,8.61280133464549,8.698500850413106,384700
1991-01-29,8.61280345916748,8.65565322762105,8.56995369071391,8.61280345916748,179400
1991-01-30,8.56994915008545,8.655648641586303,8.56994915008545,8.56994915008545,321500
1991-01-31,8.61280345916748,8.61280345916748,8.527103922260341,8.527103922260341,443700
1991-02-01,8.52709674835205,8.65564594556339,8.52709674835205,8.612796213159609,326500
1991-02-04,8.484249114990234,8.569948601000236,8.441399371985232,8.569948601000236,898400
1991-02-05,8.484249114990234,8.569948601000236,8.441399371985232,8.484249114990234,338100
1991-02-06,8.655651092529297,8.655651092529297,8.441402303110255,8.441402303110255,585400
1991-02-07,8.741350173950195,8.784199929704853,8.612800906686221,8.612800906686221,449100
1991-02-08,8.827047348022461,8.827047348022461,8.698498114798834,8.698498114798834,253100
1991-02-11,8.869897842407227,8.869897842407227,8.78419834634532,8.78419834634532,380800
1991-02-12,8.869897842407227,8.869897842407227,8.78419834634532,8.827048094376273,447200
1991-02-13,8.827047348022461,8.912746836838213,8.784197603614585,8.827047348022461,408100
1991-02-14,8.827047348022461,8.869897092430337,8.784197603614585,8.784197603614585,651300
1991-02-15,8.784196853637695,8.8698963351366,8.741347112888242,8.827046594387147,519300
1991-02-19,8.698503494262695,8.784203036078091,8.655653723354998,8.784203036078091,346000
1991-02-20,8.655651092529297,8.741350608296914,8.61280133464549,8.698500850413106,877000
1991-02-21,8.655651092529297,8.655651092529297,8.61280133464549,8.61280133464549,467100
1991-02-22,8.52709674835205,8.65564594556339,8.484247015948272,8.612796213159609,1189900
1991-02-25,8.52709674835205,8.56994648075583,8.484247015948272,8.56994648075583,524300
1991-02-26,8.52709674835205,8.56994648075583,8.484247015948272,8.484247015948272,372900
1991-02-27,8.655651092529297,8.655651092529297,8.527101818877872,8.527101818877872,190200
1991-02-28,8.655651092529297,8.741350608296914,8.569951576761682,8.655651092529297,431500
1991-03-01,8.698503494262695,8.698503494262695,8.527104410631903,8.655653723354998,364300
1991-03-04,8.484249114990234,8.69849783001524,8.484249114990234,8.655648087010238,550900
1991-03-05,8.52709674835205,8.52709674835205,8.484247015948272,8.52709674835205,349700
1991-03-06,8.484249114990234,8.569948601000236,8.441399371985232,8.527098857995234,545300
1991-03-07,8.44140338897705,8.527102915768696,8.44140338897705,8.484253152372874,218000
1991-03-08,8.44140338897705,8.569952679164519,8.44140338897705,8.484253152372874,1248500
1991-03-11,8.453601837158203,8.49717710436005,8.36645130275451,8.453601837158203,1118600
1991-03-12,8.497175216674805,8.540750474196214,8.410024701631986,8.410024701631986,695500
1991-03-13,8.758631706237793,8.758631706237793,8.497180013514276,8.497180013514276,237200
1991-03-14,8.584328651428223,8.802205013139599,8.540753379085947,8.715054468455047,459900
1991-03-15,8.758631706237793,8.758631706237793,8.627905859876035,8.715056424117208,853900
1991-03-18,8.758631706237793,8.845782270478965,8.67148114199662,8.758631706237793,306500
1991-03-19,8.715049743652344,8.758624992370605,8.62789924621582,8.715049743652344,300000
1991-03-20,8.758631706237793,8.845782270478965,8.715056424117208,8.715056424117208,234800
1991-03-21,8.845779418945312,8.845779418945312,8.758628882798067,8.758628882798067,298000
1991-03-22,8.932928085327148,8.976503344279964,8.802202308468702,8.802202308468702,396000
1991-03-25,9.02008056640625,9.063655834842995,8.889354761096014,8.889354761096014,407400
1991-03-26,9.107230186462402,9.107230186462402,8.976504394312224,9.020079658362283,362400
1991-03-27,9.063655853271484,9.15080639032217,9.02008058474614,9.063655853271484,388900
1991-03-28,9.107230186462402,9.107230186462402,9.020079658362283,9.063654922412343,285700
1991-04-01,8.845779418945312,9.107231027387046,8.845779418945312,9.063655759313423,454700
1991-04-02,9.194377899169922,9.194377899169922,8.889351144221157,8.889351144221157,406600
1991-04-03,9.107230186462402,9.194380714562522,9.063654922412343,9.150805450512461,457400
1991-04-04,9.107230186462402,9.194380714562522,9.063654922412343,9.107230186462402,259300
1991-04-05,9.194377899169922,9.237953149876889,9.107227397755988,9.107227397755988,626800
1991-04-08,9.237955093383789,9.237955093383789,9.063654053885982,9.150804573634886,584300
1991-04-09,9.15080738067627,9.2379579271589,9.15080738067627,9.2379579271589,436300
1991-04-10,9.194377899169922,9.237953149876889,9.020076896342056,9.107227397755988,526000
1991-04-11,9.281537055969238,9.368687638654396,9.194386473284082,9.237961764626661,331600
1991-04-12,9.368683815002441,9.412259088560592,9.32510854144429,9.32510854144429,331600
1991-04-15,9.368683815002441,9.455834362118743,9.368683815002441,9.368683815002441,481900
1991-04-16,9.54298210144043,9.54298210144043,9.325105797754576,9.412256319228916,411600
1991-04-17,9.499408721923828,9.542983991290452,9.455833452557204,9.499408721923828,382200
1991-04-18,9.325105667114258,9.455831447494365,9.281530406987555,9.36868092724096,784600
1991-04-19,9.107230186462402,9.325106506712698,9.107230186462402,9.28153124266264,336300
1991-04-22,9.107230186462402,9.194380714562522,9.020079658362283,9.150805450512461,417900
1991-04-23,9.107230186462402,9.107230186462402,9.020079658362283,9.107230186462402,307200
1991-04-24,9.063655853271484,9.107231121796827,9.02008058474614,9.107231121796827,254200
1991-04-25,9.063655853271484,9.15080639032217,9.063655853271484,9.063655853271484,392500
1991-04-26,9.15080738067627,9.194382653917586,9.063656834193639,9.107232107434953,305500
1991-04-29,9.02008056640625,9.19438164015323,9.02008056640625,9.150806371716484,311900
1991-04-30,9.194377899169922,9.194377899169922,9.107227397755988,9.107227397755988,492700
1991-05-01,9.237955093383789,9.542981912504953,9.194379833509338,9.237955093383789,479300
1991-05-02,9.194377899169922,9.281528400583854,9.194377899169922,9.237953149876889,381800
1991-05-03,9.194377899169922,9.194377899169922,9.107227397755988,9.150802648462955,302100
1991-05-06,9.107230186462402,9.150805450512461,9.063654922412343,9.150805450512461,241400
1991-05-07,9.063655853271484,9.15080639032217,9.063655853271484,9.107231121796827,181800
1991-05-08,9.063655853271484,9.107231121796827,8.976505316220797,9.063655853271484,316000
1991-05-09,9.15080738067627,9.15080738067627,9.063656834193639,9.063656834193639,255000
1991-05-10,9.063655853271484,9.15080639032217,9.063655853271484,9.107231121796827,250600
1991-05-13,9.02008056640625,9.10723110327974,9.02008056640625,9.063655834842995,319700
1991-05-14,8.932928085327148,9.020078603232779,8.932928085327148,9.020078603232779,337900
1991-05-15,9.02008056640625,9.02008056640625,8.93293002953276,8.93293002953276,294600
1991-05-16,9.02008056640625,9.063655834842995,8.976505297969505,9.02008056640625,413500
1991-05-17,9.107230186462402,9.107230186462402,8.932929130262165,8.976504394312224,442300
1991-05-20,9.063655853271484,9.107231121796827,8.976505316220797,9.107231121796827,219000
1991-05-21,9.107230186462402,9.150805450512461,9.020079658362283,9.063654922412343,283500
1991-05-22,8.976503372192383,9.10722914945732,8.976503372192383,9.063653890369007,396800
1991-05-23,8.976503372192383,9.020078631280695,8.889352854015756,8.976503372192383,409600
1991-05-24,8.976503372192383,9.020078631280695,8.93292811310407,9.020078631280695,541200
1991-05-28,9.107230186462402,9.107230186462402,8.889353866212106,8.932929130262165,434900
1991-05-29,9.063655853271484,9.15080639032217,9.02008058474614,9.063655853271484,433400
1991-05-30,9.063655853271484,9.107231121796827,9.02008058474614,9.02008058474614,403200
1991-05-31,9.02008056640625,9.063655834842995,8.93293002953276,9.02008056640625,611200
1991-06-03,9.063655853271484,9.063655853271484,8.976505316220797,8.976505316220797,229800
1991-06-04,9.063655853271484,9.063655853271484,9.02008058474614,9.02008058474614,241100
1991-06-05,8.976503372192383,9.063653890369007,8.93292811310407,9.063653890369007,739800
1991-06-06,9.02008056640625,9.02008056640625,8.889354761096014,8.93293002953276,280000
1991-06-07,9.02008056640625,9.02008056640625,8.889354761096014,8.93293002953276,3021200
1991-06-10,8.855368614196777,9.032475986480714,8.855368614196777,8.943922300338745,1254100
1991-06-11,8.899652481079102,8.94392935909442,8.855375603063782,8.855375603063782,568700
1991-06-12,8.855368614196777,8.943922300338745,8.76681492805481,8.943922300338745,463900
1991-06-13,9.032476425170898,9.032476425170898,8.766815353842341,8.811092199063769,423100
1991-06-14,9.20958423614502,9.20958423614502,9.032476846988384,9.032476846988384,581500
1991-06-17,9.121028900146484,9.165305739467584,9.121028900146484,9.165305739467584,259400
1991-06-18,9.032476425170898,9.165306960835176,9.032476425170898,9.121030115613749,804300
1991-06-19,8.855368614196777,8.943922300338745,8.855368614196777,8.943922300338745,263700
1991-06-20,8.899652481079102,8.98820623710974,8.899652481079102,8.899652481079102,582100
1991-06-21,8.988198280334473,9.032475119153855,8.94392144151509,8.94392144151509,614900
1991-06-24,8.943922996520996,8.943922996520996,8.899646150003566,8.943922996520996,136100
1991-06-25,8.943922996520996,8.988199843038426,8.899646150003566,8.899646150003566,271300
1991-06-26,8.943922996520996,8.988199843038426,8.899646150003566,8.943922996520996,357100
1991-06-27,8.988198280334473,9.032475119153855,8.94392144151509,8.94392144151509,448900
1991-06-28,8.943922996520996,8.988199843038426,8.855369303486135,8.943922996520996,531100
1991-07-01,9.076754570007324,9.121031421568336,8.94392401532429,8.988200866885302,421800
1991-07-02,9.076754570007324,9.121031421568336,9.032477718446314,9.076754570007324,245700
1991-07-03,8.855368614196777,8.98819914340973,8.855368614196777,8.98819914340973,364500
1991-07-05,8.855368614196777,8.943922300338745,8.811091771125794,8.811091771125794,136300
1991-07-08,8.855368614196777,8.899645457267761,8.722538084983826,8.76681492805481,545800
1991-07-09,8.899652481079102,8.94392935909442,8.855375603063782,8.855375603063782,258900
1991-07-10,8.899652481079102,8.98820623710974,8.855375603063782,8.899652481079102,538700
1991-07-11,8.943922996520996,8.988199843038426,8.899646150003566,8.899646150003566,219200
1991-07-12,9.032476425170898,9.076753270392324,8.89964588950662,9.032476425170898,262400
1991-07-15,9.076754570007324,9.076754570007324,8.94392401532429,8.988200866885302,226600
1991-07-16,9.032476425170898,9.076753270392324,8.943922734728046,9.032476425170898,321500
1991-07-17,8.988198280334473,9.076751957973237,8.988198280334473,9.032475119153855,155300
1991-07-18,9.076754570007324,9.076754570007324,8.988200866885302,8.988200866885302,260300
1991-07-19,9.165307998657227,9.209584848892286,9.03247744795205,9.07675429818711,534300
1991-07-22,9.165307998657227,9.209584848892286,9.165307998657227,9.165307998657227,460600
1991-07-23,9.076754570007324,9.209585124690358,9.032477718446314,9.209585124690358,442700
1991-07-24,8.988198280334473,9.121028796792617,8.988198280334473,9.121028796792617,300800
1991-07-25,9.20958423614502,9.20958423614502,8.988199999699226,9.032476846988384,369300
1991-07-26,9.20958423614502,9.253861083434177,9.121030541566702,9.16530738885586,166000
1991-07-29,9.298138618469238,9.298138618469238,9.12103121621268,9.20958491734096,412700
1991-07-30,9.342413902282715,9.430967588560275,9.253860216005153,9.253860216005153,619500
1991-07-31,9.298138618469238,9.342415469033376,9.253861767905098,9.298138618469238,307600
1991-08-01,9.20958423614502,9.342414778012495,9.20958423614502,9.298137930723337,295800
1991-08-02,9.298138618469238,9.386692319597516,9.253861767905098,9.298138618469238,374700
1991-08-05,9.430971145629883,9.430971145629883,9.298140566113968,9.342417425952606,251400
1991-08-06,9.47524642944336,9.47524642944336,9.38669272449529,9.430969576969325,367800
1991-08-07,9.47524642944336,9.519523281917394,9.430969576969325,9.430969576969325,252400
1991-08-08,9.430971145629883,9.519524865307158,9.430971145629883,9.519524865307158,236500
1991-08-09,9.386687278747559,9.475240932320649,9.386687278747559,9.430964105534104,169200
1991-08-12,9.47524642944336,9.47524642944336,9.342415872021256,9.38669272449529,215000
1991-08-13,9.608077049255371,9.608077049255371,9.475246490970735,9.475246490970735,446300
1991-08-14,9.696633338928223,9.740910203489538,9.652356474366906,9.652356474366906,857300
1991-08-15,9.7409086227417,9.7409086227417,9.652354907989503,9.6966317653656,348600
1991-08-16,9.652355194091797,9.740908911468786,9.563801476714808,9.740908911468786,1015600
1991-08-19,9.430971145629883,9.563801725145796,9.430971145629883,9.430971145629883,402500
1991-08-20,9.563801765441895,9.608078625467089,9.430971185366314,9.5195249054167,267500
1991-08-21,9.873738288879395,9.873738288879395,9.652354022312592,9.696630875625953,470100
1991-08-22,9.873738288879395,9.918015142192756,9.829461435566035,9.829461435566035,599100
1991-08-23,9.829462051391602,9.962292619653649,9.785185195304251,9.87373890747895,689700
1991-08-26,9.7409086227417,9.829462337493897,9.6966317653656,9.785185480117798,409900
1991-08-27,9.7409086227417,9.7409086227417,9.6966317653656,9.7409086227417,250800
1991-08-28,9.829462051391602,9.87373890747895,9.696631483129552,9.696631483129552,350900
1991-08-29,9.785185813903809,9.829462672790251,9.785185813903809,9.829462672790251,228000
1991-08-30,9.7409086227417,9.829462337493897,9.652354907989503,9.829462337493897,305400
1991-09-03,9.696633338928223,9.873740797173486,9.696633338928223,9.740910203489538,224300
1991-09-04,9.785185813903809,9.785185813903809,9.696632096130923,9.696632096130923,279800
1991-09-05,9.785185813903809,9.873739531676694,9.740908955017366,9.873739531676694,419800
1991-09-06,9.785185813903809,9.918016390563137,9.696632096130923,9.785185813903809,323600
1991-09-09,9.873738288879395,9.918015142192756,9.829461435566035,9.829461435566035,876700
1991-09-10,9.841385841369629,9.886323676261727,9.79644800647753,9.886323676261727,848400
1991-09-11,9.976197242736816,10.02113506815455,9.886321591901348,9.931259417319083,490000
1991-09-12,9.976197242736816,10.066072893572283,9.931259417319083,9.976197242736816,551800
1991-09-13,9.976197242736816,10.02113506815455,9.931259417319083,9.976197242736816,253800
1991-09-16,10.111008644104004,10.111008644104004,9.931257379319934,9.931257379319934,338900
1991-09-17,10.111008644104004,10.155946460300022,10.066070827907987,10.111008644104004,499900
1991-09-18,10.1559476852417,10.200885506857812,10.066072042009472,10.1559476852417,430100
1991-09-19,10.111008644104004,10.155946460300022,10.111008644104004,10.155946460300022,337800
1991-09-20,10.1559476852417,10.200885506857812,10.066072042009472,10.200885506857812,671200
1991-09-23,10.111008644104004,10.20088427649604,10.111008644104004,10.155946460300022,528100
1991-09-24,10.290760040283203,10.335697857052999,10.111008773204022,10.111008773204022,475100
1991-09-25,10.470511436462402,10.470511436462402,10.29076016716691,10.335697984490782,657600
1991-09-26,10.380635261535645,10.470510891505649,10.335697446550641,10.470510891505649,783900
1991-09-27,10.380635261535645,10.515448706490652,10.335697446550641,10.425573076520646,377900
1991-09-30,10.515450477600098,10.515450477600098,10.33569918738471,10.425574832492403,343000
1991-10-01,10.60532283782959,10.695198455099332,10.470509411924978,10.515447220559848,478700
1991-10-02,10.695204734802246,10.740142569822424,10.65026689978207,10.695204734802246,596200
1991-10-03,10.515450477600098,10.695201767815483,10.515450477600098,10.650263945261637,279000
1991-10-04,10.425573348999023,10.560386797477458,10.380635532839545,10.560386797477458,350500
1991-10-07,10.335698127746582,10.42557376364003,10.335698127746582,10.42557376364003,195600
1991-10-08,10.425573348999023,10.470511165158502,10.335697716680066,10.380635532839545,300500
1991-10-09,10.56038761138916,10.605325431012092,10.470511972143296,10.470511972143296,352200
1991-10-10,10.380635261535645,10.560386521475655,10.335697446550641,10.560386521475655,474100
1991-10-11,10.380635261535645,10.425573076520646,10.335697446550641,10.380635261535645,228400
1991-10-14,10.470511436462402,10.470511436462402,10.29076016716691,10.335697984490782,294200
1991-10-15,10.515450477600098,10.60532612270779,10.425574832492403,10.47051265504625,363500
1991-10-16,10.56038761138916,10.650263250635026,10.56038761138916,10.605325431012092,431200
1991-10-17,10.425573348999023,10.560386797477458,10.425573348999023,10.51544898131798,280200
1991-10-18,10.56038761138916,10.56038761138916,10.470511972143296,10.515449791766228,246300
1991-10-21,10.380635261535645,10.560386521475655,10.380635261535645,10.560386521475655,197600
1991-10-22,10.380635261535645,10.425573076520646,10.335697446550641,10.380635261535645,304200
1991-10-23,10.425573348999023,10.425573348999023,10.335697716680066,10.425573348999023,370500
1991-10-24,10.425573348999023,10.470511165158502,10.380635532839545,10.470511165158502,194900
1991-10-25,10.56038761138916,10.56038761138916,10.38063633289743,10.425574152520364,379900
1991-10-28,10.56038761138916,10.56038761138916,10.470511972143296,10.515449791766228,261600
1991-10-29,10.56038761138916,10.650263250635026,10.425574152520364,10.56038761138916,373500
1991-10-30,10.60532283782959,10.650260646464462,10.515447220559848,10.56038502919472,351400
1991-10-31,10.74013614654541,10.74013614654541,10.605322722111787,10.605322722111787,322500
1991-11-01,10.695204734802246,10.740142569822424,10.695204734802246,10.695204734802246,232300
1991-11-04,10.74013614654541,10.74013614654541,10.650260530256327,10.695198338400868,305000
1991-11-05,10.650260925292969,10.740136544915694,10.650260925292969,10.69519873510433,292100
1991-11-06,10.785078048706055,10.785078048706055,10.650264573097228,10.650264573097228,299100
1991-11-07,10.874953269958496,10.874953269958496,10.740139799669754,10.785077623099335,245900
1991-11-08,10.830012321472168,11.05470137378487,10.830012321472168,10.91988794239725,344800
1991-11-11,10.830012321472168,10.874950131934709,10.785074511009629,10.785074511009629,214200
1991-11-12,10.964824676513672,11.009762482564957,10.830011258359816,10.830011258359816,278100
1991-11-13,11.054701805114746,11.054701805114746,10.964826180682918,11.009763992898833,258500
1991-11-14,11.054701805114746,11.09963961733066,10.964826180682918,11.054701805114746,262700
1991-11-15,10.919881820678711,11.099632961759843,10.919881820678711,11.099632961759843,245200
1991-11-18,10.830012321472168,10.874950131934709,10.650261079622009,10.830012321472168,396000
1991-11-19,10.515450477600098,10.74013959036933,10.425574832492403,10.74013959036933,359400
1991-11-20,10.56038761138916,10.650263250635026,10.56038761138916,10.605325431012092,315300
1991-11-21,10.695204734802246,10.695204734802246,10.560391229741715,10.605329064761891,215300
1991-11-22,10.60532283782959,10.695198455099332,10.60532283782959,10.695198455099332,196200
1991-11-25,10.830012321472168,10.830012321472168,10.605323269159468,10.650261079622009,285400
1991-11-26,11.099640846252441,11.099640846252441,10.785076125913303,10.830013943104609,424200
1991-11-27,11.234453201293945,11.27939101409912,11.054701950073243,11.099639762878418,454100
1991-11-29,11.189520835876465,11.2344586705587,11.14458300119423,11.189520835876465,85900
1991-12-02,11.234453201293945,11.234453201293945,11.099639762878418,11.144577575683593,272500
1991-12-03,11.189520835876465,11.2344586705587,11.14458300119423,11.189520835876465,219200
1991-12-04,11.234453201293945,11.27939101409912,11.144577575683593,11.18951538848877,468200
1991-12-05,11.189520835876465,11.279396505240936,11.05470733182976,11.2344586705587,369900
1991-12-06,11.369267463684082,11.414205279746074,11.099640567312127,11.14457838337412,294100
1991-12-09,11.369267463684082,11.414205279746074,11.279391831560096,11.369267463684082,1156300
1991-12-10,11.245430946350098,11.336487067373175,11.199902885838558,11.245430946350098,505500
1991-12-11,11.199901580810547,11.29095769122364,11.154373525603999,11.29095769122364,748600
1991-12-12,11.108841896057129,11.290954058287573,11.063313855499517,11.290954058287573,275300
1991-12-13,11.199901580810547,11.199901580810547,11.063317415190905,11.199901580810547,245900
1991-12-16,10.972262382507324,11.15437462122114,10.972262382507324,11.15437462122114,265600
1991-12-17,10.790148735046387,11.017789003718251,10.790148735046387,10.972260949983877,233400
1991-12-18,10.881207466125488,10.881207466125488,10.790151336701845,10.835679401413667,224200
1991-12-19,10.972262382507324,11.017790442185778,10.881206263150418,10.926734322828871,299600
1991-12-20,11.154376983642578,11.290961191605549,11.108848914321587,11.290961191605549,929400
1991-12-23,11.290964126586914,11.336492207742507,11.154379883120138,11.199907964275729,413900
1991-12-24,11.336493492126465,11.382021578440225,11.245437319498942,11.336493492126465,228700
1991-12-26,11.427542686462402,11.427542686462402,11.290958510926997,11.290958510926997,235500
1991-12-27,11.427542686462402,11.427542686462402,11.3820146279506,11.427542686462402,128800
1991-12-30,11.564123153686523,11.564123153686523,11.336482934125764,11.427539021950068,458600
1991-12-31,11.837299346923828,11.882827421335072,11.6096589748676,11.6096589748676,428300
1992-01-02,11.700712203979492,11.7917683300805,11.56412801482798,11.746240267029995,359800
1992-01-03,11.655181884765625,11.70070993900299,11.518597722053528,11.655181884765625,640700
1992-01-06,11.518603324890137,11.609659477656066,11.290962942975312,11.564131401273102,779200
1992-01-07,11.290964126586914,11.518604532364877,11.290964126586914,11.473076451209284,544000
1992-01-08,11.336493492126465,11.336493492126465,11.15438114687142,11.245437319498942,644600
1992-01-09,11.199901580810547,11.336485746430187,11.108845470397453,11.29095769122364,440100
1992-01-10,11.108841896057129,11.245426017729963,11.063313855499517,11.199897977172352,480000
1992-01-13,11.108841896057129,11.199897977172352,11.063313855499517,11.15436993661474,299100
1992-01-14,11.245430946350098,11.245430946350098,10.926734522769324,11.063318704303942,726600
1992-01-15,11.108841896057129,11.245426017729963,10.972257774384296,11.199897977172352,632000
1992-01-16,11.017790794372559,11.154374977773871,10.835678549837475,11.1088469166401,565500
1992-01-17,10.972262382507324,11.108846561542686,10.926734322828871,11.017790442185778,752400
1992-01-20,10.881207466125488,10.972263595549133,10.835679401413667,10.972263595549133,379700
1992-01-21,10.926738739013672,10.972266817092896,10.881210660934448,10.926738739013672,384600
1992-01-22,11.154376983642578,11.154376983642578,10.881208567716637,10.926736637037628,313900
1992-01-23,11.108841896057129,11.199897977172352,11.017785814941908,11.108841896057129,359400
1992-01-24,11.245430946350098,11.290959006861636,11.10884676481548,11.10884676481548,330300
1992-01-27,11.245430946350098,11.290959006861636,11.15437482532702,11.245430946350098,333600
1992-01-28,11.336493492126465,11.382021578440225,11.199909233185181,11.245437319498942,316900
1992-01-29,11.154376983642578,11.427545399568519,11.108848914321587,11.336489260926538,414700
1992-01-30,11.290964126586914,11.336492207742507,11.154379883120138,11.199907964275729,291200
1992-01-31,11.473075866699219,11.518603945535327,11.290963551354785,11.290963551354785,626300
1992-02-03,11.427542686462402,11.518598803486007,11.427542686462402,11.427542686462402,665000
1992-02-04,11.290964126586914,11.427548370053692,11.290964126586914,11.382020288898099,521200
1992-02-05,11.063318252563477,11.290958545826099,11.017790193910951,11.245430487173575,411400
1992-02-06,11.199901580810547,11.199901580810547,11.108845470397453,11.154373525603999,372200
1992-02-07,11.154376983642578,11.245433122284558,11.063320845000598,11.245433122284558,474000
1992-02-10,11.108841896057129,11.199897977172352,11.063313855499517,11.063313855499517,391300
1992-02-11,11.290964126586914,11.290964126586914,11.108851801964546,11.108851801964546,319700
1992-02-12,11.382017135620117,11.427545204162598,11.199904861450195,11.290960998535157,420300
1992-02-13,11.382017135620117,11.427545204162598,11.336489067077636,11.382017135620117,533600
1992-02-14,11.336493492126465,11.382021578440225,11.290965405812704,11.382021578440225,428300
1992-02-18,11.290964126586914,11.336492207742507,11.245436045431322,11.336492207742507,337000
1992-02-19,11.199901580810547,11.29095769122364,11.199901580810547,11.29095769122364,500500
1992-02-20,11.199901580810547,11.29095769122364,11.199901580810547,11.245429636017093,498000
1992-02-21,11.017790794372559,11.154374977773871,11.017790794372559,11.154374977773871,359300
1992-02-24,10.972262382507324,11.063318501864233,10.926734322828871,11.017790442185778,166900
1992-02-25,11.154376983642578,11.154376983642578,10.926736637037628,10.926736637037628,274300
1992-02-26,11.245430946350098,11.290959006861636,11.15437482532702,11.15437482532702,561500
1992-02-27,11.199901580810547,11.336485746430187,11.154373525603999,11.29095769122364,274600
1992-02-28,11.063318252563477,11.290958545826099,11.063318252563477,11.245430487173575,361100
1992-03-02,11.017790794372559,11.154374977773871,11.017790794372559,11.06331885550633,357800
1992-03-03,10.972262382507324,10.972262382507324,10.881206263150418,10.972262382507324,386600
1992-03-04,10.881207466125488,10.972263595549133,10.835679401413667,10.972263595549133,573800
1992-03-05,10.835678100585938,10.972262278324415,10.835678100585938,10.881206159832097,356500
1992-03-06,10.835678100585938,10.881206159832097,10.74462198209362,10.835678100585938,257200
1992-03-09,10.926738739013672,10.972266817092896,10.835682582855226,10.881210660934448,742900
1992-03-10,10.996969223022461,11.089380729098279,10.858351963908731,10.858351963908731,966600
1992-03-11,10.904553413391113,10.950759148193619,10.7659362089836,10.904553413391113,693800
1992-03-12,10.950762748718262,11.043174248707446,10.90455699872367,10.90455699872367,366000
1992-03-13,10.950762748718262,11.043174248707446,10.950762748718262,10.950762748718262,182000
1992-03-16,11.043176651000977,11.043176651000977,10.950765130908918,10.996970890954948,308000
1992-03-17,11.089383125305176,11.13558888832728,11.043177362283071,11.043177362283071,361800
1992-03-18,11.227998733520508,11.227998733520508,11.135587221310463,11.135587221310463,301800
1992-03-19,11.181791305541992,11.2742028039349,11.181791305541992,11.227997054738445,359200
1992-03-20,11.274202346801758,11.274202346801758,11.181790852155842,11.2279965994788,1026700
1992-03-23,11.227998733520508,11.27420448962553,11.181792977415485,11.27420448962553,208900
1992-03-24,11.181791305541992,11.2742028039349,11.181791305541992,11.181791305541992,291900
1992-03-25,10.996969223022461,11.181792235174099,10.996969223022461,11.135586482136189,444300
1992-03-26,11.043176651000977,11.089382411047007,10.996970890954948,11.043176651000977,272300
1992-03-27,10.996969223022461,11.089380729098279,10.996969223022461,10.996969223022461,204500
1992-03-30,10.950762748718262,11.043174248707446,10.950762748718262,10.996968498712853,212400
1992-03-31,10.996969223022461,10.996969223022461,10.904557716946641,10.904557716946641,393400
1992-04-01,10.950762748718262,10.950762748718262,10.858351248729079,10.950762748718262,298500
1992-04-02,10.904553413391113,10.996964882996124,10.85834767858861,10.904553413391113,240400
1992-04-03,10.904553413391113,10.996964882996124,10.85834767858861,10.904553413391113,939600
1992-04-06,10.81214714050293,10.950764411535017,10.765941383492233,10.90455865452432,1617500
1992-04-07,10.765938758850098,10.858350250342372,10.765938758850098,10.812144504596235,432000
1992-04-08,10.765938758850098,10.858350250342372,10.719733013103959,10.765938758850098,456800
1992-04-09,10.950762748718262,10.950762748718262,10.765939748739894,10.812145498734486,451600
1992-04-10,11.089383125305176,11.089383125305176,10.95076583623886,10.996971599260966,273000
1992-04-13,11.181791305541992,11.181791305541992,11.043174057952628,11.089379807149083,295800
1992-04-14,11.55143928527832,11.643850799560546,11.227998985290528,11.27420474243164,946800
1992-04-15,11.55143928527832,11.597645042419433,11.459027770996094,11.55143928527832,625000
1992-04-16,11.55143928527832,11.597645042419433,11.459027770996094,11.55143928527832,400400
1992-04-20,11.50523567199707,11.597647203499054,11.412824140495086,11.50523567199707,327400
1992-04-21,11.643847465515137,11.643847465515137,11.505230233782815,11.551435977693588,359600
1992-04-22,11.690052032470703,11.690052032470703,11.597640553953148,11.643846293211926,396500
1992-04-23,11.597639083862305,11.643844817264146,11.551433350460462,11.643844817264146,330500
1992-04-24,11.50523567199707,11.643852969250046,11.50523567199707,11.643852969250046,273500
1992-04-27,11.366615295410156,11.50523255511028,11.320409542176781,11.50523255511028,285000
1992-04-28,11.41281795501709,11.45902369572566,11.320406473599947,11.366612214308518,414800
1992-04-29,11.366615295410156,11.412821048643531,11.320409542176781,11.412821048643531,593900
1992-04-30,11.459029197692871,11.459029197692871,11.366617671905026,11.366617671905026,547600
1992-05-01,11.459029197692871,11.505234960586796,11.412823434798948,11.412823434798948,265100
1992-05-04,11.459029197692871,11.551440723480718,11.459029197692871,11.459029197692871,388000
1992-05-05,11.597639083862305,11.643844817264146,11.45902188365678,11.45902188365678,520800
1992-05-06,11.690052032470703,11.73625777172948,11.597640553953148,11.643846293211926,612200
1992-05-07,11.597639083862305,11.690050550665989,11.551433350460462,11.643844817264146,544300
1992-05-08,11.643847465515137,11.643847465515137,11.551435977693588,11.597641721604363,738900
1992-05-11,11.690052032470703,11.690052032470703,11.597640553953148,11.643846293211926,168500
1992-05-12,11.597639083862305,11.690050550665989,11.597639083862305,11.643844817264146,263700
1992-05-13,11.782464981079102,11.782464981079102,11.643847746007584,11.643847746007584,198400
1992-05-14,11.643847465515137,11.78246469724746,11.597641721604363,11.736258953336685,589800
1992-05-15,11.597639083862305,11.690050550665989,11.551433350460462,11.597639083862305,328400
1992-05-18,11.643847465515137,11.643847465515137,11.551435977693588,11.597641721604363,303000
1992-05-19,11.736255645751953,11.782461376640741,11.597638453085592,11.597638453085592,411800
1992-05-20,11.8286714553833,11.874877203255892,11.736259959638119,11.78246570751071,322100
1992-05-21,11.643847465515137,11.78246469724746,11.597641721604363,11.78246469724746,312300
1992-05-22,11.736255645751953,11.782461376640741,11.643844183974378,11.643844183974378,140400
1992-05-26,11.643847465515137,11.736258953336685,11.551435977693588,11.690053209425912,256400
1992-05-27,11.736255645751953,11.736255645751953,11.597638453085592,11.643844183974378,134800
1992-05-28,11.874878883361816,11.921084637771784,11.736261620131913,11.736261620131913,257700
1992-05-29,11.874878883361816,11.921084637771784,11.828673128951849,11.874878883361816,244300
1992-06-01,11.96728801727295,11.96728801727295,11.782465036311203,11.874876526792077,328900
1992-06-02,11.96728801727295,11.96728801727295,11.874876526792077,11.921082272032512,158500
1992-06-03,11.96728801727295,12.013493762513384,11.921082272032512,11.96728801727295,206700
1992-06-04,11.921080589294434,12.013492066730825,11.921080589294434,11.967286328012628,468500
1992-06-05,12.059700965881348,12.10590671670848,11.874877962572821,11.874877962572821,450500
1992-06-08,12.105902671813965,12.105902671813965,12.013491201036759,12.059696936425361,761800
1992-06-09,11.989752769470215,12.036587741225958,11.896082825958729,11.989752769470215,517100
1992-06-10,12.13025951385498,12.223929471490926,11.989754577401062,12.036589556219035,882900
1992-06-11,12.27076244354248,12.27076244354248,12.130257530066803,12.177092501225362,432800
1992-06-12,12.411276817321777,12.458111824179596,12.36444181046396,12.36444181046396,398300
1992-06-15,12.598613739013672,12.598613739013672,12.364438762452078,12.411273757764397,499300
1992-06-16,12.551776885986328,12.551776885986328,12.504941897605782,12.504941897605782,286600
1992-06-17,12.223931312561035,12.458106241920442,12.223931312561035,12.458106241920442,358700
1992-06-18,12.083422660827637,12.177092603934828,12.083422660827637,12.130257632381232,182100
1992-06-19,12.27076244354248,12.27076244354248,12.130257530066803,12.130257530066803,519700
1992-06-22,12.177101135253906,12.223936139620267,12.130266130887545,12.177101135253906,218300
1992-06-23,12.177101135253906,12.177101135253906,12.130266130887545,12.130266130887545,237400
1992-06-24,12.13025951385498,12.223929471490926,12.13025951385498,12.177094492672953,147900
1992-06-25,12.036592483520508,12.17709745414526,11.989757493312256,12.13026246393701,575500
1992-06-26,11.989752769470215,12.036587741225958,11.896082825958729,11.989752769470215,152800
1992-06-29,11.989752769470215,12.036587741225958,11.896082825958729,11.896082825958729,417900
1992-06-30,12.083422660827637,12.083422660827637,11.94291774616685,12.036587689274041,641700
1992-07-01,12.177101135253906,12.177101135253906,12.036596122154823,12.083431126521184,483900
1992-07-02,12.317596435546875,12.317596435546875,12.177091533240256,12.177091533240256,290600
1992-07-06,12.364436149597168,12.411271135012308,12.270766178766886,12.270766178766886,372600
1992-07-07,12.458106994628906,12.598611960733743,12.411272005927295,12.411272005927295,518900
1992-07-08,12.411276817321777,12.458111824179596,12.317606803606141,12.411276817321777,393700
1992-07-09,12.504939079284668,12.598609034934741,12.458104101459632,12.458104101459632,491700
1992-07-10,12.504939079284668,12.598609034934741,12.458104101459632,12.551774057109705,297100
1992-07-13,12.645445823669434,12.645445823669434,12.504940870073106,12.551775854605216,364600
1992-07-14,12.645445823669434,12.739115792733651,12.598610839137324,12.692280808201543,343900
1992-07-15,12.645445823669434,12.645445823669434,12.177095978348344,12.598610839137324,414100
1992-07-16,12.879613876342773,12.926448835893112,12.645439078591087,12.739108997691762,520200
1992-07-17,12.83278751373291,12.879622504658943,12.692282540954814,12.83278751373291,477800
1992-07-20,12.645445823669434,12.78595077726576,12.598610839137324,12.78595077726576,331100
1992-07-21,12.551776885986328,12.64544686274742,12.504941897605782,12.64544686274742,212600
1992-07-22,12.598613739013672,12.598613739013672,12.504943748389035,12.598613739013672,207100
1992-07-23,12.504939079284668,12.598609034934741,12.411269123634597,12.551774057109705,284000
1992-07-24,12.458106994628906,12.551776972032131,12.458106994628906,12.551776972032131,229900
1992-07-27,12.598613739013672,12.64544873432599,12.458108753076717,12.458108753076717,534000
1992-07-28,12.739113807678223,12.785948784912334,12.59860887597589,12.59860887597589,354400
1992-07-29,12.879613876342773,12.973283795443448,12.832778916792437,12.832778916792437,408400
1992-07-30,12.83278751373291,12.926457495584977,12.739117531880845,12.926457495584977,390300
1992-07-31,12.785951614379883,12.879621589576805,12.785951614379883,12.832786601978343,245200
1992-08-03,12.83278751373291,12.83278751373291,12.785952522806879,12.83278751373291,194100
1992-08-04,12.692276954650879,12.832781865587974,12.645441984338515,12.832781865587974,302800
1992-08-05,12.551776885986328,12.739116839508512,12.504941897605782,12.692281851127966,235400
1992-08-06,12.411276817321777,12.504946831037413,12.270771796748324,12.458111824179596,762200
1992-08-07,12.317596435546875,12.504936305289034,12.270761468111337,12.411266370417954,534500
1992-08-10,12.411276817321777,12.458111824179596,12.270771796748324,12.317606803606141,489900
1992-08-11,12.364436149597168,12.411271135012308,12.317601164182026,12.411271135012308,570900
1992-08-12,12.458106994628906,12.504941983330518,12.364437017225681,12.364437017225681,277600
1992-08-13,12.411276817321777,12.504946831037413,12.36444181046396,12.411276817321777,278100
1992-08-14,12.317596435546875,12.458101337853494,12.270761468111337,12.458101337853494,284900
1992-08-17,12.27076244354248,12.3644323858596,12.27076244354248,12.317597414701039,168000
1992-08-18,12.364436149597168,12.411271135012308,12.270766178766886,12.317601164182026,446800
1992-08-19,12.27076244354248,12.3644323858596,12.27076244354248,12.3644323858596,742800
1992-08-20,12.317596435546875,12.411266370417954,12.270761468111337,12.270761468111337,324800
1992-08-21,12.411276817321777,12.504946831037413,12.317606803606141,12.411276817321777,458000
1992-08-24,12.317596435546875,12.411266370417954,12.223926500675796,12.364431402982415,288500
1992-08-25,12.27076244354248,12.317597414701039,12.223927472383922,12.27076244354248,226900
1992-08-26,12.27076244354248,12.3644323858596,12.223927472383922,12.317597414701039,255200
1992-08-27,12.223931312561035,12.364436270176679,12.223931312561035,12.270766298432918,252300
1992-08-28,12.27076244354248,12.317597414701039,12.223927472383922,12.27076244354248,116600
1992-08-31,12.13025951385498,12.2707644503089,12.13025951385498,12.2707644503089,197500
1992-09-01,12.27076244354248,12.317597414701039,12.083422558908245,12.130257530066803,393600
1992-09-02,12.223931312561035,12.270766298432918,12.177096326689155,12.270766298432918,354300
1992-09-03,12.27076244354248,12.3644323858596,12.177092501225362,12.223927472383922,286000
1992-09-04,12.27076244354248,12.411267357018158,12.27076244354248,12.317597414701039,214900
1992-09-08,12.27076244354248,12.317597414701039,12.223927472383922,12.27076244354248,796900
1992-09-09,12.200509071350098,12.390400263122084,12.153036273407102,12.200509071350098,827400
1992-09-10,12.200509071350098,12.295454667236092,12.153036273407102,12.200509071350098,707700
1992-09-11,12.200509071350098,12.247981869293094,12.105563475464105,12.200509071350098,191900
1992-09-14,12.105561256408691,12.200506834890327,12.010615677927055,12.200506834890327,581500
1992-09-15,12.010614395141602,12.153032747653162,11.963141610971082,12.153032747653162,231200
1992-09-16,11.963141441345215,12.058087008340017,11.82072309085301,11.915668657847814,1067300
1992-09-17,11.963141441345215,12.010614224842616,11.915668657847814,11.915668657847814,197700
1992-09-18,12.058083534240723,12.105556304060567,12.010610764420877,12.058083534240723,425900
1992-09-21,12.105561256408691,12.105561256408691,12.010615677927055,12.105561256408691,143900
1992-09-22,11.963141441345215,12.10555979183742,11.963141441345215,12.058087008340017,289700
1992-09-23,11.963141441345215,12.010614224842616,11.86819587435041,12.010614224842616,492400
1992-09-24,12.058083534240723,12.058083534240723,11.963137994601032,12.010610764420877,237000
1992-09-25,12.105561256408691,12.153034045649509,12.010615677927055,12.058088467167872,307700
1992-09-28,12.105561256408691,12.153034045649509,12.058088467167872,12.105561256408691,349400
1992-09-29,12.200509071350098,12.200509071350098,12.105563475464105,12.105563475464105,155600
1992-09-30,12.24797534942627,12.24797534942627,12.15302980408188,12.200502576754076,226800
1992-10-01,12.105561256408691,12.247979624131146,11.963142888686235,12.247979624131146,551100
1992-10-02,11.963141441345215,12.10555979183742,11.86819587435041,12.10555979183742,315100
1992-10-05,11.915664672851562,11.915664672851562,11.725773602367873,11.86819190523064,609900
1992-10-06,11.963141441345215,12.010614224842616,11.82072309085301,11.915668657847814,384400
1992-10-07,11.963141441345215,12.010614224842616,11.82072309085301,11.86819587435041,799800
1992-10-08,11.963141441345215,12.10555979183742,11.915668657847814,12.058087008340017,831100
1992-10-09,11.868199348449707,11.915672145843507,11.820726551055909,11.915672145843507,244400
1992-10-12,11.963141441345215,11.963141441345215,11.86819587435041,11.915668657847814,202100
1992-10-13,11.963141441345215,12.010614224842616,11.915668657847814,11.963141441345215,254600
1992-10-14,11.963141441345215,12.058087008340017,11.915668657847814,11.963141441345215,221100
1992-10-15,12.105561256408691,12.105561256408691,11.915670099445418,11.963142888686235,266700
1992-10-16,11.963141441345215,12.10555979183742,11.963141441345215,12.10555979183742,277100
1992-10-19,12.105561256408691,12.105561256408691,11.963142888686235,11.963142888686235,179500
1992-10-20,12.010614395141602,12.105559963482643,11.963141610971082,12.105559963482643,224300
1992-10-21,11.963141441345215,12.010614224842616,11.86819587435041,12.010614224842616,181100
1992-10-22,11.820727348327637,11.963145750114718,11.773254547731945,11.963145750114718,321000
1992-10-23,11.820727348327637,11.86820014892333,11.820727348327637,11.820727348327637,170800
1992-10-26,11.820727348327637,11.86820014892333,11.773254547731945,11.820727348327637,217200
1992-10-27,11.868199348449707,11.915672145843507,11.820726551055909,11.868199348449707,229200
1992-10-28,11.915664672851562,11.915664672851562,11.820719137609718,11.820719137609718,277000
1992-10-29,12.058083534240723,12.058083534240723,11.915665224781186,11.915665224781186,416100
1992-10-30,12.010614395141602,12.058087179312121,11.963141610971082,12.058087179312121,258600
1992-11-02,12.105561256408691,12.153034045649509,12.010615677927055,12.058088467167872,356600
1992-11-03,11.963141441345215,12.058087008340017,11.86819587435041,12.058087008340017,370500
1992-11-04,11.868199348449707,12.010617740631105,11.868199348449707,11.915672145843507,201600
1992-11-05,11.868199348449707,11.915672145843507,11.773253753662111,11.868199348449707,198200
1992-11-06,11.773256301879883,11.868201917217624,11.725783494211012,11.868201917217624,226100
1992-11-09,11.583355903625488,11.773246984012792,11.440937593335011,11.773246984012792,628000
1992-11-10,11.44094181060791,11.58336017339556,11.44094181060791,11.58336017339556,712900
1992-11-11,11.535888671875,11.535888671875,11.393470293209877,11.488415878986626,375900
1992-11-12,11.67830753326416,11.67830753326416,11.488416353861492,11.535889148712158,1075100
1992-11-13,11.773256301879883,11.773256301879883,11.5833650712044,11.63083787887327,715300
1992-11-16,11.915664672851562,11.915664672851562,11.773246369988795,11.820719137609718,718500
1992-11-17,11.963141441345215,12.010614224842616,11.86819587435041,11.86819587435041,595400
1992-11-18,12.058083534240723,12.105556304060567,11.963137994601032,11.963137994601032,345000
1992-11-19,12.105561256408691,12.153034045649509,11.963142888686235,12.105561256408691,314700
1992-11-20,12.200509071350098,12.200509071350098,12.05809067752111,12.153036273407102,478200
1992-11-23,12.200509071350098,12.342927465179088,12.153036273407102,12.153036273407102,542600
1992-11-24,12.058083534240723,12.200501843700259,11.963137994601032,12.105556304060567,427700
1992-11-25,12.010614395141602,12.153032747653162,11.963141610971082,12.058087179312121,442500
1992-11-27,12.058083534240723,12.105556304060567,11.963137994601032,12.010610764420877,271700
1992-11-30,12.105561256408691,12.153034045649509,12.010615677927055,12.105561256408691,547500
1992-12-01,12.153031349182129,12.200504127889872,12.105558570474386,12.105558570474386,1228100
1992-12-02,12.058083534240723,12.153029073880413,12.058083534240723,12.153029073880413,399300
1992-12-03,12.058083534240723,12.153029073880413,12.010610764420877,12.105556304060567,199900
1992-12-04,12.010614395141602,12.058087179312121,11.91566882680056,12.058087179312121,356300
1992-12-07,12.153031349182129,12.153031349182129,12.0106130130589,12.058085791766644,412900
1992-12-08,12.153031349182129,12.153031349182129,12.105558570474386,12.105558570474386,1178800
1992-12-09,12.12993049621582,12.178065141042074,12.033661206563314,12.033661206563314,696100
1992-12-10,12.274334907531738,12.274334907531738,12.081796320746927,12.081796320746927,511400
1992-12-11,12.515007972717285,12.515007972717285,12.22620009642381,12.22620009642381,445000
1992-12-14,12.418734550476074,12.515003810557285,12.37059992043547,12.418734550476074,502200
1992-12-15,12.515007972717285,12.515007972717285,12.418738680619459,12.466873326668372,218200
1992-12-16,12.515007972717285,12.61127726481511,12.466873326668372,12.515007972717285,352900
1992-12-17,12.611275672912598,12.611275672912598,12.466871752993752,12.466871752993752,273800
1992-12-18,12.851951599121094,12.851951599121094,12.611278348201223,12.659412998385198,1205400
1992-12-21,12.707538604736328,12.851942452517424,12.707538604736328,12.803807836590392,228100
1992-12-22,12.851951599121094,12.851951599121094,12.659412998385198,12.755682298753145,424300
1992-12-23,12.900084495544434,12.996353782824617,12.803815208264252,12.803815208264252,686500
1992-12-24,12.948219299316406,12.996353943551782,12.900084655081029,12.900084655081029,108500
1992-12-28,12.900084495544434,12.948219139184525,12.851949851904344,12.948219139184525,319700
1992-12-29,12.900084495544434,13.092623070104798,12.900084495544434,12.900084495544434,463600
1992-12-30,12.948219299316406,12.996353943551782,12.900084655081029,12.900084655081029,194400
1992-12-31,12.755681037902832,12.996354265033075,12.707546392476784,12.948219619607025,272300
1993-01-04,12.755681037902832,12.80381568332888,12.707546392476784,12.755681037902832,635400
1993-01-05,12.563138961791992,12.75567748994206,12.515004329754474,12.75567748994206,417600
1993-01-06,12.659405708312988,12.659405708312988,12.515001840917783,12.61127108584792,300500
1993-01-07,12.274334907531738,12.659412081101362,12.226200260835537,12.659412081101362,1041500
1993-01-08,12.32247257232666,12.370607230812311,12.226203255355358,12.226203255355358,449600
1993-01-11,12.418734550476074,12.46686918051668,12.322465290394865,12.37059992043547,450800
1993-01-12,12.418734550476074,12.46686918051668,12.322465290394865,12.418734550476074,395400
1993-01-13,12.563138961791992,12.563138961791992,12.370600433641922,12.41873506567944,519400
1993-01-14,12.707538604736328,12.707538604736328,12.515000141028203,12.611269372882266,477400
1993-01-15,12.851951599121094,12.900086249305069,12.707547648569172,12.755682298753145,566200
1993-01-18,12.755681037902832,12.900084974180977,12.755681037902832,12.900084974180977,220000
1993-01-19,12.755681037902832,12.80381568332888,12.755681037902832,12.80381568332888,184000
1993-01-20,12.659405708312988,12.803809575708193,12.659405708312988,12.755674953243124,180500
1993-01-21,12.755681037902832,12.80381568332888,12.563142456198639,12.611277101624687,287200
1993-01-22,12.707538604736328,12.803807836590392,12.611269372882266,12.803807836590392,449500
1993-01-25,12.707538604736328,12.707538604736328,12.611269372882266,12.707538604736328,289800
1993-01-26,12.611275672912598,12.755679592831445,12.56314103293965,12.755679592831445,581000
1993-01-27,12.563138961791992,12.659408225867026,12.515004329754474,12.611273593829509,359300
1993-01-28,12.707538604736328,12.75567322066336,12.515000141028203,12.611269372882266,323300
1993-01-29,12.80380916595459,12.80380916595459,12.707539924105308,12.707539924105308,656900
1993-02-01,12.851951599121094,12.900086249305069,12.659412998385198,12.851951599121094,494700
1993-02-02,12.900084495544434,12.900084495544434,12.75568056462416,12.75568056462416,322400
1993-02-03,13.044489860534668,13.044489860534668,12.900085913739082,12.948220562670944,286100
1993-02-04,13.140753746032715,13.188888375139063,12.996349858713675,13.044484487820021,527500
1993-02-05,13.09262466430664,13.09262466430664,12.94822071580326,13.044490014805513,352300
1993-02-08,12.948219299316406,13.092623232022536,12.900084655081029,13.092623232022536,422900
1993-02-09,12.948219299316406,12.996353943551782,12.900084655081029,12.948219299316406,439900
1993-02-10,12.948219299316406,12.948219299316406,12.803815366610275,12.900084655081029,411700
1993-02-11,12.948219299316406,13.044488587787159,12.851950010845652,12.948219299316406,407700
1993-02-12,12.851951599121094,12.948220899489042,12.80381694893712,12.900086249305069,329700
1993-02-16,12.707538604736328,12.900077068444455,12.659403988809297,12.851942452517424,558100
1993-02-17,12.851951599121094,12.851951599121094,12.707547648569172,12.707547648569172,408200
1993-02-18,12.900084495544434,12.996353782824617,12.851949851904344,12.900084495544434,391900
1993-02-19,13.09262466430664,13.140759313807768,12.900086066302132,12.94822071580326,403600
1993-02-22,13.525838851928711,13.573973509764757,13.092626931404304,13.092626931404304,405800
1993-02-23,13.525838851928711,13.718377483272892,13.525838851928711,13.573973509764757,649800
1993-02-24,13.477700233459473,13.573969520841326,13.285161658695767,13.573969520841326,579300
1993-02-25,13.429564476013184,13.477699115712156,13.33329519661524,13.477699115712156,365700
1993-02-26,13.573967933654785,13.573967933654785,13.333294743341757,13.42956401946697,305500
1993-03-01,13.429564476013184,13.622103034809072,13.429564476013184,13.622103034809072,348500
1993-03-02,13.477700233459473,13.5258348771504,13.38143094607762,13.38143094607762,546700
1993-03-03,13.622098922729492,13.622098922729492,13.429560422054871,13.477695047223527,285000
1993-03-04,13.622098922729492,13.766502798235459,13.573964297560837,13.670233547898148,435100
1993-03-05,13.477700233459473,13.622104164532253,13.38143094607762,13.622104164532253,411400
1993-03-08,13.477700233459473,13.573969520841326,13.429565589768545,13.5258348771504,693300
1993-03-09,13.465987205505371,13.563566822936568,13.46598720550537,13.46598720550537,621700
1993-03-10,13.465987205505371,13.51477701422097,13.41719739678977,13.46598720550537,480300
1993-03-11,13.56357192993164,13.56357192993164,13.46599227575947,13.514782102845555,320900
1993-03-12,13.368406295776367,13.612355315772286,13.270826687778,13.5635655117731,544000
1993-03-15,13.319616317749023,13.514775531195896,13.270826514387306,13.41719592447246,346900
1993-03-16,13.417198181152344,13.417198181152344,13.31961855801669,13.368408369584516,244900
1993-03-17,13.319616317749023,13.41719592447246,13.319616317749023,13.41719592447246,201600
1993-03-18,13.319616317749023,13.368406121110743,13.270826514387306,13.368406121110743,262500
1993-03-19,13.368406295776367,13.465985903774733,13.319616491777182,13.41719609977555,729900
1993-03-22,13.319616317749023,13.368406121110743,13.270826514387306,13.319616317749023,266300
1993-03-23,13.270831108093262,13.368410748593949,13.22204128784292,13.368410748593949,469800
1993-03-24,13.319616317749023,13.368406121110743,13.17324690766387,13.319616317749023,338100
1993-03-25,13.465987205505371,13.46598720550537,13.270827970642973,13.319617779358573,286600
1993-03-26,13.368406295776367,13.465985903774733,13.319616491777182,13.465985903774733,439200
1993-03-29,13.465987205505371,13.46598720550537,13.368407588074172,13.41719739678977,393200
1993-03-30,13.465987205505371,13.563566822936568,13.46598720550537,13.51477701422097,300800
1993-03-31,13.51478385925293,13.61236352610674,13.51478385925293,13.563573692679835,386000
1993-04-01,13.51478385925293,13.563573692679835,13.465994025826024,13.51478385925293,296100
1993-04-02,13.417198181152344,13.514777804287997,13.368408369584516,13.514777804287997,316600
1993-04-05,13.51478385925293,13.51478385925293,13.368414358972212,13.417204192399119,726700
1993-04-06,13.56357192993164,13.612361757017725,13.417202448673384,13.46599227575947,327200
1993-04-07,13.56357192993164,13.612361757017725,13.46599227575947,13.612361757017725,594000
1993-04-08,13.56357192993164,13.66115158410381,13.514782102845555,13.66115158410381,206500
1993-04-12,13.661148071289062,13.758727700369699,13.563568442208426,13.661148071289062,755700
1993-04-13,13.56357192993164,13.807521065362065,13.56357192993164,13.66115158410381,650500
1993-04-14,13.56357192993164,13.612361757017725,13.46599227575947,13.612361757017725,316200
1993-04-15,13.612360000610352,13.612360000610352,13.514780359028915,13.563570179819633,496500
1993-04-16,13.51478385925293,13.758733026387459,13.465994025826024,13.661153359533648,742400
1993-04-19,13.368406295776367,13.514775707773918,13.270826687778,13.514775707773918,374800
1993-04-20,13.222043991088867,13.319623651539708,13.124464330638027,13.319623651539708,442600
1993-04-21,13.124459266662598,13.368408323663761,13.124459266662598,13.270828700863296,716300
1993-04-22,12.978087425231934,13.173246634633918,12.929297622881439,13.02687722758243,399300
1993-04-23,12.978087425231934,12.978087425231934,12.831718018180446,12.880507820530942,677900
1993-04-26,12.929303169250488,12.978092992530678,12.831723522690107,12.978092992530678,416700
1993-04-27,12.929303169250488,12.978092992530678,12.880513345970297,12.880513345970297,389000
1993-04-28,12.734142303466797,12.929301572485445,12.636562668957472,12.929301572485445,566600
1993-04-29,12.63655948638916,12.734139096322668,12.587769681422408,12.734139096322668,559100
1993-04-30,12.734142303466797,12.734142303466797,12.636562668957472,12.685352486212134,651000
1993-05-03,12.734142303466797,12.734142303466797,12.636562668957472,12.685352486212134,354100
1993-05-04,12.831717491149902,12.831717491149902,12.68534809011017,12.734137890456747,421900
1993-05-05,12.782931327819824,12.880510956276463,12.734141513591505,12.831721142048144,391500
1993-05-06,12.734142303466797,12.782932120721458,12.636562668957472,12.734142303466797,699000
1993-05-07,12.685356140136719,12.782935802753155,12.685356140136719,12.782935802753155,501700
1993-05-10,12.734142303466797,12.782932120721458,12.685352486212134,12.734142303466797,440800
1993-05-11,12.929303169250488,12.929303169250488,12.685354052849535,12.734143876129725,563700
1993-05-12,12.929303169250488,12.929303169250488,12.831723522690107,12.880513345970297,603300
1993-05-13,12.782931327819824,12.880510956276463,12.685351699363185,12.880510956276463,397100
1993-05-14,12.685356140136719,12.782935802753155,12.587776477520283,12.734145971444937,693200
1993-05-17,12.734142303466797,12.734142303466797,12.538983034448147,12.685352486212134,556800
1993-05-18,12.685356140136719,12.734145971444937,12.6365663088285,12.685356140136719,1022800
1993-05-19,12.831717491149902,13.026876692536213,12.392609288030703,12.587768489417014,1281200
1993-05-20,12.929303169250488,12.929303169250488,12.782933699409917,12.782933699409917,652700
1993-05-21,12.929303169250488,13.12446246237125,12.880513345970297,12.929303169250488,504400
1993-05-24,12.978087425231934,12.978087425231934,12.880507820530942,12.880507820530942,481900
1993-05-25,13.17325496673584,13.17325496673584,12.97809563389531,12.97809563389531,306000
1993-05-26,13.465987205505371,13.51477701422097,13.319617779358573,13.368407588074172,1169600
1993-05-27,13.51478385925293,13.563573692679835,13.465994025826024,13.465994025826024,264400
1993-05-28,13.417198181152344,13.465987992720171,13.31961855801669,13.465987992720171,403200
1993-06-01,13.51478385925293,13.563573692679835,13.368414358972212,13.417204192399119,308900
1993-06-02,13.51478385925293,13.51478385925293,13.417204192399119,13.465994025826024,745200
1993-06-03,13.465987205505371,13.46598720550537,13.368407588074172,13.41719739678977,250800
1993-06-04,13.417198181152344,13.465987992720171,13.31961855801669,13.465987992720171,696700
1993-06-07,13.465987205505371,13.46598720550537,13.368407588074172,13.41719739678977,316900
1993-06-08,13.417198181152344,13.514777804287997,13.368408369584516,13.465987992720171,443600
1993-06-09,13.30639362335205,13.504258212546876,13.207461328754636,13.504258212546876,614700
1993-06-10,13.207465171813965,13.30639749519834,13.207465171813965,13.30639749519834,494000
1993-06-11,13.355866432189941,13.355866432189941,13.158001744305645,13.158001744305645,807900
1993-06-14,13.256932258605957,13.405330754038113,13.256932258605957,13.355864588894061,386900
1993-06-15,13.157992362976074,13.306390773084827,13.108526226273156,13.256924636381909,575300
1993-06-16,13.059059143066406,13.207457542419434,13.059059143066406,13.157991409301758,665900
1993-06-17,13.108530044555664,13.108530044555664,13.009597742332602,13.059063893444133,616500
1993-06-18,13.059059143066406,13.157991409301758,13.059059143066406,13.108525276184082,945400
1993-06-21,13.108530044555664,13.157996195667193,13.009597742332602,13.009597742332602,480700
1993-06-22,13.256932258605957,13.256932258605957,13.1085337631738,13.157999928317851,450400
1993-06-23,13.059059143066406,13.25692367553711,13.059059143066406,13.25692367553711,602200
1993-06-24,13.157992362976074,13.157992362976074,13.05906008957024,13.108526226273156,560000
1993-06-25,13.059059143066406,13.157991409301758,13.00959300994873,13.157991409301758,349900
1993-06-28,13.207465171813965,13.207465171813965,13.059066686737404,13.059066686737404,393500
1993-06-29,13.256932258605957,13.306398423750009,13.157999928317851,13.207466093461903,375700
1993-06-30,13.207465171813965,13.256931333506152,13.059066686737404,13.207465171813965,415000
1993-07-01,13.256932258605957,13.256932258605957,13.1085337631738,13.207466093461903,862300
1993-07-02,13.157992362976074,13.256924636381909,13.108526226273156,13.207458499678992,384400
1993-07-06,13.256932258605957,13.355864588894061,13.157999928317851,13.157999928317851,450900
1993-07-07,13.256932258605957,13.355864588894061,13.207466093461903,13.207466093461903,331400
1993-07-08,13.454792976379395,13.454792976379395,13.25692837378558,13.306394524434035,509800
1993-07-09,13.454792976379395,13.553725277676303,13.405326825730942,13.454792976379395,223300
1993-07-12,13.454792976379395,13.553725277676303,13.454792976379395,13.454792976379395,362300
1993-07-13,13.504255294799805,13.60318756802178,13.454789158188817,13.454789158188817,528000
1993-07-14,13.454792976379395,13.553725277676303,13.454792976379395,13.504259127027849,403300
1993-07-15,13.55372428894043,13.55372428894043,13.405325847820643,13.454791994860573,365500
1993-07-16,13.702126502990723,13.751592663651339,13.553728021008874,13.60319418166949,737400
1993-07-19,13.603190422058105,13.751588863026013,13.553724275068804,13.751588863026013,457800
1993-07-20,13.55372428894043,13.603190435980359,13.504258141900502,13.603190435980359,214700
1993-07-21,13.504255294799805,13.504255294799805,13.35585688496684,13.504255294799805,408300
1993-07-22,13.603190422058105,13.652656569047409,13.405325834100898,13.4547919810902,500400
1993-07-23,13.504255294799805,13.60318756802178,13.504255294799805,13.60318756802178,347900
1993-07-26,13.55372428894043,13.652656583020287,13.504258141900502,13.504258141900502,358300
1993-07-27,13.702126502990723,13.801058824311955,13.60319418166949,13.60319418166949,673800
1993-07-28,13.702126502990723,13.751592663651339,13.60319418166949,13.702126502990723,420500
1993-07-29,13.80105972290039,13.80105972290039,13.6526612312563,13.702127395137664,335900
1993-07-30,13.702126502990723,13.801058824311955,13.702126502990723,13.801058824311955,512800
1993-08-02,13.702126502990723,13.751592663651339,13.652660342330107,13.751592663651339,284800
1993-08-03,13.751592636108398,13.80105879666994,13.702126475546859,13.702126475546859,291800
1993-08-04,13.751592636108398,13.850524957231482,13.702126475546859,13.80105879666994,510800
1993-08-05,13.751592636108398,13.80105879666994,13.702126475546859,13.751592636108398,190900
1993-08-06,13.702126502990723,13.751592663651339,13.553728021008874,13.751592663651339,593400
1993-08-09,13.702126502990723,13.751592663651339,13.60319418166949,13.702126502990723,419000
1993-08-10,13.850525856018066,13.850525856018066,13.702127364703587,13.702127364703587,401000
1993-08-11,13.899994850158691,13.899994850158691,13.80106250247073,13.85052867631471,264900
1993-08-12,13.850525856018066,13.998924347332546,13.850525856018066,13.949458183561052,292400
1993-08-13,13.998916625976562,14.048382762464112,13.899984353001463,13.949450489489012,301700
1993-08-16,14.147324562072754,14.147324562072754,14.048392222477839,14.097858392275297,358700
1993-08-17,13.949457168579102,14.147321809268165,13.9494571685791,14.0978556490959,227500
1993-08-18,13.899994850158691,13.998927197846655,13.85052867631471,13.85052867631471,383400
1993-08-19,13.998916625976562,14.09784889895166,13.899984353001463,13.949450489489012,431500
1993-08-20,14.097854614257812,14.097854614257812,13.949456144634047,14.048388457716557,526300
1993-08-23,14.048383712768555,14.097849852602247,13.998917572934863,14.048383712768555,209000
1993-08-24,14.246249198913574,14.246249198913574,13.998918483654657,14.04838462670644,570200
1993-08-25,14.295717239379883,14.295717239379883,14.19678494014542,14.19678494014542,295500
1993-08-26,14.345181465148926,14.345181465148926,14.19678303619911,14.295715322165654,463600
1993-08-27,14.246249198913574,14.34518148501714,14.19678305586179,14.295715341965357,336900
1993-08-30,14.19678783416748,14.246253993868413,14.097855514765616,14.147321674466548,396800
1993-08-31,14.394645690917969,14.394645690917969,14.19678114533834,14.19678114533834,597200
1993-09-01,14.394645690917969,14.493577963707782,14.295713418128154,14.345179554523062,500800
1993-09-02,14.345181465148926,14.394647608132198,14.246249179182382,14.345181465148926,351800
1993-09-03,14.246249198913574,14.295715341965357,14.19678305586179,14.295715341965357,601600
1993-09-07,14.345181465148926,14.345181465148926,14.295715322165654,14.295715322165654,578900
1993-09-08,14.345181465148926,14.345181465148926,14.097850750232565,14.295715322165654,587500
1993-09-09,14.232919692993164,14.333151521817058,14.182803778581215,14.283035607405111,412000
1993-09-10,14.333158493041992,14.383274431828852,14.232926615468271,14.232926615468271,582600
1993-09-13,14.232919692993164,14.333151521817058,14.132687864169268,14.333151521817058,384900
1993-09-14,14.182807922363281,14.232923851417567,14.082576064254706,14.182807922363281,247100
1993-09-15,14.182807922363281,14.232923851417567,14.082576064254706,14.182807922363281,1220400
1993-09-16,14.283042907714844,14.333158847741913,14.132695087633635,14.182811027660705,463400
1993-09-17,14.433384895324707,14.433384895324707,14.13268937667211,14.13268937667211,1146500
1993-09-20,14.533617973327637,14.583733897373595,14.433386125235723,14.533617973327637,334600
1993-09-21,14.283042907714844,14.533622607850193,14.283042907714844,14.533622607850193,701100
1993-09-22,14.433384895324707,14.48350081510014,14.383268975549274,14.433384895324707,619400
1993-09-23,14.383269309997559,14.533617072819832,14.383269309997559,14.533617072819832,295100
1993-09-24,14.283042907714844,14.433390727796054,14.232926967687774,14.383274787768984,334800
1993-09-27,14.433384895324707,14.433384895324707,14.333153055773842,14.333153055773842,422200
1993-09-28,14.533617973327637,14.583733897373595,14.483502049281679,14.483502049281679,352200
1993-09-29,14.333158493041992,14.583738186976293,14.333158493041992,14.483506309402571,448200
1993-09-30,14.182807922363281,14.283039780471855,14.082576064254706,14.232923851417567,272800
1993-10-01,14.383269309997559,14.383269309997559,14.08257378435301,14.132689705293767,332500
1993-10-04,14.283042907714844,14.483506667823123,14.232926967687774,14.383274787768984,412900
1993-10-05,14.283042907714844,14.333158847741913,14.182811027660705,14.333158847741913,410300
1993-10-06,14.333158493041992,14.333158493041992,14.182810676681411,14.232926615468271,510800
1993-10-07,14.283042907714844,14.383274787768984,14.232926967687774,14.383274787768984,299200
1993-10-08,14.232919692993164,14.383267436229007,14.08257194975732,14.333151521817058,455500
1993-10-11,14.182807922363281,14.232923851417567,14.082576064254706,14.232923851417567,186800
1993-10-12,14.182807922363281,14.232923851417567,14.132691993308994,14.182807922363281,201300
1993-10-13,14.232919692993164,14.283035607405111,14.132687864169268,14.182803778581215,305000
1993-10-14,14.383269309997559,14.433385230938317,14.182805626234526,14.283037468116042,598100
1993-10-15,14.433384895324707,14.734080413977305,14.433384895324707,14.583732654651007,806800
1993-10-18,14.533617973327637,14.533617973327637,14.433386125235723,14.533617973327637,414800
1993-10-19,14.383269309997559,14.533617072819832,14.383269309997559,14.483501151879075,881400
1993-10-20,14.483501434326172,14.483501434326172,14.33315366857192,14.433385512408087,289500
1993-10-21,14.433384895324707,14.533616734875574,14.433384895324707,14.48350081510014,243300
1993-10-22,14.283042907714844,14.533622607850193,14.283042907714844,14.483506667823123,339500
1993-10-25,14.383269309997559,14.383269309997559,14.283037468116042,14.3331533890568,725600
1993-10-26,14.283042907714844,14.383274787768984,14.232926967687774,14.283042907714844,574100
1993-10-27,14.383269309997559,14.383269309997559,14.283037468116042,14.3331533890568,377700
1993-10-28,14.433384895324707,14.533616734875574,14.333153055773842,14.383268975549274,489800
1993-10-29,14.533617973327637,14.533617973327637,14.383270201189765,14.433386125235723,276800
1993-11-01,14.483501434326172,14.533617356244255,14.383269590490004,14.533617356244255,386200
1993-11-02,14.333158493041992,14.483506309402571,14.232926615468271,14.433390370615712,511200
1993-11-03,14.132696151733398,14.283043983134817,14.032464264132452,14.283043983134817,806800
1993-11-04,13.882115364074707,14.132695063787246,13.882115364074707,14.132695063787246,836900
1993-11-05,13.781879425048828,13.982343125776811,13.781879425048828,13.831995350230823,800900
1993-11-08,13.681645393371582,13.882109062138932,13.581413558987908,13.781877227755258,776000
1993-11-09,13.781879425048828,13.831995350230823,13.731763499866831,13.781879425048828,648200
1993-11-10,13.731764793395996,13.831996653201806,13.631532933590186,13.781880723298901,381400
1993-11-11,13.631532669067383,13.681648597997778,13.581416740136989,13.631532669067383,628800
1993-11-12,13.581421852111816,13.73176969549313,13.581421852111816,13.631537799905587,561000
1993-11-15,13.531304359436035,13.631536243580006,13.48118841736405,13.581420301508022,480200
1993-11-16,13.731764793395996,13.781880723298901,13.531301073784375,13.531301073784375,624500
1993-11-17,13.83199691772461,13.88211284858593,13.781880986863287,13.781880986863287,572500
1993-11-18,13.631532669067383,13.781880455858568,13.631532669067383,13.781880455858568,329400
1993-11-19,13.531304359436035,13.631536243580006,13.531304359436035,13.631536243580006,472100
1993-11-22,13.631532669067383,13.681648597997778,13.4811848822762,13.531300811206593,528700
1993-11-23,13.932231903076172,14.032463787270965,13.631536250491795,13.631536250491795,693300
1993-11-24,13.982348442077637,14.032464386314473,13.932232497840799,13.982348442077637,167000
1993-11-26,14.032462120056152,14.03246212005615,13.932230247770036,14.03246212005615,150800
1993-11-29,13.982348442077637,14.132696274788149,13.932232497840799,14.08258033055131,568600
1993-11-30,13.781879425048828,13.982343125776811,13.781879425048828,13.932227200594815,249200
1993-12-01,13.731764793395996,13.88211258310471,13.731764793395996,13.781880723298901,365500
1993-12-02,13.781879425048828,13.831995350230823,13.731763499866831,13.731763499866831,268500
1993-12-03,13.731764793395996,13.781880723298901,13.681648863493091,13.731764793395996,524100
1993-12-06,13.882115364074707,13.932231304017215,13.78188348418969,13.78188348418969,480700
1993-12-07,13.932231903076172,13.932231903076172,13.832000018881379,13.882115960978776,407300
1993-12-08,13.83199691772461,13.93222877944725,13.781880986863287,13.93222877944725,20329400
1993-12-09,13.819806098937988,13.870614209595848,13.718189877622267,13.768997988280127,507400
1993-12-10,13.76899528503418,13.870611486399746,13.76899528503418,13.819803385716963,774100
1993-12-13,13.819806098937988,13.819806098937988,13.718189877622267,13.768997988280127,541600
1993-12-14,13.718189239501953,13.819805456090856,13.61657302291305,13.768997347796404,1046300
1993-12-15,13.718189239501953,13.768997347796404,13.61657302291305,13.718189239501953,651500
1993-12-16,13.819806098937988,13.870614209595848,13.768997988280127,13.768997988280127,445300
1993-12-17,14.073843002319336,14.073843002319336,13.81980251491285,13.870610612394147,824000
1993-12-20,14.073843002319336,14.124651099800634,14.023034904838038,14.073843002319336,313100
1993-12-21,14.124649047851562,14.175457137951748,14.023032867651192,14.073840957751377,377800
1993-12-22,14.277074813842773,14.277074813842773,14.124650527573989,14.124650527573989,421300
1993-12-23,14.32788372039795,14.32788372039795,14.226267523799383,14.226267523799383,280600
1993-12-27,14.378690719604492,14.378690719604492,14.277074530773364,14.277074530773364,339200
1993-12-28,14.48030948638916,14.48030948638916,14.327885176006117,14.327885176006117,204100
1993-12-29,14.429499626159668,14.480307723434878,14.327883431609248,14.480307723434878,414500
1993-12-30,14.48030948638916,14.48030948638916,14.327885176006117,14.327885176006117,314100
1993-12-31,14.277074813842773,14.531115290957413,14.277074813842773,14.531115290957413,341700
1994-01-03,13.921418190002441,14.226266763506144,13.76899390325059,14.175458667922195,741100
1994-01-04,13.921418190002441,14.023034381170342,13.921418190002441,13.972226285586393,496300
1994-01-05,13.76899528503418,13.921419587082529,13.718187184351397,13.921419587082529,396200
1994-01-06,13.362530708312988,13.819803622285677,13.311722606760467,13.819803622285677,885900
1994-01-07,13.311720848083496,13.464145132603536,13.311720848083496,13.413337037763522,737600
1994-01-10,13.464147567749023,13.464147567749023,13.311723255661297,13.36253135969054,585300
1994-01-11,13.311720848083496,13.413337037763522,13.210104658403468,13.413337037763522,388800
1994-01-12,13.362530708312988,13.46414691141803,13.362530708312988,13.362530708312988,530000
1994-01-13,13.311720848083496,13.311720848083496,13.159296563563455,13.260912753243483,304300
1994-01-14,13.413336753845215,13.413336753845215,13.15929628502239,13.260912472551519,389400
1994-01-17,13.311720848083496,13.36252894292351,13.057680373883429,13.36252894292351,410300
1994-01-18,13.616569519042969,13.667377614263279,13.311720947721112,13.464145233382041,906600
1994-01-19,13.464147567749023,13.565763775807506,13.413339463719781,13.565763775807506,234000
1994-01-20,13.514954566955566,13.514954566955566,13.311722167452475,13.464146467079793,438300
1994-01-21,13.362530708312988,13.565763114523072,13.362530708312988,13.514955012970551,518100
1994-01-24,13.260916709899902,13.362532929899135,13.210108599900286,13.311724819899519,526500
1994-01-25,13.311720848083496,13.311720848083496,13.108488468723442,13.159296563563455,941800
1994-01-26,13.514954566955566,13.514954566955566,13.311722167452475,13.311722167452475,391700
1994-01-27,13.718189239501953,13.768997347796404,13.514956806324145,13.514956806324145,745400
1994-01-28,13.667381286621094,13.819805613237685,13.616573177748897,13.768997504365489,551200
1994-01-31,13.76899528503418,13.819803385716963,13.61657098298583,13.667379083668614,380000
1994-02-01,13.56575870513916,13.66737487521511,13.464142535063212,13.66737487521511,280100
1994-02-02,13.616569519042969,13.667377614263279,13.51495332860235,13.56576142382266,236100
1994-02-03,13.514954566955566,13.667378866582885,13.514954566955566,13.616570766707111,265500
1994-02-04,13.15929889678955,13.514955623729808,13.15929889678955,13.514955623729808,411800
1994-02-07,13.057687759399414,13.108495882976845,12.905263388667125,13.108495882976845,874800
1994-02-08,12.854448318481445,13.006872606842885,12.803640222360965,13.006872606842885,768100
1994-02-09,12.854448318481445,13.006872606842885,12.803640222360965,12.803640222360965,344700
1994-02-10,12.651220321655273,12.905260890363211,12.600412207913687,12.905260890363211,445500
1994-02-11,12.854448318481445,12.854448318481445,12.651215933999525,12.651215933999525,474400
1994-02-14,12.702021598815918,12.854445858001709,12.702021598815918,12.752829685211182,345500
1994-02-15,12.803643226623535,12.956067550750006,12.752835118581379,12.752835118581379,456200
1994-02-16,12.651220321655273,12.803644662880036,12.5496040941721,12.702028435396862,432200
1994-02-17,12.549602508544922,12.803643045155143,12.549602508544922,12.803643045155143,494000
1994-02-18,12.19394588470459,12.600410747528075,12.19394588470459,12.54960263967514,805100
1994-02-22,12.549602508544922,12.600410615866966,12.244753864612656,12.244753864612656,725400
1994-02-23,12.549602508544922,12.65121872318901,12.498794401222877,12.600410615866966,554000
1994-02-24,12.498793601989746,12.600409810136005,12.34636928977036,12.498793601989746,885100
1994-02-25,12.651220321655273,12.651220321655273,12.5496040941721,12.5496040941721,409200
1994-02-28,12.854448318481445,12.854448318481445,12.651215933999525,12.651215933999525,602400
1994-03-01,12.600410461425781,12.854450994922269,12.549602354726485,12.854450994922269,581600
1994-03-02,12.803643226623535,12.854451334665692,12.447986470328438,12.498794578370594,798200
1994-03-03,12.803643226623535,12.803643226623535,12.702027010539222,12.803643226623535,440100
1994-03-04,13.006875038146973,13.057683143764734,12.803642615675926,12.803642615675926,841900
1994-03-07,13.108489990234375,13.210106191709059,13.057681889497031,13.057681889497031,398300
1994-03-08,13.057687759399414,13.159304006554274,13.006879635821985,13.108495882976845,303600
1994-03-09,12.950355529785156,13.001950571736492,12.79557040393115,12.950355529785156,873900
1994-03-10,12.74398422241211,12.950364533706233,12.537603911117987,12.950364533706233,928700
1994-03-11,12.74398422241211,12.898769455882702,12.640794066765048,12.74398422241211,398400
1994-03-14,12.537602424621582,12.743982711446629,12.434412281209058,12.743982711446629,847000
1994-03-15,12.434415817260742,12.589201076396767,12.382820730882067,12.537605990018092,851200
1994-03-16,12.692389488220215,12.743984567440622,12.434414092118176,12.434414092118176,615700
1994-03-17,12.74398422241211,12.74398422241211,12.537603911117987,12.640794066765048,473800
1994-03-18,12.589193344116211,12.743978508183213,12.589193344116211,12.743978508183213,1334300
1994-03-21,12.640796661376953,12.640796661376953,12.43441630772182,12.640796661376953,334900
1994-03-22,12.795580863952637,12.847175948081478,12.589200527437272,12.640795611566112,395300
1994-03-23,12.692389488220215,12.847174725881436,12.692389488220215,12.847174725881436,424700
1994-03-24,12.486008644104004,12.743984029312765,12.486008644104004,12.692388952271013,413000
1994-03-25,12.486008644104004,12.64079387522926,12.434413567062252,12.589198798187509,333000
1994-03-28,12.692389488220215,12.743984567440622,12.486009171338585,12.537604250558992,356200
1994-03-29,12.486008644104004,12.743984029312765,12.486008644104004,12.743984029312765,544300
1994-03-30,11.970060348510742,12.486011225601723,11.970060348510742,12.486011225601723,1038500
1994-03-31,11.970060348510742,12.124845611638037,11.76367999767435,12.02165543621984,1580300
1994-04-04,11.76368236541748,12.021657855887161,11.712087267323543,11.866872561605353,598800
1994-04-05,12.02165412902832,12.02165412902832,11.815273800632983,11.815273800632983,837300
1994-04-06,11.970060348510742,12.07325052392894,11.918465260801645,11.970060348510742,1087900
1994-04-07,12.02165412902832,12.02165412902832,11.866868882731819,11.970059046929485,535800
1994-04-08,11.918464660644531,12.021654830866561,11.815274490422501,11.970059745755547,508200
1994-04-11,11.970060348510742,11.970060348510742,11.76367999767435,11.866870173092547,293000
1994-04-12,11.970060348510742,12.02165543621984,11.918465260801645,11.970060348510742,246900
1994-04-13,11.81527328491211,11.970058524452442,11.76367820506533,11.918463444605665,355800
1994-04-14,11.866867065429688,11.918462139627207,11.712081842837126,11.763676917034646,416600
1994-04-15,11.866867065429688,12.02165228802225,11.815271991232168,11.866867065429688,779000
1994-04-18,11.866867065429688,12.02165228802225,11.815271991232168,11.970057213824727,501900
1994-04-19,11.970060348510742,12.124845611638037,11.866870173092547,11.866870173092547,509300
1994-04-20,12.228034973144531,12.279630057419402,12.021654636045046,12.021654636045046,1207900
1994-04-21,12.073248863220215,12.228034105056372,11.918463621384058,12.17643902444432,1074300
1994-04-22,11.350913047790527,11.866863640871916,11.092937751249835,11.866863640871916,2142300
1994-04-25,11.196133613586426,11.299323785140217,11.041348356255737,11.299323785140217,1026400
1994-04-26,11.041349411010742,11.196134683127715,10.88656413889377,11.144539592422058,891300
1994-04-28,10.938155174255371,11.144535460562075,10.783369959525341,11.144535460562075,1041800
1994-04-29,10.938155174255371,10.989750245832047,10.783369959525341,10.834965031102017,930200
1994-05-02,10.783368110656738,10.886558236117569,10.731773047926323,10.834963173387154,971200
1994-05-03,10.473801612854004,10.809169644792679,10.473801612854004,10.783372103874319,1357800
1994-05-04,10.576990127563477,10.576990127563477,10.422204906184499,10.47379997997749,805100
1994-05-05,10.215825080871582,10.680180766365744,10.164230004705564,10.680180766365744,1178500
1994-05-06,9.854658126831055,10.190026073555671,9.80306305810419,10.164228539192239,1203900
1994-05-09,9.648275375366211,9.906250652782418,9.545085264399727,9.854655597299178,1185500
1994-05-10,9.648275375366211,9.95784570826566,9.596680319882969,9.803060541815936,2190300
1994-05-11,9.493497848510742,9.699878236521846,9.287117460499639,9.64828313951907,1364100
1994-05-12,9.493497848510742,9.699878236521846,9.441902751507966,9.699878236521846,1399400
1994-05-13,9.803069114685059,9.906259315892271,9.545093611667031,9.648283812874242,1357600
1994-05-16,9.699871063232422,9.803061180926385,9.54508588669148,9.803061180926385,721200
1994-05-17,10.009443283081055,10.009443283081055,9.545087666855645,9.596682735325135,1030300
1994-05-18,10.215825080871582,10.319015233203618,10.00944477620751,10.00944477620751,1073200
1994-05-19,10.319009780883789,10.370604829788208,10.164224634170532,10.215819683074951,888300
1994-05-20,10.319009780883789,10.422199878692627,10.215819683074951,10.26741473197937,1176700
1994-05-23,10.370610237121582,10.422205312928156,10.215825009701856,10.267420085508432,766500
1994-05-24,10.525392532348633,10.576987593781714,10.42220240948247,10.42220240948247,694500
1994-05-25,10.473801612854004,10.473801612854004,10.267421285507126,10.370611449180565,526300
1994-05-26,10.576990127563477,10.68018027514946,10.47379997997749,10.525395053770483,785400
1994-05-27,10.62858772277832,10.62858772277832,10.422207378646704,10.473802464679608,482700
1994-05-31,10.62858772277832,10.680182808811225,10.525397550712512,10.62858772277832,330900
1994-06-01,10.576990127563477,10.628585201356469,10.47379997997749,10.576990127563477,479600
1994-06-02,10.473801612854004,10.576991776527443,10.422206531017284,10.576991776527443,325000
1994-06-03,10.62858772277832,10.62858772277832,10.473802464679608,10.473802464679608,305900
1994-06-06,10.525392532348633,10.680177716647878,10.525392532348633,10.680177716647878,360700
1994-06-07,10.525392532348633,10.576987593781714,10.473797470915551,10.525392532348633,224900
1994-06-08,10.473801612854004,10.525396694690723,10.319016367343846,10.525396694690723,465800
1994-06-09,10.048701286315918,10.416978296809171,9.943479283317846,10.364367295310135,1253300
1994-06-10,9.996094703674316,10.101316753186676,9.943483678918135,10.101316753186676,753200
1994-06-13,10.153923988342285,10.153923988342285,9.943479967858508,9.996090972979452,525000
1994-06-14,10.311759948730469,10.364370968877052,10.206537908437301,10.206537908437301,658800
1994-06-15,10.206537246704102,10.364370296910865,10.153926229968512,10.311759280175277,432000
1994-06-16,9.996094703674316,10.25914982745522,9.943483678918135,10.206538802699038,696500
1994-06-17,9.785650253295898,10.04870536763181,9.785650253295898,10.04870536763181,1474200
1994-06-20,9.680428504943848,9.83826157839402,9.680428504943848,9.78565055391063,562000
1994-06-21,9.627815246582031,9.73303727113484,9.469982209752818,9.627815246582031,894400
1994-06-22,9.9434814453125,9.9434814453125,9.680426380621693,9.733037393559854,781200
1994-06-23,9.785650253295898,10.04870536763181,9.785650253295898,9.943483321897446,706800
1994-06-24,9.73303508758545,9.838257088532318,9.73303508758545,9.73303508758545,536800
1994-06-27,9.9434814453125,9.996092458250661,9.680426380621693,9.785648406498016,798000
1994-06-28,9.996094703674316,10.048705728430496,9.890872654161955,9.890872654161955,866000
1994-06-29,10.048701286315918,10.101312287814954,9.943479283317846,9.943479283317846,1002600
1994-06-30,9.996094703674316,10.153927777942858,9.996094703674316,10.101316753186676,855300
1994-07-01,10.101311683654785,10.153922682007154,10.048700685302418,10.101311683654785,453300
1994-07-05,10.048701286315918,10.15392328931399,9.996090284816882,10.15392328931399,414900
1994-07-06,10.048701286315918,10.18022879006351,10.048701286315918,10.048701286315918,339600
1994-07-07,10.206537246704102,10.25914826343969,10.101315213232924,10.101315213232924,474800
1994-07-08,10.206537246704102,10.25914826343969,10.101315213232924,10.101315213232924,389100
1994-07-11,10.101311683654785,10.259144678711891,9.996089686950048,10.259144678711891,529000
1994-07-12,9.996094703674316,10.153927777942858,9.890872654161955,10.153927777942858,273100
1994-07-13,10.048701286315918,10.101312287814954,9.996090284816882,9.996090284816882,310400
1994-07-14,10.101311683654785,10.206533680359524,10.048700685302418,10.048700685302418,389600
1994-07-15,10.153923988342285,10.20653499346323,10.10131298322134,10.153923988342285,449900
1994-07-18,10.259146690368652,10.259146690368652,10.10131366436298,10.153924673031538,358700
1994-07-19,10.206537246704102,10.25914826343969,10.206537246704102,10.206537246704102,183700
1994-07-20,10.153923988342285,10.226264120383584,10.153923988342285,10.20653499346323,244600
1994-07-21,9.996094703674316,10.153927777942858,9.943483678918135,10.153927777942858,546800
1994-07-22,9.9434814453125,10.048703471188823,9.9434814453125,10.048703471188823,377000
1994-07-25,9.996094703674316,9.996094703674316,9.943483678918135,9.943483678918135,211500
1994-07-26,9.996094703674316,10.048705728430496,9.943483678918135,9.943483678918135,448500
1994-07-27,9.9434814453125,9.996092458250661,9.9434814453125,9.996092458250661,218200
1994-07-28,10.048701286315918,10.048701286315918,9.943479283317846,9.943479283317846,275700
1994-07-29,10.153923988342285,10.31175700370512,10.081583856300988,10.10131298322134,571100
1994-08-01,10.41698169708252,10.41698169708252,10.15392660372185,10.15392660372185,635500
1994-08-02,10.41698169708252,10.522203734426787,10.41698169708252,10.41698169708252,736300
1994-08-03,10.574814796447754,10.574814796447754,10.364370720896556,10.469592758672155,503600
1994-08-04,10.41698169708252,10.57481475309892,10.41698169708252,10.522203734426787,415000
1994-08-05,10.311759948730469,10.416981989023636,10.259148928583885,10.364370968877052,209700
1994-08-08,10.311759948730469,10.416981989023636,10.206537908437301,10.364370968877052,301200
1994-08-09,10.153923988342285,10.259145998584176,10.10131298322134,10.20653499346323,389900
1994-08-10,10.259146690368652,10.311757699037209,10.206535681700094,10.206535681700094,544300
1994-08-11,10.153923988342285,10.31175700370512,10.10131298322134,10.31175700370512,672000
1994-08-12,10.311759948730469,10.364370968877052,10.206537908437301,10.259148928583885,431900
1994-08-15,10.206537246704102,10.311759280175277,10.153926229968512,10.25914826343969,590200
1994-08-16,10.311759948730469,10.311759948730469,10.101315868144132,10.206537908437301,490200
1994-08-17,10.153923988342285,10.31175700370512,10.153923988342285,10.31175700370512,595000
1994-08-18,9.996094703674316,10.153927777942858,9.996094703674316,10.101316753186676,667400
1994-08-19,10.101311683654785,10.101311683654785,9.996089686950048,10.048700685302418,756100
1994-08-22,10.048701286315918,10.15392328931399,9.996090284816882,10.048701286315918,547200
1994-08-23,10.101311683654785,10.206533680359524,10.101311683654785,10.101311683654785,391500
1994-08-24,10.206537246704102,10.206537246704102,10.048704196497336,10.101315213232924,296000
1994-08-25,10.048701286315918,10.259145292312063,9.996090284816882,10.206534290813027,615200
1994-08-26,10.259146690368652,10.311757699037209,10.10131366436298,10.10131366436298,377100
1994-08-29,10.259146690368652,10.416979716374323,10.259146690368652,10.311757699037209,373600
1994-08-30,10.46959400177002,10.46959400177002,10.259149901231929,10.311760926366452,446800
1994-08-31,10.36436939239502,10.469591416683294,10.259147368106746,10.469591416683294,398500
1994-09-01,10.153923988342285,10.364368008826064,10.10131298322134,10.31175700370512,416700
1994-09-02,10.153923988342285,10.259145998584176,10.153923988342285,10.20653499346323,447700
1994-09-06,10.101311683654785,10.259144678711891,10.048700685302418,10.206533680359524,526900
1994-09-07,9.996094703674316,10.153927777942858,9.996094703674316,10.101316753186676,435100
1994-09-08,9.9434814453125,10.048703471188823,9.9434814453125,9.996092458250661,4690000
1994-09-09,9.670559883117676,9.885461213853624,9.670559883117676,9.831735881169637,1446700
1994-09-12,9.831735610961914,9.831735610961914,9.670559617339588,9.72428494854703,653600
1994-09-13,9.724286079406738,9.885462091772595,9.670560741951453,9.778011416862025,607700
1994-09-14,9.670559883117676,9.77801054848565,9.670559883117676,9.670559883117676,356500
1994-09-15,9.778005599975586,9.778005599975586,9.670554988986844,9.670554988986844,331500
1994-09-16,9.724286079406738,9.885462091772595,9.670560741951453,9.724286079406738,1153100
1994-09-19,9.778005599975586,9.778005599975586,9.724280294481215,9.724280294481215,346600
1994-09-20,9.563106536865234,9.778007807356587,9.563106536865234,9.670557172110911,519800
1994-09-21,9.670559883117676,9.724285215801663,9.509383885065715,9.563109217749702,383200
1994-09-22,9.616832733154297,9.83173402328065,9.616832733154297,9.670558055685886,510400
1994-09-23,9.509381294250488,9.616831930343714,9.455655976203875,9.563106612297101,472200
1994-09-26,9.563106536865234,9.616831854488073,9.509381219242396,9.563106536865234,308500
1994-09-27,9.724286079406738,9.724286079406738,9.509384729585594,9.509384729585594,323600
1994-09-28,9.778005599975586,9.831730905469957,9.724280294481215,9.724280294481215,472900
1994-09-29,9.831735610961914,9.831735610961914,9.72428494854703,9.778010279754472,379500
1994-09-30,9.778005599975586,9.9391815164587,9.724280294481215,9.831730905469957,550000
1994-10-03,9.401928901672363,9.831731365748814,9.29447828565325,9.778006057739258,7263600
1994-10-04,9.348206520080566,9.509382494564713,9.348206520080566,9.401931844908615,2819900
1994-10-05,9.29448127746582,9.34820660276909,9.18703062685928,9.34820660276909,979300
1994-10-06,9.401928901672363,9.563104825701032,9.348203593662808,9.348203593662808,731600
1994-10-07,9.348206520080566,9.455657169736664,9.240755870424469,9.401931844908615,823900
1994-10-10,9.348206520080566,9.455657169736664,9.348206520080566,9.401931844908615,910500
1994-10-11,9.563106536865234,9.616831854488073,9.40193058399672,9.40193058399672,1051100
1994-10-12,9.616832733154297,9.670558055685886,9.56310741062271,9.56310741062271,320900
1994-10-13,9.724286079406738,9.778011416862025,9.616835404496166,9.670560741951453,625500
1994-10-14,9.724286079406738,9.724286079406738,9.616835404496166,9.724286079406738,497200
1994-10-17,9.616832733154297,9.724283378217473,9.56310741062271,9.724283378217473,419300
1994-10-18,9.616832733154297,9.724283378217473,9.616832733154297,9.670558055685886,509900
1994-10-19,9.670559883117676,9.724285215801663,9.563109217749702,9.616834550433689,347400
1994-10-20,9.616832733154297,9.724283378217473,9.56310741062271,9.670558055685886,439000
1994-10-21,9.616832733154297,9.670558055685886,9.56310741062271,9.616832733154297,552300
1994-10-24,9.455660820007324,9.72428754784844,9.455660820007324,9.616836856711995,566300
1994-10-25,9.563106536865234,9.616831854488073,9.40193058399672,9.455655901619558,646600
1994-10-26,9.455660820007324,9.616836856711995,9.455660820007324,9.616836856711995,343200
1994-10-27,9.509381294250488,9.509381294250488,9.401930658157262,9.509381294250488,438200
1994-10-28,9.724286079406738,9.724286079406738,9.45565939213031,9.509384729585594,670200
1994-10-31,9.724286079406738,9.778011416862025,9.616835404496166,9.724286079406738,483000
1994-11-01,9.724286079406738,9.724286079406738,9.616835404496166,9.616835404496166,510500
1994-11-02,9.724286079406738,9.83173675431731,9.670560741951453,9.670560741951453,620700
1994-11-03,9.778005599975586,9.831730905469957,9.724280294481215,9.724280294481215,328500
1994-11-04,9.670559883117676,9.885461213853624,9.670559883117676,9.831735881169637,444100
1994-11-07,9.724286079406738,9.724286079406738,9.670560741951453,9.670560741951453,318000
1994-11-08,9.670559883117676,9.724285215801663,9.616834550433689,9.724285215801663,417700
1994-11-09,9.563106536865234,9.778007807356587,9.563106536865234,9.72428248973375,454700
1994-11-10,9.509381294250488,9.670557248390327,9.509381294250488,9.616831930343714,395700
1994-11-11,9.509381294250488,9.616831930343714,9.509381294250488,9.563106612297101,286300
1994-11-14,9.563106536865234,9.670557172110911,9.563106536865234,9.616831854488073,331900
1994-11-15,9.509381294250488,9.616831930343714,9.455655976203875,9.509381294250488,500600
1994-11-16,9.509381294250488,9.563106612297101,9.455655976203875,9.509381294250488,364200
1994-11-17,9.563106536865234,9.616831854488073,9.509381219242396,9.563106536865234,525700
1994-11-18,9.509381294250488,9.616831930343714,9.509381294250488,9.616831930343714,557100
1994-11-21,9.616832733154297,9.616832733154297,9.50938208809112,9.50938208809112,428900
1994-11-22,9.778005599975586,9.885456210964328,9.509379072503728,9.616829683492472,1023100
1994-11-23,10.100358963012695,10.100358963012695,9.724281767581372,9.778007081214417,1463000
1994-11-25,10.26153564453125,10.315260962041885,10.04663437448871,10.100359691999344,480200
1994-11-28,10.26153564453125,10.315260962041885,10.207810327020615,10.207810327020615,779000
1994-11-29,10.26153564453125,10.315260962041885,10.100359691999344,10.26153564453125,916000
1994-11-30,10.26153564453125,10.36898627955252,10.207810327020615,10.26153564453125,507200
1994-12-01,10.154086112976074,10.261536759674234,10.100360789626993,10.207811436325153,524800
1994-12-02,10.368983268737793,10.368983268737793,10.15408206109556,10.207807363006118,510800
1994-12-05,10.637612342834473,10.637612342834473,10.36898576852047,10.36898576852047,783300
1994-12-06,10.745062828063965,10.852513456344603,10.583886885643004,10.691337513923644,951900
1994-12-07,10.691341400146484,10.691341400146484,10.637616066477408,10.637616066477408,492400
1994-12-08,10.476434707641602,10.637610626220702,10.476434707641602,10.637610626220702,3541500
1994-12-09,10.581705093383789,10.581705093383789,10.417222630792331,10.417222630792331,1201800
1994-12-12,10.691360473632812,10.691360473632812,10.472050515199319,10.581705494416067,1064300
1994-12-13,10.801013946533203,10.910668910457398,10.691358982609009,10.746186464571105,640700
1994-12-14,10.855841636657715,11.020324085697982,10.801014153644292,10.855841636657715,984300
1994-12-15,10.855841636657715,10.910669119671137,10.801014153644292,10.855841636657715,2297200
1994-12-16,10.801013946533203,10.910668910457398,10.801013946533203,10.910668910457398,1388500
1994-12-19,10.910675048828125,10.910675048828125,10.80102002321176,10.855847536019944,349400
1994-12-20,10.855841636657715,10.910669119671137,10.801014153644292,10.855841636657715,292500
1994-12-21,10.910675048828125,10.910675048828125,10.80102002321176,10.855847536019944,407000
1994-12-22,10.855841636657715,10.910669119671137,10.801014153644292,10.855841636657715,266500
1994-12-23,10.801013946533203,10.910668910457398,10.801013946533203,10.8558414284953,145900
1994-12-27,10.855841636657715,10.910669119671137,10.855841636657715,10.910669119671137,186200
1994-12-28,10.801013946533203,10.910668910457398,10.801013946533203,10.8558414284953,267600
1994-12-29,10.74618911743164,10.91067160392294,10.74618911743164,10.801016612928741,393000
1994-12-30,10.691360473632812,10.855842942457933,10.691360473632812,10.746187963241187,288000
1995-01-03,10.691360473632812,10.746187963241187,10.63653298402444,10.691360473632812,366900
1995-01-04,10.801013946533203,10.801013946533203,10.691358982609009,10.801013946533203,216600
1995-01-05,10.74618911743164,10.801016612928741,10.74618911743164,10.74618911743164,255500
1995-01-06,10.74618911743164,10.801016612928741,10.69136162193454,10.69136162193454,252000
1995-01-09,10.74618911743164,10.74618911743164,10.69136162193454,10.69136162193454,412800
1995-01-10,10.74618911743164,10.801016612928741,10.69136162193454,10.74618911743164,394000
1995-01-11,10.74618911743164,10.801016612928741,10.63653412643744,10.69136162193454,425000
1995-01-12,10.74618911743164,10.74618911743164,10.69136162193454,10.74618911743164,191500
1995-01-13,10.855841636657715,10.855841636657715,10.74618667063087,10.74618667063087,375300
1995-01-16,11.075154304504395,11.129981801061346,10.855844318276585,10.910671814833536,522400
1995-01-17,11.18481159210205,11.18481159210205,10.965501560884364,11.020329068688785,603200
1995-01-18,10.965498924255371,11.239636397361755,10.965498924255371,11.075153913497925,395100
1995-01-19,10.855841636657715,10.96549660268456,10.801014153644292,10.855841636657715,377900
1995-01-20,10.965498924255371,10.965498924255371,10.855843935012818,10.910671429634094,744300
1995-01-23,11.075154304504395,11.075154304504395,10.910671814833536,10.910671814833536,390500
1995-01-24,11.075154304504395,11.129981801061346,11.020326807947441,11.020326807947441,545900
1995-01-25,11.0203275680542,11.129982568731355,10.96550006771562,11.0203275680542,538600
1995-01-26,11.0203275680542,11.075155068392776,10.96550006771562,11.075155068392776,813400
1995-01-27,11.0203275680542,11.129982568731355,10.96550006771562,11.075155068392776,529900
1995-01-30,10.910675048828125,10.965502561636306,10.855847536019944,10.965502561636306,762100
1995-01-31,11.075154304504395,11.129981801061346,10.910671814833536,10.96549931139049,879500
1995-02-01,10.965498924255371,11.129981408119201,10.965498924255371,11.129981408119201,749500
1995-02-02,10.965498924255371,11.075153913497925,10.910671429634094,10.910671429634094,1077300
1995-02-03,11.129981994628906,11.184809492139394,10.965499502097446,10.965499502097446,1772900
1995-02-06,11.0203275680542,11.129982568731355,11.0203275680542,11.129982568731355,519600
1995-02-07,11.075154304504395,11.075154304504395,11.020326807947441,11.075154304504395,851300
1995-02-08,11.0203275680542,11.184810069069933,11.0203275680542,11.075155068392776,935100
1995-02-09,11.0203275680542,11.075155068392776,11.0203275680542,11.0203275680542,483000
1995-02-10,11.0203275680542,11.075155068392776,11.0203275680542,11.075155068392776,464600
1995-02-13,11.0203275680542,11.075155068392776,10.96550006771562,11.0203275680542,467400
1995-02-14,11.0203275680542,11.075155068392776,10.96550006771562,11.0203275680542,419100
1995-02-15,11.0203275680542,11.0203275680542,10.910672567377043,10.96550006771562,802800
1995-02-16,11.075154304504395,11.075154304504395,10.96549931139049,11.020326807947441,377600
1995-02-17,11.0203275680542,11.184810069069933,11.0203275680542,11.075155068392776,640200
1995-02-21,11.0203275680542,11.129982568731355,11.0203275680542,11.0203275680542,626500
1995-02-22,11.18481159210205,11.239639099906473,11.020329068688785,11.020329068688785,707500
1995-02-23,11.129981994628906,11.294464487160369,11.129981994628906,11.239636989649881,445000
1995-02-24,11.23963737487793,11.23963737487793,11.129982376098633,11.184809875488282,534500
1995-02-27,11.18481159210205,11.294466607710895,11.18481159210205,11.18481159210205,557000
1995-02-28,11.23963737487793,11.23963737487793,11.129982376098633,11.184809875488282,533300
1995-03-01,11.18481159210205,11.294466607710895,11.075156576493207,11.239639099906473,594800
1995-03-02,11.129981994628906,11.184809492139394,11.075154497118419,11.184809492139394,595100
1995-03-03,11.129981994628906,11.129981994628906,11.020326999607931,11.020326999607931,456200
1995-03-06,11.0203275680542,11.129982568731355,11.0203275680542,11.075155068392776,381200
1995-03-07,10.965498924255371,11.075153913497925,10.910671429634094,11.020326418876648,807000
1995-03-08,11.0203275680542,11.0203275680542,10.910672567377043,11.0203275680542,1433300
1995-03-09,11.015849113464355,11.295439192486294,10.959931097659968,11.015849113464355,586700
1995-03-10,11.071769714355469,11.071769714355469,10.959933656634707,11.071769714355469,545200
1995-03-13,10.959932327270508,11.071768371426328,10.959932327270508,11.071768371426328,544000
1995-03-14,11.183606147766113,11.183606147766113,11.015852055549622,11.071770086288453,893100
1995-03-15,11.071769714355469,11.18360577207623,11.015851685495088,11.12768774321585,473400
1995-03-16,11.127687454223633,11.239523509039952,11.071769426815473,11.071769426815473,670400
1995-03-17,11.071769714355469,11.239523800936613,11.071769714355469,11.18360577207623,1046500
1995-03-20,11.127687454223633,11.127687454223633,11.015851399407316,11.071769426815473,320000
1995-03-21,11.071769714355469,11.18360577207623,11.071769714355469,11.071769714355469,502100
1995-03-22,11.071769714355469,11.071769714355469,11.015851685495088,11.015851685495088,687300
1995-03-23,11.127687454223633,11.183605481631792,11.015851399407316,11.015851399407316,528100
1995-03-24,11.295442581176758,11.295442581176758,11.12768848343651,11.183606516016592,628900
1995-03-27,11.239523887634277,11.407277975509416,11.239523887634277,11.351359946217702,723800
1995-03-28,11.127687454223633,11.239523509039952,11.015851399407316,11.239523509039952,321800
1995-03-29,11.183606147766113,11.239524178504944,11.015852055549622,11.071770086288453,398400
1995-03-30,11.295442581176758,11.295442581176758,11.239524548596675,11.295442581176758,271000
1995-03-31,11.127687454223633,11.29544153644811,11.015851399407316,11.183605481631792,649100
1995-04-03,11.183606147766113,11.239524178504944,11.071770086288453,11.071770086288453,473400
1995-04-04,11.463201522827148,11.463201522827148,11.183611241782584,11.183611241782584,1093800
1995-04-05,11.575033187866211,11.630951222590202,11.407279083694236,11.407279083694236,479500
1995-04-06,11.575033187866211,11.686869257314195,11.51911515314222,11.575033187866211,1305800
1995-04-07,11.630946159362793,11.630946159362793,11.51911013859969,11.575028148981241,510000
1995-04-10,11.630946159362793,11.686864169744345,11.51911013859969,11.575028148981241,849900
1995-04-11,11.519112586975098,11.686866653775706,11.519112586975098,11.630948631508836,1584000
1995-04-12,11.519112586975098,11.630948631508836,11.519112586975098,11.519112586975098,506200
1995-04-13,11.630946159362793,11.630946159362793,11.51911013859969,11.575028148981241,380900
1995-04-17,11.519112586975098,11.686866653775706,11.519112586975098,11.630948631508836,486700
1995-04-18,11.575033187866211,11.575033187866211,11.51911515314222,11.575033187866211,389900
1995-04-19,11.742785453796387,11.742785453796387,11.519113349914551,11.519113349914551,507800
1995-04-20,11.854622840881348,11.854622840881348,11.686868744076422,11.742786776344731,412700
1995-04-21,11.854622840881348,11.854622840881348,11.798704808613039,11.854622840881348,689600
1995-04-24,11.96645736694336,11.96645736694336,11.742785266626662,11.798703291705836,448700
1995-04-25,12.078290939331055,12.134208952939069,11.910536898507011,11.910536898507011,555600
1995-04-26,12.078290939331055,12.190126966547083,12.02237292572304,12.078290939331055,502000
1995-04-27,12.078290939331055,12.134208952939069,12.02237292572304,12.078290939331055,496600
1995-04-28,12.022377967834473,12.078296004894169,11.910541893715083,12.078296004894169,685900
1995-05-01,11.854622840881348,12.022376937686273,11.854622840881348,12.022376937686273,1120700
1995-05-02,11.854622840881348,11.854622840881348,11.742786776344731,11.854622840881348,437300
1995-05-03,11.910540580749512,11.96645861164505,11.854622549853975,11.910540580749512,300800
1995-05-04,11.910540580749512,11.96645861164505,11.854622549853975,11.910540580749512,363500
1995-05-05,11.96645736694336,12.022375392022534,11.85462131678501,11.910539341864185,743000
1995-05-08,12.022377967834473,12.022377967834473,11.910541893715083,11.966459930774779,196200
1995-05-09,11.96645736694336,12.07829341710171,11.96645736694336,12.07829341710171,370300
1995-05-10,11.910540580749512,12.022376642540587,11.798704518958438,12.022376642540587,721900
1995-05-11,11.854622840881348,11.966458905417964,11.854622840881348,11.966458905417964,231700
1995-05-12,11.854622840881348,11.966458905417964,11.798704808613039,11.854622840881348,359100
1995-05-15,12.078290939331055,12.078290939331055,11.910536898507011,11.966454912115026,525200
1995-05-16,12.078290939331055,12.134208952939069,12.02237292572304,12.078290939331055,338000
1995-05-17,12.022377967834473,12.134214041953864,12.022377967834473,12.078296004894169,251200
1995-05-18,12.022377967834473,12.078296004894169,12.022377967834473,12.078296004894169,1361800
1995-05-19,11.910540580749512,12.078294673436126,11.798704518958438,12.022376642540587,780000
1995-05-22,12.078290939331055,12.078290939331055,11.910536898507011,11.966454912115026,336900
1995-05-23,12.022377967834473,12.134214041953864,11.910541893715083,12.078296004894169,577400
1995-05-24,12.078290939331055,12.190126966547083,11.966454912115026,12.078290939331055,1298500
1995-05-25,12.749311447143555,12.861147512469376,12.357885218503183,12.413803251166094,1820400
1995-05-26,12.637478828430176,12.749314924256991,12.637478828430176,12.749314924256991,655900
1995-05-30,12.693392753601074,12.749310783352621,12.637474723849527,12.637474723849527,557800
1995-05-31,12.972982406616211,12.972982406616211,12.693392268542585,12.693392268542585,623000
1995-06-01,12.749311447143555,12.917065545132287,12.693393414480646,12.917065545132287,916700
1995-06-02,13.028901100158691,13.028901100158691,12.693392917321987,12.74931094779477,1190800
1995-06-05,13.08481502532959,13.14073303825835,12.972978999472073,13.028897012400831,502600
1995-06-06,13.08481502532959,13.14073303825835,13.028897012400831,13.14073303825835,940200
1995-06-07,13.028901100158691,13.14073716110426,13.028901100158691,13.084819130631475,1023100
1995-06-08,12.972982406616211,13.028900434230936,12.917064379001484,13.028900434230936,295900
1995-06-09,12.972982406616211,12.972982406616211,12.693392268542585,12.917064379001484,975500
1995-06-12,12.805229187011719,12.86114721839605,12.749311155627389,12.805229187011719,1750400
1995-06-13,13.142026901245117,13.142026901245117,12.914459335855591,12.914459335855591,1022900
1995-06-14,13.085134506225586,13.142026395383088,13.028242617068083,13.142026395383088,506700
1995-06-15,13.085134506225586,13.142026395383088,12.97135072791058,13.085134506225586,219300
1995-06-16,13.028244018554688,13.14202780910975,13.028244018554688,13.14202780910975,1058100
1995-06-19,13.085134506225586,13.142026395383088,13.028242617068083,13.028242617068083,152800
1995-06-20,13.028244018554688,13.14202780910975,12.971352123277155,13.14202780910975,785500
1995-06-21,12.914463996887207,13.085139732528889,12.914463996887207,13.028247820648328,392700
1995-06-22,13.085134506225586,13.198918284540591,12.914458838753077,12.914458838753077,721400
1995-06-23,13.198919296264648,13.198919296264648,13.028243615709503,13.085135509227884,300300
1995-06-26,13.142026901245117,13.22736473826619,13.085135009897735,13.142026901245117,497800
1995-06-27,13.31269645690918,13.369588322109646,13.198912726508247,13.198912726508247,756900
1995-06-28,13.483384132385254,13.540276048555656,13.312708383874048,13.312708383874048,475100
1995-06-29,13.426483154296875,13.48337503206932,13.255807520979543,13.48337503206932,426000
1995-06-30,13.198919296264648,13.426486870338177,13.142027402746267,13.369594976819796,754400
1995-07-03,13.255810737609863,13.312702629187589,13.19891884603214,13.19891884603214,137200
1995-07-05,13.198919296264648,13.369594976819796,13.198919296264648,13.255811189783032,601500
1995-07-06,13.426483154296875,13.426483154296875,13.142023765434653,13.198915643207098,588800
1995-07-07,13.369600296020508,13.426492212173788,13.31270837986723,13.369600296020508,679500
1995-07-10,13.31269645690918,13.369588322109646,13.255804591708714,13.369588322109646,406100
1995-07-11,13.369600296020508,13.369600296020508,13.25581646371395,13.31270837986723,590400
1995-07-12,13.369600296020508,13.426492212173788,13.31270837986723,13.369600296020508,551700
1995-07-13,13.426483154296875,13.426483154296875,13.369591276524432,13.369591276524432,821300
1995-07-14,13.255810737609863,13.369594520765313,13.19891884603214,13.369594520765313,344300
1995-07-17,13.255810737609863,13.369594520765313,13.19891884603214,13.255810737609863,587700
1995-07-18,13.369600296020508,13.369600296020508,13.198924547560672,13.31270837986723,413900
1995-07-19,13.31269645690918,13.369588322109646,13.14202086130778,13.31269645690918,379800
1995-07-20,13.369600296020508,13.426492212173788,13.31270837986723,13.31270837986723,557700
1995-07-21,13.31269645690918,13.369588322109646,13.255804591708714,13.369588322109646,638400
1995-07-24,13.31269645690918,13.369588322109646,13.255804591708714,13.31269645690918,333400
1995-07-25,13.483384132385254,13.483384132385254,13.312708383874048,13.312708383874048,464400
1995-07-26,13.426483154296875,13.540266909841764,13.426483154296875,13.48337503206932,869300
1995-07-27,13.483384132385254,13.540276048555656,13.426492216214852,13.483384132385254,221700
1995-07-28,13.426483154296875,13.540266909841764,13.426483154296875,13.48337503206932,264200
1995-07-31,13.426483154296875,13.426483154296875,13.369591276524432,13.426483154296875,313000
1995-08-01,13.369600296020508,13.426492212173788,13.31270837986723,13.369600296020508,370600
1995-08-02,13.369600296020508,13.483384128327065,13.31270837986723,13.369600296020508,517000
1995-08-03,13.31269645690918,13.31269645690918,13.198912726508247,13.255804591708714,361100
1995-08-04,13.31269645690918,13.31269645690918,13.255804591708714,13.31269645690918,242000
1995-08-07,13.255810737609863,13.312702629187589,13.255810737609863,13.312702629187589,151900
1995-08-08,13.255810737609863,13.312702629187589,13.19891884603214,13.312702629187589,1102800
1995-08-09,13.198919296264648,13.312703083301413,13.198919296264648,13.255811189783032,200700
1995-08-10,13.142026901245117,13.198918792592497,13.142026901245117,13.198918792592497,668900
1995-08-11,13.142026901245117,13.25581068393988,13.142026901245117,13.142026901245117,570700
1995-08-14,13.198919296264648,13.198919296264648,13.085135509227884,13.142027402746267,359900
1995-08-15,13.142026901245117,13.142026901245117,13.085135009897735,13.085135009897735,521900
1995-08-16,13.255810737609863,13.255810737609863,13.08513506287669,13.08513506287669,997400
1995-08-17,13.255810737609863,13.255810737609863,13.19891884603214,13.255810737609863,420100
1995-08-18,13.142026901245117,13.25581068393988,13.142026901245117,13.25581068393988,310900
1995-08-21,13.142026901245117,13.25581068393988,13.142026901245117,13.198918792592497,333500
1995-08-22,13.198919296264648,13.255811189783032,13.142027402746267,13.142027402746267,721600
1995-08-23,13.142026901245117,13.25581068393988,13.142026901245117,13.142026901245117,716900
1995-08-24,13.198919296264648,13.198919296264648,13.142027402746267,13.142027402746267,481200
1995-08-25,13.255810737609863,13.255810737609863,13.142026954454414,13.142026954454414,334700
1995-08-28,13.198919296264648,13.255811189783032,13.142027402746267,13.255811189783032,250300
1995-08-29,13.142026901245117,13.198918792592497,13.085135009897735,13.198918792592497,634200
1995-08-30,13.142026901245117,13.142026901245117,13.028243118550353,13.142026901245117,758600
1995-08-31,13.085134506225586,13.198918284540591,13.085134506225586,13.085134506225586,333700
1995-09-01,13.198919296264648,13.198919296264648,13.085135509227884,13.085135509227884,306500
1995-09-05,13.085134506225586,13.198918284540591,13.085134506225586,13.085134506225586,274700
1995-09-06,13.142026901245117,13.198918792592497,13.085135009897735,13.085135009897735,475100
1995-09-07,13.085134506225586,13.142026395383088,13.028242617068083,13.085134506225586,431500
1995-09-08,13.028244018554688,13.085135913832218,12.914460227999625,13.085135913832218,687000
1995-09-11,12.971354484558105,13.028246390192132,12.914462578924079,12.971354484558105,204800
1995-09-12,13.142026901245117,13.198918792592497,13.028243118550353,13.028243118550353,1631100
1995-09-13,13.311017036437988,13.311017036437988,13.137395075093146,13.137395075093146,867100
1995-09-14,13.48464298248291,13.542516986699576,13.368894974049581,13.368894974049581,943100
1995-09-15,13.48464298248291,13.60039099091624,13.426768978266246,13.60039099091624,1175900
1995-09-18,13.426766395568848,13.426766395568848,13.31101840940015,13.368892402484498,336300
1995-09-19,13.311017036437988,13.426765010667884,13.311017036437988,13.368891023552935,804800
1995-09-20,13.368891716003418,13.368891716003418,13.311017725890848,13.368891716003418,427300
1995-09-21,13.311017036437988,13.426765010667884,13.311017036437988,13.368891023552935,363700
1995-09-22,13.368891716003418,13.426765706115987,13.253143735778279,13.253143735778279,348000
1995-09-25,13.368891716003418,13.426765706115987,13.368891716003418,13.426765706115987,322400
1995-09-26,13.542510986328125,13.600384964902178,13.36888905060597,13.426763029180021,1439100
1995-09-27,13.600393295288086,13.600393295288086,13.42677125322058,13.42677125322058,1239400
1995-09-28,13.889764785766602,13.889764785766602,13.542520666122437,13.600394686063131,1232500
1995-09-29,13.889764785766602,13.889764785766602,13.831890765825907,13.831890765825907,657500
1995-10-02,13.658259391784668,13.774007352731996,13.658259391784668,13.774007352731996,458400
1995-10-03,13.774012565612793,13.802949566801056,13.658264560859743,13.658264560859743,601700
1995-10-04,13.831888198852539,13.88976220805276,13.7161401804521,13.77401418965232,846100
1995-10-05,13.774012565612793,13.86082356917758,13.774012565612793,13.831886567989317,363700
1995-10-06,13.774012565612793,13.831886567989317,13.71613856323627,13.831886567989317,534100
1995-10-09,13.889764785766602,13.889764785766602,13.71614272594452,13.774016745885213,331900
1995-10-10,13.947638511657715,14.063386549098857,13.831890474216571,13.831890474216571,689300
1995-10-11,13.889764785766602,14.00551282564799,13.889764785766602,13.947638805707296,307500
1995-10-12,13.774012565612793,14.00550857511889,13.774012565612793,13.947634572742366,325000
1995-10-13,13.658259391784668,13.83188133320566,13.600385411311004,13.83188133320566,374000
1995-10-16,13.542510986328125,13.716132922050281,13.542510986328125,13.658258943476229,214400
1995-10-17,13.48464298248291,13.542516986699576,13.48464298248291,13.542516986699576,305100
1995-10-18,13.716143608093262,13.716143608093262,13.542521537104738,13.542521537104738,636600
1995-10-19,13.831888198852539,13.88976220805276,13.60039216205166,13.7161401804521,430700
1995-10-20,13.947638511657715,13.947638511657715,13.774016455496,13.831890474216571,526100
1995-10-23,13.947638511657715,14.063386549098857,13.831890474216571,13.889764492937143,472200
1995-10-24,14.005507469177246,14.005507469177246,13.88975947356421,14.005507469177246,403500
1995-10-25,14.121252059936523,14.121252059936523,13.947630108379926,14.005504092232124,564200
1995-10-26,14.121252059936523,14.179126043788722,14.063378076084325,14.063378076084325,579700
1995-10-27,13.889764785766602,14.00551282564799,13.774016745885213,13.947638805707296,1007500
1995-10-30,13.716143608093262,13.831891655418943,13.658269584430421,13.831891655418943,396800
1995-10-31,13.600393295288086,13.831889351378097,13.600393295288086,13.774015337355594,378300
1995-11-01,13.774012565612793,13.831886567989317,13.60039055848322,13.60039055848322,372500
1995-11-02,13.831888198852539,13.88976220805276,13.7161401804521,13.77401418965232,457100
1995-11-03,13.716143608093262,13.831891655418943,13.658269584430421,13.831891655418943,550400
1995-11-06,13.658259391784668,13.716133372258332,13.600385411311004,13.658259391784668,310200
1995-11-07,13.600393295288086,13.658267309310588,13.600393295288086,13.658267309310588,266500
1995-11-08,13.716143608093262,13.774017631756102,13.60039556076758,13.658269584430421,623500
1995-11-09,13.658259391784668,13.716133372258332,13.54251143083734,13.716133372258332,1092300
1995-11-10,13.48464298248291,13.658264995132905,13.426768978266246,13.60039099091624,1551100
1995-11-13,13.658259391784668,13.658259391784668,13.484637450363676,13.54251143083734,243700
1995-11-14,13.542510986328125,13.600384964902178,13.484637007754074,13.600384964902178,275700
1995-11-15,13.658259391784668,13.658259391784668,13.484637450363676,13.484637450363676,536100
1995-11-16,13.600393295288086,13.658267309310588,13.542519281265584,13.600393295288086,633500
1995-11-17,13.426766395568848,13.600388374821893,13.426766395568848,13.600388374821893,1479400
1995-11-20,13.253145217895508,13.831885183742473,13.253145217895508,13.426767207649597,847000
1995-11-21,13.253145217895508,13.253145217895508,13.079523228141417,13.253145217895508,897500
1995-11-22,12.905905723571777,13.195275807059934,12.790157690176514,13.195275807059934,781000
1995-11-24,12.848031997680664,12.963780033695805,12.848031997680664,12.905906015688235,212800
1995-11-27,12.963776588439941,13.021650591066905,12.790154580559049,12.905902585812978,678000
1995-11-28,12.848031997680664,12.963780033695805,12.732283961665523,12.905906015688235,543000
1995-11-29,12.616533279418945,12.848029302894522,12.616533279418945,12.848029302894522,626200
1995-11-30,12.73227596282959,12.790149944478815,12.558654017881913,12.674401981180365,982100
1995-12-01,12.790156364440918,12.9637783965374,12.73228235374209,12.73228235374209,497400
1995-12-04,12.848031997680664,12.905906015688235,12.732283961665523,12.790157979673094,775100
1995-12-05,12.963776588439941,13.137398596320834,12.790154580559049,12.848028583186013,445600
1995-12-06,12.905905723571777,13.07952777366467,12.848031706874146,12.848031706874146,655900
1995-12-07,12.73227596282959,12.905897907777266,12.73227596282959,12.790149944478815,447800
1995-12-08,12.790156364440918,12.905904385838573,12.73228235374209,12.73228235374209,500900
1995-12-11,12.905905723571777,12.963779740269409,12.790157690176514,12.848031706874146,782100
1995-12-12,13.137399673461914,13.137399673461914,12.905903643973598,12.905903643973598,1484600
1995-12-13,13.250470161437988,13.309361139933268,13.191579182942707,13.250470161437988,910600
1995-12-14,13.250470161437988,13.427143096923828,13.191579182942707,13.250470161437988,788900
1995-12-15,13.486034393310547,13.544925373194,13.30936145366019,13.368252433543642,1641600
1995-12-18,13.368253707885742,13.603817649874918,13.309362722388448,13.48603567888033,451300
1995-12-19,13.486034393310547,13.544925373194,13.191579493893286,13.250470473776739,456900
1995-12-20,13.014904022216797,13.368249832774719,13.014904022216797,13.368249832774719,964000
1995-12-21,13.132686614990234,13.191577586357905,13.073795643622566,13.132686614990234,1167600
1995-12-22,13.073793411254883,13.250466295190758,13.014902449942923,13.1915753338788,642900
1995-12-26,13.073793411254883,13.13268437256684,13.014902449942923,13.073793411254883,213300
1995-12-27,13.250470161437988,13.309361139933268,13.014906247456867,13.073797225952148,1042000
1995-12-28,13.368253707885742,13.48603567888033,13.191580751393861,13.250471736891154,402800
1995-12-29,13.368253707885742,13.427144693383037,13.250471736891154,13.368253707885742,382600
1996-01-02,13.309356689453125,13.368247648256016,13.250465730650236,13.368247648256016,402100
1996-01-03,13.309356689453125,13.368247648256016,13.250465730650236,13.309356689453125,369100
1996-01-04,13.309356689453125,13.309356689453125,13.073792854241566,13.250465730650236,1011400
1996-01-05,13.309356689453125,13.368247648256016,13.250465730650236,13.309356689453125,638400
1996-01-08,13.250470161437988,13.368252118428547,13.191579182942707,13.309361139933268,153300
1996-01-09,13.162129402160645,13.25046584110132,13.014902003926185,13.25046584110132,614800
1996-01-10,13.073793411254883,13.1915753338788,13.014902449942923,13.014902449942923,1181700
1996-01-11,12.956016540527344,13.073798509077593,12.838234571977095,13.073798509077593,1675200
1996-01-12,12.956016540527344,13.014907524802469,12.838234571977095,13.014907524802469,696200
1996-01-15,12.956016540527344,13.073798509077593,12.89712555625222,13.014907524802469,387000
1996-01-16,13.191576957702637,13.191576957702637,12.956013083457947,13.01490405201912,857000
1996-01-17,12.956016540527344,13.191580477627841,12.89712555625222,13.132689493352718,798000
1996-01-18,12.956016540527344,13.073798509077593,12.89712555625222,12.956016540527344,436400
1996-01-19,12.897127151489258,13.01490913460788,12.838236159929945,12.897127151489258,623800
1996-01-22,12.956016540527344,13.014907524802469,12.779343587701971,12.89712555625222,1036400
1996-01-23,12.838236808776855,12.956018797848202,12.838236808776855,12.897127803312529,393000
1996-01-24,13.073793411254883,13.13268437256684,12.838229566007046,12.897120527319005,822900
1996-01-25,13.014904022216797,13.132685959069438,13.014904022216797,13.073794990643117,1068800
1996-01-26,13.073793411254883,13.073793411254883,12.897120527319005,12.897120527319005,692600
1996-01-29,13.014904022216797,13.132685959069438,12.897122085364156,13.014904022216797,258600
1996-01-30,12.897127151489258,13.01490913460788,12.897127151489258,13.01490913460788,259600
1996-01-31,13.073793411254883,13.073793411254883,12.838229566007046,12.897120527319005,635500
1996-02-01,12.897127151489258,13.073800126167193,12.838236159929945,13.073800126167193,411700
1996-02-02,12.838236808776855,12.956018797848202,12.77934581424118,12.897127803312529,311300
1996-02-05,12.897127151489258,12.897127151489258,12.720454176811323,12.720454176811323,429100
1996-02-06,13.014904022216797,13.014904022216797,12.779340148511515,12.779340148511515,511800
1996-02-07,13.014904022216797,13.132685959069438,12.956013053790477,13.014904022216797,560400
1996-02-08,12.897127151489258,13.01490913460788,12.779345168370634,12.956018143048569,490600
1996-02-09,12.897127151489258,13.01490913460788,12.838236159929945,12.897127151489258,536800
1996-02-12,12.897127151489258,13.01490913460788,12.897127151489258,12.956018143048569,496800
1996-02-13,12.602666854858398,13.014903621138814,12.602666854858398,12.956012654527326,845000
1996-02-14,12.48488712310791,12.838232985082662,12.367105169116327,12.661560054095286,902400
1996-02-15,12.602666854858398,12.602666854858398,12.367102988412446,12.484884921635423,962500
1996-02-16,12.543776512145996,12.602667481686588,12.425994573064813,12.543776512145996,971100
1996-02-20,12.24931812286377,12.484881932918842,12.24931812286377,12.425990980405073,989100
1996-02-21,12.24931812286377,12.484881932918842,12.24931812286377,12.308209075377537,1329800
1996-02-22,12.131536483764648,12.36710029898338,12.072645529959965,12.308209345178698,1335700
1996-02-23,12.190433502197266,12.30821546840207,12.072651535992462,12.249324485299667,598200
1996-02-26,11.954864501953125,12.131537376366225,11.895973543815424,12.131537376366225,650800
1996-02-27,12.131536483764648,12.190427437569332,11.9548636223506,11.9548636223506,1019400
1996-02-28,12.01375961303711,12.367105484008789,12.01375961303711,12.19043254852295,1063300
1996-02-29,12.072651863098145,12.190433832494223,11.660414970211866,12.013760878400104,556200
1996-03-01,12.072651863098145,12.131542847796185,11.954869893702066,12.131542847796185,556000
1996-03-04,12.24931812286377,12.308209075377537,12.013754312808697,12.072645265322464,534400
1996-03-05,12.308209419250488,12.367100373409581,12.190427510932302,12.190427510932302,1575500
1996-03-06,12.308209419250488,12.367100373409581,12.249318465091395,12.308209419250488,664300
1996-03-07,12.308209419250488,12.308209419250488,12.249318465091395,12.249318465091395,454500
1996-03-08,12.072651863098145,12.249324817192264,12.072651863098145,12.249324817192264,488900
1996-03-11,12.01375961303711,12.072650591532389,11.83708667755127,11.954868634541828,657900
1996-03-12,11.895977973937988,12.013759934075988,11.778196013799988,11.954868954006988,1457200
1996-03-13,11.831116676330566,11.951229535988745,11.771060246501477,11.951229535988745,961200
1996-03-14,11.771059036254883,11.891171883563606,11.71100261260052,11.831115459909244,1020700
1996-03-15,11.590889930725098,11.711002779748156,11.410720657190511,11.650946355236627,4226500
1996-03-18,12.0112886428833,12.311570858955383,11.711006426811219,11.711006426811219,1017000
1996-03-19,12.0112886428833,12.191457972526552,11.891175756454468,12.071345086097718,545800
1996-03-20,12.071338653564453,12.19145147598798,12.01128224235269,12.01128224235269,1512700
1996-03-21,12.131400108337402,12.19145654451729,11.951230799797738,12.071343672157514,695500
1996-03-22,12.19145393371582,12.251510357034618,12.131397510397024,12.19145393371582,458000
1996-03-25,12.251507759094238,12.37162058026183,12.191451348510443,12.37162058026183,434900
1996-03-26,12.251507759094238,12.311564169678034,12.131394937926649,12.191451348510443,917600
1996-03-27,12.19145393371582,12.251510357034618,12.131397510397024,12.19145393371582,393700
1996-03-28,11.771059036254883,12.01128473087233,11.530833341637436,12.01128473087233,1070500
1996-03-29,10.750101089477539,11.711003980157097,10.750101089477539,11.711003980157097,6238200
1996-04-01,10.870209693908691,10.930266101057358,10.750096879611357,10.750096879611357,2334700
1996-04-02,10.990331649780273,11.050388106882897,10.870218735575024,10.930275192677648,1960100
1996-04-03,11.170492172241211,11.230548581769389,10.990322943656675,10.990322943656675,1934100
1996-04-04,11.230549812316895,11.290606228425542,11.110436980099601,11.230549812316895,1309700
1996-04-08,11.110438346862793,11.170494770359348,10.990325499869682,11.050381923366237,2317500
1996-04-09,11.050383567810059,11.17049643267756,10.990327135376308,11.110440000243809,1230900
1996-04-10,11.050383567810059,11.110440000243809,10.990327135376308,11.050383567810059,1080200
1996-04-11,10.93027114868164,11.110440453330238,10.93027114868164,11.050384018447373,1258300
1996-04-12,10.990331649780273,11.110444563985522,10.930275192677648,10.990331649780273,959700
1996-04-15,10.810157775878906,11.050383504231771,10.810157775878906,11.050383504231771,1483500
1996-04-16,10.93027114868164,11.050384018447373,10.870214713798774,10.870214713798774,1465400
1996-04-17,10.990331649780273,11.050388106882897,10.930275192677648,10.930275192677648,921400
1996-04-18,10.870209693908691,10.990322508206024,10.810153286760023,10.990322508206024,1427700
1996-04-19,10.990331649780273,10.990331649780273,10.930275192677648,10.930275192677648,2071700
1996-04-22,10.93027114868164,11.050384018447373,10.810158278915909,11.050384018447373,1149200
1996-04-23,10.93027114868164,10.93027114868164,10.810158278915909,10.93027114868164,1548200
1996-04-24,10.810157775878906,10.930270640055339,10.75010134379069,10.930270640055339,1203700
1996-04-25,10.870209693908691,10.870209693908691,10.750096879611357,10.750096879611357,973100
1996-04-26,10.810157775878906,10.930270640055339,10.810157775878906,10.930270640055339,656600
1996-04-29,10.810157775878906,10.870214207967122,10.75010134379069,10.810157775878906,969600
1996-04-30,10.93027114868164,10.93027114868164,10.810158278915909,10.810158278915909,769200
1996-05-01,10.810157775878906,10.990327072143554,10.810157775878906,10.870214207967122,916500
1996-05-02,10.690046310424805,10.870215630263425,10.690046310424805,10.810159190317219,764800
1996-05-03,10.629985809326172,10.8101550603317,10.629985809326172,10.750098643329856,870000
1996-05-06,10.810157775878906,10.810157775878906,10.690044911702474,10.690044911702474,600200
1996-05-07,10.750101089477539,10.810157520145012,10.690044658810066,10.810157520145012,688100
1996-05-08,10.93027114868164,10.990327583564506,10.690045409150175,10.690045409150175,1088200
1996-05-09,10.810157775878906,10.930270640055339,10.690044911702474,10.870214207967122,1016100
1996-05-10,10.93027114868164,10.990327583564506,10.870214713798774,10.870214713798774,986300
1996-05-13,11.050383567810059,11.050383567810059,10.930270702942558,10.930270702942558,1045800
1996-05-14,10.990331649780273,11.230557478190772,10.990331649780273,10.990331649780273,777600
1996-05-15,10.990331649780273,11.050388106882897,10.870218735575024,10.990331649780273,690300
1996-05-16,10.810157775878906,10.930270640055339,10.810157775878906,10.870214207967122,795900
1996-05-17,10.93027114868164,10.93027114868164,10.810158278915909,10.870214713798774,653300
1996-05-20,10.810157775878906,10.930270640055339,10.810157775878906,10.870214207967122,800800
1996-05-21,10.810157775878906,10.870214207967122,10.75010134379069,10.810157775878906,732000
1996-05-22,10.870209693908691,10.930266101057358,10.750096879611357,10.750096879611357,1347900
1996-05-23,10.93027114868164,11.050384018447373,10.870214713798774,10.93027114868164,867900
1996-05-24,11.050383567810059,11.17049643267756,10.930270702942558,10.930270702942558,754200
1996-05-28,11.050383567810059,11.110440000243809,10.930270702942558,11.050383567810059,924100
1996-05-29,11.170492172241211,11.170492172241211,10.930266534128497,10.930266534128497,1723900
1996-05-30,11.170492172241211,11.230548581769389,11.050379353184853,11.170492172241211,760900
1996-05-31,11.170492172241211,11.230548581769389,11.050379353184853,11.170492172241211,455100
1996-06-03,11.170492172241211,11.170492172241211,10.990322943656675,11.050379353184853,860300
1996-06-04,11.110438346862793,11.290607617352459,11.110438346862793,11.170494770359348,663700
1996-06-05,11.290611267089844,11.290611267089844,11.050385495449634,11.110441938359687,664700
1996-06-06,11.350666046142578,11.350666046142578,11.170496743822854,11.230553177929428,726900
1996-06-07,11.170492172241211,11.230548581769389,11.050379353184853,11.110435762713033,842600
1996-06-10,11.230549812316895,11.230549812316895,11.170493396208249,11.230549812316895,376000
1996-06-11,11.350666046142578,11.410722480249152,11.230553177929428,11.230553177929428,2212000
1996-06-12,11.161774635314941,11.345759931501451,11.161774635314941,11.28443149943928,3465700
1996-06-13,11.223100662231445,11.284429081150742,11.161772243312148,11.161772243312148,1459500
1996-06-14,11.223100662231445,11.284429081150742,11.161772243312148,11.223100662231445,1172700
1996-06-17,11.161774635314941,11.28443149943928,11.161774635314941,11.223103067377112,976900
1996-06-18,11.039122581481934,11.223107957839966,10.977794122695924,11.161779499053955,1575900
1996-06-19,11.039122581481934,11.039122581481934,10.916465663909912,10.977794122695924,1542700
1996-06-20,10.916460990905762,11.100446288505296,10.916460990905762,11.039117855972119,1243500
1996-06-21,11.100445747375488,11.100445747375488,10.916460458744956,10.977788888288465,1258500
1996-06-24,10.916460990905762,11.100446288505296,10.916460990905762,11.039117855972119,763000
1996-06-25,10.793805122375488,10.977790436961435,10.793805122375488,10.977790436961435,734000
1996-06-26,11.039122581481934,11.100451040267945,10.793808746337891,10.793808746337891,770400
1996-06-27,11.161774635314941,11.161774635314941,10.548490314693241,11.039117771190602,886800
1996-06-28,11.40708065032959,11.46840904092276,11.10043869736374,11.16176708795691,1018100
1996-07-01,11.284432411193848,11.407089285228563,11.284432411193848,11.407089285228563,412400
1996-07-02,11.284432411193848,11.345760848211205,11.223103974176489,11.345760848211205,926800
1996-07-03,11.161774635314941,11.28443149943928,11.039117771190602,11.223103067377112,1114300
1996-07-05,10.916460990905762,11.100446288505296,10.916460990905762,11.100446288505296,520400
1996-07-08,10.916460990905762,10.97778942343894,10.855132558372583,10.916460990905762,648200
1996-07-09,10.916460990905762,11.039117855972119,10.855132558372583,10.916460990905762,635800
1996-07-10,10.793805122375488,10.977790436961435,10.793805122375488,10.916461998766119,841600
1996-07-11,10.671147346496582,10.855132645574109,10.60981891347074,10.793804212548267,1977500
1996-07-12,10.855134010314941,10.855134010314941,10.671148688106214,10.671148688106214,1051400
1996-07-15,10.732478141784668,10.855135034833635,10.732478141784668,10.855135034833635,782800
1996-07-16,10.732478141784668,10.855135034833635,10.6098212487357,10.793806588309153,1046100
1996-07-17,10.732478141784668,10.855135034833635,10.671149695260185,10.793806588309153,712500
1996-07-18,10.671147346496582,10.732475779522424,10.548490480444897,10.732475779522424,745300
1996-07-19,10.364503860473633,10.671145986523149,10.364503860473633,10.609817561313244,728500
1996-07-22,10.303177833557129,10.487163152013506,10.24184939407167,10.425834712528047,1010800
1996-07-23,10.119193077087402,10.364506848653157,10.119193077087402,10.303178405761718,947400
1996-07-24,10.057857513427734,10.119185912899855,9.935200714483495,10.057857513427734,1091500
1996-07-25,9.96587085723877,10.119191947350135,9.935206639216497,10.05786351130559,1378000
1996-07-26,9.873875617980957,10.057860877943336,9.873875617980957,10.057860877943336,661500
1996-07-29,9.689891815185547,9.935205532025687,9.689891815185547,9.873877102815651,1027300
1996-07-30,9.628565788269043,9.751222677291578,9.567237343757775,9.751222677291578,772000
1996-07-31,9.689891815185547,9.751220244395581,9.62856338597551,9.689891815185547,606900
1996-08-01,9.873875617980957,10.119189297930795,9.689890358018578,9.751218778006038,933700
1996-08-02,9.935203552246094,10.180517220202788,9.935203552246094,10.05786038622444,691100
1996-08-05,9.873875617980957,9.996532457955876,9.812547197993498,9.996532457955876,404600
1996-08-06,9.812546730041504,9.873875147104263,9.720554104447364,9.812546730041504,777800
1996-08-07,9.873875617980957,9.935204037968417,9.812547197993498,9.935204037968417,534500
1996-08-08,9.873875617980957,9.935204037968417,9.812547197993498,9.812547197993498,370400
1996-08-09,9.873875617980957,9.935204037968417,9.812547197993498,9.873875617980957,426600
1996-08-12,9.812546730041504,9.935203564167022,9.812546730041504,9.873875147104263,427800
1996-08-13,9.812546730041504,9.873875147104263,9.812546730041504,9.812546730041504,370900
1996-08-14,9.812546730041504,9.873875147104263,9.812546730041504,9.812546730041504,585800
1996-08-15,9.812546730041504,9.873875147104263,9.812546730041504,9.812546730041504,373000
1996-08-16,9.812546730041504,9.873875147104263,9.751218312978745,9.873875147104263,1972900
1996-08-19,9.751215934753418,9.812544336858785,9.68988753264805,9.812544336858785,569200
1996-08-20,9.812546730041504,9.873875147104263,9.751218312978745,9.751218312978745,746700
1996-08-21,9.812546730041504,9.873875147104263,9.812546730041504,9.812546730041504,716800
1996-08-22,9.935203552246094,9.935203552246094,9.812546718267747,9.812546718267747,463900
1996-08-23,10.180519104003906,10.24184753234128,9.873876962317041,9.873876962317041,1827500
1996-08-26,10.609814643859863,10.609814643859863,10.30317260212981,10.30317260212981,1246000
1996-08-27,10.732478141784668,10.732478141784668,10.671149695260185,10.671149695260185,505700
1996-08-28,11.100445747375488,11.22310260646251,10.732475170114421,10.732475170114421,2328400
1996-08-29,11.345758438110352,11.713728982049066,11.10044474215121,11.161773166140994,1906300
1996-08-30,11.100445747375488,11.22310260646251,11.100445747375488,11.22310260646251,1165500
1996-09-03,11.284432411193848,11.284432411193848,10.977790226107057,11.161775537159132,1219700
1996-09-04,11.161774635314941,11.345759931501451,11.10044620325277,11.28443149943928,1562500
1996-09-05,10.977787017822266,11.100443856010225,10.916458598728287,11.039115436916244,578500
1996-09-06,10.855134010314941,10.977790891787427,10.793805569578698,10.916462451051183,554200
1996-09-09,10.916460990905762,10.97778942343894,10.793804125839404,10.916460990905762,666400
1996-09-10,10.916460990905762,10.916460990905762,10.793804125839404,10.916460990905762,686500
1996-09-11,10.732478141784668,10.855135034833635,10.732478141784668,10.793806588309153,1618800
1996-09-12,10.727458000183105,10.915659017730178,10.727458000183105,10.790191672698796,1081400
1996-09-13,10.915658950805664,10.978392622936731,10.852925278674597,10.852925278674597,701600
1996-09-16,11.041126251220703,11.041126251220701,10.852925235574894,10.91565890745683,649100
1996-09-17,10.978395462036133,11.041129150390624,10.852928085327147,11.041129150390624,485000
1996-09-18,10.852920532226562,10.978387821616465,10.852920532226562,10.978387821616465,411200
1996-09-19,10.852920532226562,10.915654176921514,10.790186887531611,10.790186887531611,430700
1996-09-20,10.79018783569336,10.915655136108398,10.79018783569336,10.915655136108398,902100
1996-09-23,10.852920532226562,10.852920532226562,10.790186887531611,10.852920532226562,681400
1996-09-24,10.915658950805664,10.915658950805664,10.79019160654353,10.79019160654353,733300
1996-09-25,10.79018783569336,10.915655136108398,10.79018783569336,10.915655136108398,389400
1996-09-26,10.727458000183105,10.852925345214487,10.727458000183105,10.852925345214487,589000
1996-09-27,10.852920532226562,10.915654176921514,10.664719598141708,10.72745324283666,793100
1996-09-30,10.915658950805664,10.915658950805664,10.79019160654353,10.852925278674597,716500
1996-10-01,11.041126251220703,11.103859923102638,10.852925235574894,10.852925235574894,1258500
1996-10-02,11.229325294494629,11.22932529449463,11.041124311905335,11.041124311905335,1024000
1996-10-03,11.166593551635742,11.229327223274145,11.166593551635742,11.166593551635742,479900
1996-10-04,11.166593551635742,11.292060894912549,11.103859879997339,11.229327223274145,663500
1996-10-07,11.103859901428223,11.229327244947186,11.041126229668741,11.166593573187704,493500
1996-10-08,11.166593551635742,11.166593551635742,11.009759372539735,11.041126208358936,863000
1996-10-09,11.103859901428223,11.166593573187704,11.103859901428223,11.103859901428223,1031100
1996-10-10,11.229325294494629,11.292058955357728,11.103857972768433,11.166591633631532,1722700
1996-10-11,11.354793548583984,11.41752721459826,11.229326216555432,11.292059882569708,773800
1996-10-14,11.66845417022705,11.731187794798164,11.48025329651371,11.48025329651371,1130100
1996-10-15,11.98212718963623,11.98212718963623,11.793926239013672,11.793926239013672,1909500
1996-10-16,11.856659889221191,11.98212718963623,11.605725288391113,11.98212718963623,1079100
1996-10-17,11.66845417022705,11.856655043940389,11.66845417022705,11.793921419369276,2852000
1996-10-18,11.480259895324707,11.668460877215278,11.480259895324709,11.668460877215278,3175500
1996-10-21,11.480259895324707,11.480259895324709,10.915656949653002,11.417526234694519,2635400
1996-10-22,11.66845417022705,11.66845417022705,11.417519671942598,11.48025329651371,1376500
1996-10-23,11.60572624206543,11.668459897427946,11.542992586702914,11.60572624206543,1422700
1996-10-24,11.66845417022705,11.793921419369276,11.605720545655936,11.605720545655936,1086700
1996-10-25,11.66845417022705,11.793921419369276,11.66845417022705,11.66845417022705,1577600
1996-10-28,11.66845417022705,11.793921419369276,11.66845417022705,11.66845417022705,1226100
1996-10-29,11.66845417022705,11.793921419369276,11.605720545655936,11.66845417022705,1101300
1996-10-30,11.66845417022705,11.793921419369276,11.66845417022705,11.731187794798164,1693200
1996-10-31,11.731194496154785,11.79392815656203,11.668460835747542,11.668460835747542,1174100
1996-11-01,11.731194496154785,11.856661816969275,11.731194496154787,11.79392815656203,519000
1996-11-04,11.731194496154785,11.79392815656203,11.668460835747542,11.731194496154787,967400
1996-11-05,11.856659889221191,11.919393539428711,11.731192588806152,11.731192588806152,1078700
1996-11-06,12.0448637008667,12.0448637008667,11.793929040431976,11.856662705540657,895800
1996-11-07,11.919393539428711,12.04486083984375,11.919393539428711,11.919393539428711,788000
1996-11-08,11.919393539428711,11.919393539428711,11.793926239013672,11.856659889221191,685800
1996-11-11,11.919393539428711,12.04486083984375,11.856659889221191,11.856659889221191,619800
1996-11-12,11.919393539428711,11.98212718963623,11.919393539428711,11.98212718963623,549300
1996-11-13,12.107597351074219,12.170331016105692,11.919396355979801,11.919396355979801,2354600
1996-11-14,12.0448637008667,12.17033103108406,12.0448637008667,12.10759736597538,479100
1996-11-15,11.98212718963623,12.170328140258789,11.856659889221191,12.10759449005127,806000
1996-11-18,11.919393539428711,11.98212718963623,11.856659889221191,11.919393539428711,497400
1996-11-19,12.0448637008667,12.0448637008667,11.919396370649338,11.919396370649338,769500
1996-11-20,11.98212718963623,11.98212718963623,11.919393539428711,11.98212718963623,703300
1996-11-21,11.919393539428711,12.04486083984375,11.919393539428711,11.98212718963623,820500
1996-11-22,11.919393539428711,12.04486083984375,11.919393539428711,11.98212718963623,1014900
1996-11-25,11.919393539428711,11.98212718963623,11.856659889221191,11.919393539428711,567800
1996-11-26,12.0448637008667,12.0448637008667,11.919396370649338,11.919396370649338,802400
1996-11-27,12.0448637008667,12.0448637008667,11.919396370649338,12.0448637008667,489300
1996-11-29,12.107597351074219,12.107597351074219,11.982130021011274,12.044863686042746,327000
1996-12-02,12.107597351074219,12.107597351074219,11.982130021011274,12.044863686042746,526100
1996-12-03,11.98212718963623,12.170328140258789,11.919393539428711,12.04486083984375,1229000
1996-12-04,12.107597351074219,12.107597351074219,11.919396355979801,11.982130021011274,585600
1996-12-05,11.98212718963623,12.04486083984375,11.919393539428711,11.98212718963623,874200
1996-12-06,11.98212718963623,12.04486083984375,11.919393539428711,11.98212718963623,792700
1996-12-09,12.107597351074219,12.107597351074219,11.982130021011274,11.982130021011274,725700
1996-12-10,11.856659889221191,12.10759449005127,11.856659889221191,11.98212718963623,756000
1996-12-11,11.731194496154785,11.856661816969275,11.731194496154787,11.79392815656203,693200
1996-12-12,11.69306468963623,11.820163218871407,11.69306468963623,11.756613954253819,2242200
1996-12-13,11.565963745117188,11.629512996463985,11.565963745117188,11.565963745117188,718600
1996-12-16,11.438871383666992,11.629519240061443,11.438871383666992,11.565969954596627,1628800
1996-12-17,11.311768531799316,11.438867054628522,11.248219270384714,11.311768531799316,1211400
1996-12-18,11.438871383666992,11.438871383666992,11.31177281273736,11.31177281273736,569500
1996-12-19,11.69306468963623,11.756613954253819,11.438867631165879,11.502416895783465,766100
1996-12-20,11.629517555236816,12.074362489043688,11.629517555236816,12.074362489043688,2258700
1996-12-23,10.99402141571045,11.184669185925081,10.866922902234027,11.184669185925081,6878700
1996-12-24,10.930474281311035,11.057572819465815,10.866925012233645,11.057572819465815,1221900
1996-12-26,10.80337142944336,11.057568404253791,10.739822185740751,10.994019160551183,809600
1996-12-27,10.866926193237305,10.930475469221149,10.80337691725346,10.80337691725346,617700
1996-12-30,10.80337142944336,10.994019160551183,10.803371429443358,10.930469916848574,4246000
1996-12-31,10.676277160644531,10.803375698271251,10.61272789183117,10.803375698271251,862800
1997-01-02,10.739826202392578,10.866924737332136,10.61272766745302,10.803375469862356,1096800
1997-01-03,10.866926193237305,10.930475469221149,10.80337691725346,10.80337691725346,712600
1997-01-06,10.99402141571045,11.057570672448659,10.930472158972238,10.930472158972238,873500
1997-01-07,10.99402141571045,11.057570672448659,10.866922902234027,10.930472158972238,1503700
1997-01-08,10.930474281311035,11.057572819465815,10.930474281311035,10.994023550388425,772900
1997-01-09,11.184670448303223,11.184670448303223,10.930473392659968,10.994022656570781,1718300
1997-01-10,11.121126174926758,11.121126174926756,10.99402759007045,10.99402759007045,694700
1997-01-13,11.121126174926758,11.184675467354909,11.057576882498603,11.121126174926756,1194500
1997-01-14,11.121126174926758,11.121126174926756,10.99402759007045,11.121126174926756,1800300
1997-01-15,11.248218536376953,11.248218536376953,11.057570764573954,11.184669279109286,1707300
1997-01-16,11.184670448303223,11.248219712214036,11.12112118439241,11.184670448303223,867600
1997-01-17,11.121126174926758,11.184675467354909,11.121126174926756,11.121126174926756,722000
1997-01-20,11.057572364807129,11.121121631271537,10.99402309834272,11.121121631271537,547400
1997-01-21,10.930474281311035,11.057572819465815,10.930474281311035,10.994023550388425,695200
1997-01-22,11.248218536376953,11.31176779364462,10.93047225003862,10.93047225003862,2110200
1997-01-23,11.248218536376953,11.502415565447619,11.184669279109286,11.31176779364462,2054600
1997-01-24,11.375316619873047,11.438865874732674,11.248218110153797,11.375316619873049,2697300
1997-01-27,11.50241470336914,11.565963955873942,11.375316198359537,11.375316198359537,3124400
1997-01-28,11.565963745117188,11.693062247810783,11.565963745117188,11.565963745117188,1916300
1997-01-29,11.565963745117188,11.629512996463985,11.565963745117188,11.565963745117188,914400
1997-01-30,11.565963745117188,11.629512996463985,11.50241449377039,11.629512996463985,823400
1997-01-31,11.629517555236816,11.629517555236816,11.56596827897869,11.629517555236816,758900
1997-02-03,11.565963745117188,11.629512996463985,11.438865242423592,11.438865242423592,792400
1997-02-04,11.565963745117188,11.629512996463985,11.565963745117188,11.565963745117188,357600
1997-02-05,11.50241470336914,11.629513208378745,11.375316198359537,11.565963955873942,1079600
1997-02-06,11.565963745117188,11.565963745117188,11.438865242423592,11.50241449377039,2553600
1997-02-07,11.565963745117188,11.629512996463985,11.50241449377039,11.565963745117188,946400
1997-02-10,11.50241470336914,11.629513208378745,11.50241470336914,11.565963955873942,2005900
1997-02-11,11.629517555236816,11.629517555236816,11.502419002720567,11.56596827897869,1895800
1997-02-12,11.883712768554688,11.883712768554688,11.56596643784467,11.56596643784467,2348600
1997-02-13,11.82016372680664,11.883712994155063,11.756614459458218,11.82016372680664,2437600
1997-02-14,11.69306468963623,11.820163218871407,11.69306468963623,11.820163218871407,574800
1997-02-18,11.629517555236816,11.69306683149494,11.56596827897869,11.69306683149494,327500
1997-02-19,11.565963745117188,11.629512996463985,11.565963745117188,11.565963745117188,352700
1997-02-20,11.375316619873047,11.565964384451926,11.248218110153797,11.5024151295923,4151200
1997-02-21,11.438871383666992,11.50242066913181,11.31177281273736,11.375322098202176,3021600
1997-02-24,11.629517555236816,11.629517555236816,11.375320450204317,11.375320450204317,822800
1997-02-25,11.565963745117188,11.629512996463985,11.50241449377039,11.565963745117188,652400
1997-02-26,11.50241470336914,11.565963955873942,11.43886545086434,11.50241470336914,458300
1997-02-27,11.565963745117188,11.565963745117188,11.50241449377039,11.50241449377039,878900
1997-02-28,11.69306468963623,11.69306468963623,11.438867631165879,11.502416895783465,1475200
1997-03-03,11.50241470336914,11.629513208378745,11.43886545086434,11.565963955873942,964500
1997-03-04,11.438871383666992,11.565969954596627,11.375322098202176,11.50242066913181,1829100
1997-03-05,11.438871383666992,11.438871383666992,11.31177281273736,11.375322098202176,1513900
1997-03-06,11.438871383666992,11.438871383666992,11.31177281273736,11.375322098202176,991100
1997-03-07,11.438871383666992,11.50242066913181,11.375322098202176,11.438871383666992,733300
1997-03-10,11.565963745117188,11.565963745117188,11.438865242423592,11.438865242423592,555100
1997-03-11,11.69306468963623,11.756613954253819,11.502416895783465,11.502416895783465,3246700
1997-03-12,11.847602844238281,11.911991990130879,11.590046260667883,11.654435406560482,1688500
1997-03-13,11.847602844238281,11.911991990130879,11.783213698345682,11.783213698345682,2119700
1997-03-14,11.976378440856934,11.976378440856932,11.783211046649562,11.783211046649562,798800
1997-03-17,12.040766716003418,12.040766716003418,11.911988462356323,11.911988462356323,1042200
1997-03-18,11.976378440856934,12.040767572259389,11.911989309454476,11.976378440856932,705200
1997-03-19,12.169548988342285,12.169548988342285,11.976381544082884,11.976381544082884,958900
1997-03-20,12.040766716003418,12.233934096474062,12.040766716003418,12.105155842826967,2987000
1997-03-21,12.23393726348877,12.233937263488768,12.105158976504676,12.169548119996723,1139900
1997-03-24,12.298321723937988,12.362710842911486,12.169543485990994,12.23393260496449,910600
1997-03-25,12.23393726348877,12.491493837456954,12.233937263488768,12.36271555047286,1333500
1997-03-26,12.23393726348877,12.36271555047286,12.233937263488768,12.298326406980815,701700
1997-03-27,11.976378440856934,12.233934966466759,11.911989309454476,12.233934966466759,4467100
1997-03-31,12.105155944824219,12.169545072190306,11.976377690092047,11.976377690092047,918200
1997-04-01,12.105155944824219,12.10515594482422,11.976377690092047,12.040766817458135,575200
1997-04-02,12.040766716003418,12.040766716003418,11.944183025768098,12.040766716003418,601700
1997-04-03,11.911985397338867,11.976374507594754,11.71881806657121,11.976374507594754,1656500
1997-04-04,11.847602844238281,11.847602844238281,11.718824552453082,11.718824552453082,771000
1997-04-07,11.783207893371582,11.847597007543012,11.783207893371582,11.847597007543012,477200
1997-04-08,11.976378440856934,11.976378440856932,11.783211046649562,11.783211046649562,715900
1997-04-09,12.040766716003418,12.040766716003418,11.911988462356323,11.97637758917987,784000
1997-04-10,12.23393726348877,12.298326406980815,11.976380689520584,12.04076983301263,1595200
1997-04-11,12.040766716003418,12.266128659885835,12.040766716003418,12.169544969650515,1610000
1997-04-14,11.911985397338867,12.105152728106525,11.911985397338867,12.040763617850638,808600
1997-04-15,11.976378440856934,12.105156703661846,11.976378440856932,12.040767572259389,1394200
1997-04-16,12.23393726348877,12.233937263488768,11.976380689520584,12.04076983301263,832700
1997-04-17,12.23393726348877,12.298326406980815,12.169548119996723,12.233937263488768,1424200
1997-04-18,12.23393726348877,12.298326406980815,12.169548119996723,12.233937263488768,1539500
1997-04-21,12.169548988342285,12.233938136428753,12.040770692169351,12.233938136428753,619200
1997-04-22,12.105155944824219,12.169545072190306,12.040766817458135,12.10515594482422,778000
1997-04-23,12.169548988342285,12.233938136428753,12.040770692169351,12.169548988342285,872400
1997-04-24,11.847602844238281,12.169548573701277,11.847602844238281,12.105159427808678,556100
1997-04-25,11.911985397338867,11.976374507594754,11.847596287082983,11.847596287082983,755000
1997-04-28,12.105155944824219,12.169545072190306,11.911988562725961,11.976377690092047,703600
1997-04-29,12.427104949951172,12.427104949951172,12.233937515495972,12.298326660314373,906900
1997-04-30,12.362714767456055,12.427103906869888,12.169547349214554,12.362714767456055,1234700
1997-05-01,12.362714767456055,12.427103906869888,12.233936488628387,12.298325628042221,637600
1997-05-02,12.491491317749023,12.555880448252884,12.29832392623744,12.3627130567413,644400
1997-05-05,12.620270729064941,12.684659865437723,12.491492456319381,12.491492456319381,1955700
1997-05-06,12.877827644348145,12.877827644348145,12.62027109146118,12.62027109146118,2410800
1997-05-07,12.491491317749023,12.813436970268327,12.491491317749023,12.813436970268327,1359500
1997-05-08,12.491491317749023,12.620269578756744,12.29832392623744,12.3627130567413,899900
1997-05-09,12.362714767456055,12.62027132511139,12.362714767456055,12.555882185697556,781700
1997-05-12,12.298321723937988,12.427099961884982,12.298321723937988,12.362710842911486,537300
1997-05-13,12.105155944824219,12.298323326922478,12.10515594482422,12.298323326922478,495500
1997-05-14,12.23393726348877,12.298326406980815,12.105158976504676,12.169548119996723,814400
1997-05-15,12.105155944824219,12.233934199556392,12.10515594482422,12.233934199556392,448300
1997-05-16,11.911985397338867,12.233930948618296,11.783207176827096,12.169541838362411,1100300
1997-05-19,12.105155944824219,12.10515594482422,11.847599435359875,11.911988562725961,721100
1997-05-20,11.847602844238281,12.105159427808678,11.847602844238281,12.105159427808678,998800
1997-05-21,11.847602844238281,11.976381136023479,11.332489677097486,11.847602844238281,1692300
1997-05-22,11.590043067932129,11.911988708708023,11.525653939776952,11.911988708708023,1274500
1997-05-23,11.71882152557373,11.783210654835123,11.590043267050941,11.590043267050941,870900
1997-05-27,11.590043067932129,11.654432196087308,11.525653939776952,11.590043067932129,1065000
1997-05-28,11.71882152557373,11.718821525573729,11.525654137789546,11.590043267050941,494400
1997-05-29,11.71882152557373,11.783210654835123,11.654432396312336,11.718821525573729,360800
1997-05-30,11.911985397338867,11.976374507594754,11.590039846059438,11.590039846059438,573400
1997-06-02,11.911985397338867,12.040763617850638,11.847596287082983,11.976374507594754,569600
1997-06-03,12.040766716003418,12.105155842826967,11.911988462356323,11.911988462356323,490900
1997-06-04,11.911985397338867,11.976374507594754,11.847596287082983,11.911985397338867,1384700
1997-06-05,11.911985397338867,11.976374507594754,11.847596287082983,11.911985397338867,1012500
1997-06-06,12.040766716003418,12.040766716003418,11.847599335532776,11.847599335532776,1077800
1997-06-09,12.105155944824219,12.10515594482422,11.976377690092047,12.040766817458135,965100
1997-06-10,12.105155944824219,12.10515594482422,12.040766817458135,12.10515594482422,597900
1997-06-11,12.040766716003418,12.169544969650515,12.040766716003418,12.105155842826967,990500
1997-06-12,12.262530326843262,12.262530326843262,12.066851651414913,12.19730410170048,2761200
1997-06-13,12.197312355041504,12.327764893598097,12.197312355041502,12.262538624319799,1235200
1997-06-16,12.197312355041504,12.262538624319799,12.132086085763206,12.197312355041502,782300
1997-06-17,12.39299201965332,12.39299201965332,12.132086924502724,12.132086924502724,840800
1997-06-18,12.327762603759766,12.523441375248016,12.262536346597017,12.327762603759766,1392800
1997-06-19,12.327762603759766,12.392988860922516,12.262536346597017,12.327762603759766,1466100
1997-06-20,12.458212852478027,12.523439097778962,12.327760361876164,12.392986607177097,1172300
1997-06-23,12.327762603759766,12.523441375248016,12.327762603759766,12.458215118085267,739300
1997-06-24,12.39299201965332,12.425605156547146,12.327765745865673,12.39299201965332,511800
1997-06-25,12.556053161621094,12.621279411811333,12.392987536145496,12.392987536145496,1013200
1997-06-26,12.490828514099121,12.588667901938017,12.425602255539857,12.523441643378753,1098200
1997-06-27,12.588667869567871,12.621280998763643,12.490828481980557,12.523441611176327,431200
1997-06-30,12.653895378112793,12.653895378112793,12.523442848441528,12.621282245694978,621000
1997-07-01,12.653895378112793,12.849574172619693,12.621282245694978,12.751734775366243,976600
1997-07-02,12.914801597595215,12.914801597595215,12.686509650162977,12.71912278551044,502200
1997-07-03,12.98003101348877,13.012644156738741,12.947417870238798,13.012644156738741,393100
1997-07-07,12.784345626831055,13.012637513024467,12.751732500231997,12.98002438642541,1385800
1997-07-08,12.849573135375977,12.882186265161195,12.78434687580554,12.78434687580554,551100
1997-07-09,12.719118118286133,12.914796858567458,12.52343937800481,12.849570611807017,882100
1997-07-10,12.653895378112793,12.78434790778406,12.653895378112793,12.719121642948426,778100
1997-07-11,12.653895378112793,12.719121642948426,12.621282245694978,12.653895378112793,847200
1997-07-14,12.719118118286133,12.784344365046575,12.621278748145471,12.621278748145471,673700
1997-07-15,12.849573135375977,12.882186265161195,12.719120616235104,12.751733746020323,1116300
1997-07-16,12.849573135375977,12.914799394946414,12.816960005590758,12.849573135375977,1499600
1997-07-17,12.784345626831055,12.882185006628232,12.751732500231997,12.816958753430114,1413600
1997-07-18,12.621283531188965,12.784349209886496,12.588670395449459,12.784349209886496,1612300
1997-07-21,12.523444175720215,12.6538967192173,12.523444175720215,12.621283583343029,959500
1997-07-22,12.458212852478027,12.556052220429427,12.425599729827562,12.556052220429427,895200
1997-07-23,12.39299201965332,12.490831430334795,12.360378882759496,12.45821829344097,946900
1997-07-24,12.4256010055542,12.45821413155303,12.36037475355654,12.36037475355654,629800
1997-07-25,12.39299201965332,12.45821829344097,12.360378882759496,12.39299201965332,743900
1997-07-28,12.523444175720215,12.556057311594486,12.39299163222313,12.39299163222313,740200
1997-07-29,12.719118118286133,12.751731241666354,12.52343937800481,12.52343937800481,809200
1997-07-30,12.784345626831055,12.784345626831056,12.68650624703388,12.68650624703388,809600
1997-07-31,12.947413444519043,12.980026576621107,12.784347784008729,12.784347784008729,1629400
1997-08-01,12.849573135375977,12.914799394946414,12.588668097094232,12.914799394946414,1404100
1997-08-04,12.784345626831055,12.849571880029174,12.68650624703388,12.849571880029174,3493500
1997-08-05,12.68651008605957,12.78434949546363,12.653896949591552,12.751736358995611,4492000
1997-08-06,12.588667869567871,12.653894127959415,12.458215352784785,12.653894127959415,1475300
1997-08-07,12.556053161621094,12.719118787096692,12.556053161621094,12.588666286716213,2249000
1997-08-08,12.490828514099121,12.588667901938017,12.45821538481949,12.556054772658385,1412800
1997-08-11,12.556053161621094,12.653892536906453,12.490826911430855,12.490826911430855,4643000
1997-08-12,12.556053161621094,12.621279411811333,12.523440036525974,12.556053161621094,1594800
1997-08-13,12.458212852478027,12.62127846573036,12.45821285247803,12.62127846573036,1346200
1997-08-14,12.490828514099121,12.523441643378753,12.392989126260224,12.45821538481949,1228800
1997-08-15,12.327762603759766,12.490828246666641,12.327762603759766,12.458215118085267,1097700
1997-08-18,12.458212852478027,12.45821285247803,12.327760361876164,12.327760361876164,1022000
1997-08-19,12.490828514099121,12.490828514099121,12.360375996980592,12.425602255539857,611500
1997-08-20,12.523444175720215,12.588670447468758,12.490831039845943,12.523444175720215,780600
1997-08-21,12.295147895812988,12.523439766557527,12.295147895812988,12.523439766557527,1184400
1997-08-22,12.39299201965332,12.39299201965332,12.229926335184198,12.229926335184198,1280000
1997-08-25,12.262530326843262,12.42559588970022,12.229917214271872,12.392982777128829,1290800
1997-08-26,12.262530326843262,12.262530326843262,12.164690989129088,12.229917214271872,821000
1997-08-27,12.295147895812988,12.327761020205065,12.229921647028835,12.229921647028835,636600
1997-08-28,12.229923248291016,12.360375762939452,12.229923248291014,12.262536376953124,499500
1997-08-29,12.066859245300293,12.295151176968137,12.066859245300293,12.229924910777324,1313200
1997-09-02,12.197312355041504,12.262538624319799,12.066859816484909,12.066859816484909,719400
1997-09-03,12.262530326843262,12.360369664557437,12.164690989129088,12.19730410170048,1036100
1997-09-04,12.458212852478027,12.490825975128494,12.327760361876164,12.327760361876164,585900
1997-09-05,12.327762603759766,12.523441375248016,12.327762603759766,12.490828246666641,536400
1997-09-08,12.39299201965332,12.490831430334795,12.360378882759496,12.360378882759496,262000
1997-09-09,12.588667869567871,12.588667869567871,12.36037596519747,12.392989094393242,609000
1997-09-10,12.556053161621094,12.653892536906453,12.523440036525974,12.523440036525974,785900
1997-09-11,12.483399391174316,12.516424257288534,12.384324792831663,12.384324792831663,724600
1997-09-12,12.615499496459961,12.68154923204352,12.45037515750106,12.45037515750106,848700
1997-09-15,12.714574813842773,12.747599683489117,12.516425595964703,12.516425595964703,757200
1997-09-16,12.780627250671387,12.81365212728811,12.681552620821222,12.780627250671388,1013300
1997-09-17,12.648523330688477,12.879697386340746,12.615498465595294,12.813647656154384,711100
1997-09-18,12.648523330688477,12.747597925968021,12.615498465595294,12.681548195781659,591900
1997-09-19,12.615499496459961,12.64852436425174,12.549449760876401,12.615499496459961,677000
1997-09-22,12.615499496459961,12.68154923204352,12.58247462866818,12.615499496459961,369800
1997-09-23,12.615499496459961,12.74759896762708,12.58247462866818,12.58247462866818,764500
1997-09-24,12.450373649597168,12.681547696141411,12.417348785805132,12.615497968557342,963300
1997-09-25,12.0871000289917,12.417348663663603,12.0871000289917,12.384323800196412,1270700
1997-09-26,12.054075241088867,12.28524928680838,12.021050377414651,12.219199559459947,1017300
1997-09-29,12.054075241088867,12.087100104763083,12.021050377414651,12.021050377414651,1552600
1997-09-30,12.252226829528809,12.318276569849719,11.988027868245169,12.021052738405624,683200
1997-10-01,12.417346000671387,12.516420569825682,12.28524657513233,12.28524657513233,780400
1997-10-02,12.516422271728516,12.615496854354335,12.35129796735215,12.417347689102696,573300
1997-10-03,12.318276405334473,12.714574841967217,12.285251535615076,12.681549972247822,768000
1997-10-06,12.285249710083008,12.549448628579416,12.285249710083008,12.417349169331212,446400
1997-10-07,12.351301193237305,12.384326062737939,12.285251454236036,12.285251454236036,532200
1997-10-08,12.252226829528809,12.318276569849719,12.219201959368354,12.285251699689264,980400
1997-10-09,12.285249710083008,12.351299439707109,12.153150250834802,12.186175115646854,600300
1997-10-10,12.318276405334473,12.351301275053867,12.153152056737495,12.153152056737495,623600
1997-10-13,12.351301193237305,12.384326062737939,12.31827632373667,12.384326062737939,183200
1997-10-14,12.351301193237305,12.483400671239842,12.285251454236036,12.417350932238573,530200
1997-10-15,12.384324073791504,12.483398666381836,12.285249481201172,12.318274345397949,1305100
1997-10-16,12.384324073791504,12.516423530578614,12.384324073791504,12.516423530578614,796200
1997-10-17,12.516422271728516,12.516422271728516,12.35129796735215,12.384322828227424,1344300
1997-10-20,12.516422271728516,12.549447132603788,12.417347689102696,12.450372549977969,615100
1997-10-21,12.615499496459961,12.615499496459961,12.45037515750106,12.45037515750106,519500
1997-10-22,12.681551933288574,12.714576808114847,12.516427559157213,12.61550218363603,1411500
1997-10-23,12.714574813842773,12.780624553135462,12.61550020490374,12.648525074550083,960500
1997-10-24,12.846674919128418,12.879699790385816,12.68155056284142,12.747600305356219,809900
1997-10-27,12.681551933288574,12.912726057072481,12.681551933288574,12.714576808114847,1151300
1997-10-28,12.780627250671387,12.780627250671388,12.417353607887446,12.48340336112089,2294300
1997-10-29,12.813651084899902,12.87970083276021,12.681551589179286,12.747601337039594,898600
1997-10-30,13.077845573425293,13.110870435984447,12.813646672952055,12.813646672952055,1602500
1997-10-31,13.507168769836426,13.540193632354363,13.143895282139114,13.209945007174989,1995300
1997-11-03,13.738346099853516,13.771370970285856,13.474147136394794,13.540196877259476,1697500
1997-11-04,13.639267921447754,13.804392230424119,13.60624305965248,13.639267921447754,3030700
1997-11-05,13.540199279785156,13.639273908661632,13.441124650908678,13.606249032369474,1432500
1997-11-06,13.507168769836426,13.540193632354363,13.375069319764677,13.441119044800551,831400
1997-11-07,13.474143981933594,13.54019370733523,13.309019668429507,13.375069393831142,695000
1997-11-10,13.771373748779297,13.804398625874692,13.54019960911154,13.54019960911154,1423900
1997-11-11,13.903465270996094,13.969514987247855,13.738340980366685,13.738340980366685,775600
1997-11-12,14.03557014465332,14.068595015581915,13.77137117722455,13.77137117722455,1029000
1997-11-13,13.903465270996094,14.002539845373738,13.870440412870211,14.002539845373738,658300
1997-11-14,14.101615905761719,14.10161590576172,13.870441874519724,13.936491597731724,525300
1997-11-17,14.266740798950195,14.266740798950194,14.068591621186997,14.101616484147529,1007700
1997-11-18,14.332788467407227,14.332788467407225,14.134639318088231,14.26673875096756,755500
1997-11-19,14.365818977355957,14.365818977355957,14.200694621294396,14.299769234931333,665700
1997-11-20,14.464895248413086,14.63001962339497,14.299770873431202,14.299770873431202,1345300
1997-11-21,14.596989631652832,14.596989631652834,14.3327907242926,14.464890177972716,1162700
1997-11-24,14.762110710144043,14.795135566318862,14.497911860745491,14.497911860745491,945900
1997-11-25,14.894216537475586,14.993291148589613,14.729092185618871,14.762117055990213,964100
1997-11-26,14.993288040161133,14.993288040161135,14.79513885901363,14.861188586062799,470900
1997-11-28,14.927237510681152,14.960262372430448,14.861187787182564,14.894212648931859,280300
1997-12-01,15.19144058227539,15.323540065599524,14.894216744796088,14.927241615627121,689400
1997-12-02,15.092368125915527,15.158417877013626,14.92724374817028,15.158417877013626,1392200
1997-12-03,15.026315689086914,15.092365428379603,14.993290819440569,15.092365428379603,538800
1997-12-04,14.960262298583984,15.05933688334282,14.927237436997707,15.02631202175654,977700
1997-12-05,14.960262298583984,15.05933688334282,14.828162852238872,14.861187713825151,566800
1997-12-08,15.026315689086914,15.092365428379603,14.828166471208844,14.927241080147878,600700
1997-12-09,15.026315689086914,15.092365428379603,14.960265949794223,14.993290819440569,827800
1997-12-10,15.092368125915527,15.092368125915527,14.993293499268379,14.993293499268379,1223900
1997-12-11,15.285942077636719,15.352692916403692,15.01893872256883,15.052314141952316,769400
1997-12-12,15.419448852539062,15.452824282955813,15.185820839621803,15.219196270038553,721400
1997-12-15,15.686444282531738,15.753195109265915,15.38606556222794,15.452816388962116,1327500
1997-12-16,15.653068542480469,15.719819367821536,15.5863177171394,15.719819367821536,638700
1997-12-17,15.986822128295898,15.986822128295898,15.619692601341296,15.653068012882622,963300
1997-12-18,15.95345401763916,16.120331151714883,15.786576883563438,15.886703164008871,482700
1997-12-19,16.02019500732422,16.153696632385255,15.71981635093689,15.75319175720215,1651600
1997-12-22,16.253826141357422,16.32057696739996,15.98682283718728,16.053573663229816,774900
1997-12-23,16.287206649780273,16.520834614018924,16.187080379392278,16.253831226317608,824200
1997-12-24,16.120330810546875,16.387334219417216,16.120330810546875,16.287207941090838,863300
1997-12-26,16.08695411682129,16.253831234215703,16.05357869334241,16.187080387257936,167500
1997-12-29,16.220447540283203,16.28719835320618,16.08694591443725,16.12032132089874,550200
1997-12-30,16.320573806762695,16.320573806762695,16.15369677397371,16.18707218053151,908400
1997-12-31,16.18707275390625,16.42070060808634,16.18707275390625,16.287198977126288,552000
1998-01-02,16.287206649780273,16.3539574967056,15.953452415153627,16.253831226317608,563300
1998-01-05,16.02019500732422,16.353949069976807,15.75319175720215,16.353949069976807,908400
1998-01-06,16.287206649780273,16.287206649780273,15.853326144765633,15.886701568228299,1387900
1998-01-07,16.120330810546875,16.253832514982047,16.020204532220497,16.220457088873253,962200
1998-01-08,16.08695411682129,16.120329540300173,15.95345242290576,16.020203269863526,934100
1998-01-09,15.886695861816406,16.22044997656045,15.753194215918791,16.086948330662832,988600
1998-01-12,16.120330810546875,16.220457088873253,15.78657654945895,15.819951975567742,1120500
1998-01-13,16.18707275390625,16.3205743848663,16.120321938426226,16.120321938426226,1479100
1998-01-14,16.18707275390625,16.18707275390625,16.086946530686212,16.153697346166236,733000
1998-01-15,15.986822128295898,16.187074597543862,15.986822128295898,16.08694836291988,494500
1998-01-16,15.819948196411133,16.05357612336235,15.786572778275243,16.05357612336235,1337500
1998-01-20,15.719825744628906,15.819952023257114,15.586324039791293,15.753201170838308,718400
1998-01-21,15.686444282531738,15.719819695898826,15.519567215696293,15.719819695898826,1405500
1998-01-22,15.786574363708496,15.953451471147273,15.58632183478196,15.619697256269715,1076900
1998-01-23,15.886695861816406,15.920071273290812,15.753194215918791,15.753194215918791,746600
1998-01-26,16.08695411682129,16.120329540300173,15.853326152469114,15.853326152469114,650800
1998-01-27,15.95345401763916,16.053580298084594,15.920078590824016,16.02020487126945,1338800
1998-01-28,15.95345401763916,16.120331151714883,15.920078590824016,15.920078590824016,774900
1998-01-29,15.920073509216309,16.120326006187586,15.92007350921631,15.92007350921631,560200
1998-01-30,15.920073509216309,16.053575173863827,15.88669809305443,15.92007350921631,557000
1998-02-02,16.053579330444336,16.086954755247753,15.953453056034078,15.986828480837497,445100
1998-02-03,15.986822128295898,16.053572951378552,15.886695893671915,15.986822128295898,647800
1998-02-04,15.786574363708496,15.953451471147273,15.75319894222074,15.886700628171763,766100
1998-02-05,15.886695861816406,15.886695861816408,15.653067981495578,15.753194215918791,1019400
1998-02-06,16.08695411682129,16.08695411682129,15.986827846384642,16.020203269863526,564400
1998-02-09,15.920073509216309,16.053575173863827,15.819947260730673,16.020199757701945,707000
1998-02-10,15.853327751159668,15.986829458537855,15.819952324315121,15.886703178004215,669700
1998-02-11,15.920073509216309,15.95344892537819,15.753196428406914,15.753196428406914,490000
1998-02-12,15.95345401763916,15.986829444454305,15.819952310378582,15.886703164008871,469900
1998-02-13,15.753198623657227,15.920075727721393,15.753198623657228,15.920075727721393,742200
1998-02-17,16.02019500732422,16.05357041358948,15.75319175720215,15.75319175720215,796800
1998-02-18,16.02019500732422,16.05357041358948,15.953444194793702,15.986819601058961,781300
1998-02-19,15.920073509216309,16.120326006187586,15.92007350921631,16.020199757701945,575500
1998-02-20,15.853327751159668,15.986829458537855,15.819952324315121,15.986829458537855,537100
1998-02-23,16.02019500732422,16.02019500732422,15.886693382263184,15.886693382263184,489300
1998-02-24,16.053579330444336,16.120330180051173,15.819951356820404,15.953453056034078,1090700
1998-02-25,16.02019500732422,16.120321226119994,15.986819601058961,16.02019500732422,806900
1998-02-26,16.120330810546875,16.187081662764463,15.986829106111704,15.986829106111704,1195900
1998-02-27,16.08695411682129,16.120329540300173,16.020203269863526,16.05357869334241,455900
1998-03-02,16.120330810546875,16.187081662764463,16.020204532220497,16.05357995832929,787800
1998-03-03,16.053579330444336,16.086954755247753,15.986828480837497,16.020203905640916,552200
1998-03-04,16.08695411682129,16.08695411682129,15.95345242290576,16.020203269863526,675000
1998-03-05,15.986822128295898,16.08694836291988,15.95344671675457,16.020197539837227,821100
1998-03-06,16.120330810546875,16.187081662764463,15.986829106111704,15.986829106111704,651500
1998-03-09,16.220447540283203,16.220447540283203,16.020195101514275,16.020195101514275,549700
1998-03-10,16.520832061767578,16.55420748007418,16.253828715314768,16.28720413362137,968500
1998-03-11,16.520832061767578,16.68770915330058,16.520832061767578,16.55420748007418,921000
1998-03-12,16.51408576965332,16.615192417222627,16.412979122084014,16.58149020136619,645700
1998-03-13,16.648902893066406,16.716307358220522,16.48039173018112,16.514093962758178,1118300
1998-03-16,16.918514251708984,16.918514251708984,16.64889649470964,16.682598714334556,796800
1998-03-17,16.98592185974121,16.98592185974121,16.85111295609247,16.85111295609247,547000
1998-03-18,17.22183609008789,17.22183609008789,16.985920527209977,16.985920527209977,433700
1998-03-19,17.356643676757812,17.356643676757812,17.12072813163683,17.18813257309997,915800
1998-03-20,17.89588165283203,17.929583878166934,17.356646047473628,17.356646047473628,1311700
1998-03-23,17.794776916503906,18.098096977580678,17.65996800046979,17.794776916503906,1838900
1998-03-24,17.727371215820312,17.794775669112404,17.659966762528217,17.76107344246636,1236600
1998-03-25,17.727371215820312,17.794775669112404,17.659966762528217,17.727371215820312,1001600
1998-03-26,17.55885887145996,17.76107221738848,17.55885887145996,17.69366776874564,692900
1998-03-27,17.424049377441406,17.69366716277899,17.322942707939813,17.5588582701102,1304000
1998-03-30,17.491458892822266,17.491458892822266,17.390352194019822,17.390352194019822,707900
1998-03-31,17.794776916503906,17.82847914551244,17.457754626418605,17.457754626418605,1236900
1998-04-01,17.592561721801758,17.727370623884532,17.424050594198295,17.727370623884532,1813900
1998-04-02,17.727371215820312,17.76107344246636,17.55886008259008,17.592562309236126,1263600
1998-04-03,17.693666458129883,17.828475345429922,17.659964236304873,17.794773123604912,758900
1998-04-06,17.76107406616211,17.895882977480227,17.65996738267352,17.72737183833258,1373700
1998-04-07,17.727371215820312,17.82847789575845,17.659966762528217,17.76107344246636,780300
1998-04-08,17.45775604248047,17.659969432933913,17.45775604248047,17.59256496944943,1952100
1998-04-09,17.55885887145996,17.6262633201028,17.49145442281712,17.52515664713854,1731300
1998-04-13,17.491458892822266,17.525161125756412,17.424054426953973,17.424054426953973,1144300
1998-04-14,17.52515411376953,17.55885633321909,17.457749674870417,17.52515411376953,1209700
1998-04-15,17.491458892822266,17.659970057493,17.255543262283236,17.390352194019822,698700
1998-04-16,17.693666458129883,17.727368679954893,17.525155349004837,17.525155349004837,1363500
1998-04-17,17.794776916503906,17.794776916503906,17.693670229478318,17.727372458486848,1018400
1998-04-20,17.491458892822266,17.659970057493,17.424054426953973,17.659970057493,743800
1998-04-21,17.52515411376953,17.55885633321909,17.457749674870417,17.457749674870417,791800
1998-04-22,17.491458892822266,17.659970057493,17.45775665988812,17.525161125756412,846500
1998-04-23,17.356643676757812,17.525154780415654,17.289239235294676,17.42404811822095,1357600
1998-04-24,17.28923988342285,17.457750993397735,17.28923988342285,17.28923988342285,667200
1998-04-27,17.28923988342285,17.39034654940778,17.188133217437922,17.255537661427876,1312500
1998-04-28,17.154436111450195,17.28924503963448,17.120733879404124,17.28924503963448,1427700
1998-04-29,17.188135147094727,17.221837372873342,17.05332624398026,17.120730695537492,727300
1998-04-30,17.45775604248047,17.62626720119167,17.289244883769268,17.289244883769268,2426000
1998-05-01,17.255537033081055,17.59255924075842,17.22183481231332,17.558857019990683,1026400
1998-05-04,17.087026596069336,17.39034659481613,16.985919929820408,17.255537706484223,1008200
1998-05-05,17.01962661743164,17.087031079282855,16.88481769372921,17.087031079282855,815100
1998-05-06,16.783716201782227,16.98592964999647,16.783716201782227,16.95222740862743,1010600
1998-05-07,16.716304779052734,16.851113688561224,16.716304779052734,16.716304779052734,667900
1998-05-08,16.446687698364258,16.884816673935436,16.446687698364258,16.68260330059489,1795300
1998-05-11,16.581491470336914,16.783704780950778,16.412980378158693,16.48038481502998,738300
1998-05-12,16.648902893066406,16.716307358220522,16.514093962758178,16.514093962758178,785100
1998-05-13,16.3455753326416,16.581490852906533,16.278170898280194,16.48038420136442,2103700
1998-05-14,16.244474411010742,16.547794472627125,16.210772181942254,16.37928332728469,943500
1998-05-15,16.244474411010742,16.412985556353178,16.210772181942254,16.244474411010742,742600
1998-05-18,16.37928009033203,16.514088979964395,16.31187564551585,16.34557786792394,570100
1998-05-19,16.37928009033203,16.514088979964395,16.37928009033203,16.37928009033203,711200
1998-05-20,16.480384826660156,16.58149148203844,16.412980389741303,16.412980389741303,510600
1998-05-21,16.480384826660156,16.682598137416722,16.412980389741303,16.58149148203844,380000
1998-05-22,16.682605743408203,16.682605743408203,16.4803923404578,16.4803923404578,865200
1998-05-26,16.37928009033203,16.615195647188667,16.34557786792394,16.615195647188667,400100
1998-05-27,16.3455753326416,16.514086418545123,16.311873115460898,16.379277549822305,918000
1998-05-28,16.480384826660156,16.547789263579013,16.379278171281875,16.379278171281875,690100
1998-05-29,16.98592185974121,17.18813521521432,16.581495148794993,16.581495148794993,888700
1998-06-01,17.727371215820312,17.76107344246636,17.01962445625334,17.01962445625334,1573600
1998-06-02,17.55885887145996,17.7947744417099,17.52515664713854,17.69366776874564,786900
1998-06-03,17.592561721801758,17.82847730044661,17.525157270760374,17.525157270760374,745100
1998-06-04,17.45775604248047,17.55886273770719,17.39035157899599,17.52516050596495,1507800
1998-06-05,17.491458892822266,17.525161125756412,17.424054426953973,17.491458892822266,1147500
1998-06-08,17.424049377441406,17.5588582701102,17.424049377441406,17.5588582701102,1121900
1998-06-09,17.356643676757812,17.45775033895252,17.356643676757812,17.356643676757812,436000
1998-06-10,17.52515411376953,17.828474088815543,17.322940797072192,17.322940797072192,2868100
1998-06-11,17.926549911499023,18.06261480646296,17.586387674089174,17.586387674089174,3547000
1998-06-12,18.062620162963867,18.062620162963867,17.722457824678294,17.960571461478196,1629200
1998-06-15,17.72245216369629,18.062614393325777,17.72245216369629,17.960565724436933,1120400
1998-06-16,17.654420852661133,17.790485753259677,17.552372177212224,17.722453302960403,1441200
1998-06-17,17.484344482421875,17.65442565442987,17.416312013618676,17.62040942002827,1402000
1998-06-18,17.416303634643555,17.654417160898447,17.416303634643555,17.518352288752794,1591700
1998-06-19,17.31426429748535,17.552377951871204,17.246231824803683,17.382296770167024,1624500
1998-06-22,17.31426429748535,17.518361715530368,17.280248061144516,17.41631300650786,943500
1998-06-23,17.382286071777344,17.450318502586647,17.280237425563385,17.314253640968037,731100
1998-06-24,17.28023910522461,17.382287761357823,17.14417423038032,17.382287761357823,1261200
1998-06-25,16.90605354309082,17.31424799483547,16.872037338778767,17.31424799483547,789900
1998-06-26,17.178190231323242,17.28023888616279,17.008109139924002,17.008109139924002,1210300
1998-06-29,17.348276138305664,17.41630859375,17.178194999694824,17.178194999694824,597600
1998-06-30,17.178190231323242,17.38228754100233,17.0761415764837,17.38228754100233,956700
1998-07-01,17.24622917175293,17.314261633968915,17.17819670953694,17.28024540286092,301600
1998-07-02,17.28023910522461,17.45032019877997,17.212206667802462,17.212206667802462,500600
1998-07-06,17.348276138305664,17.38229236602783,17.28024368286133,17.28024368286133,413900
1998-07-07,17.28023910522461,17.382287761357823,17.246222886513536,17.31425532393568,878500
1998-07-08,17.348276138305664,17.348276138305664,17.24622745513916,17.28024368286133,530800
1998-07-09,17.178190231323242,17.314255104442637,17.178190231323242,17.314255104442637,626400
1998-07-10,17.00811195373535,17.246225521087645,17.00811195373535,17.178193073272706,439200
1998-07-13,17.07614517211914,17.144177623004076,16.974096495791734,17.008112721234202,656200
1998-07-14,17.212207794189453,17.314256457000855,17.07614291044092,17.144175352315187,895500
1998-07-15,17.144180297851562,17.31426145160009,17.144180297851562,17.178196528601266,1021800
1998-07-16,17.178190231323242,17.178190231323242,17.0761415764837,17.178190231323242,1551800
1998-07-17,17.212207794189453,17.212207794189453,17.110159131378055,17.17819157325232,447500
1998-07-20,17.178190231323242,17.24622266788294,17.11015779476355,17.144174013043397,363900
1998-07-21,17.144180297851562,17.280245220850382,17.110164067101856,17.178196528601266,632300
1998-07-22,17.31426429748535,17.382296770167024,17.076150643099503,17.076150643099503,1569100
1998-07-23,17.212207794189453,17.314256457000855,17.07614291044092,17.28024023606372,690000
1998-07-24,17.28023910522461,17.382287761357823,17.212206667802462,17.28023910522461,1571900
1998-07-27,17.110158920288086,17.24622380235797,17.110158920288086,17.17819136132303,927000
1998-07-28,16.974098205566406,17.11016312104189,16.906065747828666,17.076146892173018,1200700
1998-07-29,16.838029861450195,17.042127193104136,16.7019649736809,16.940078527277166,615600
1998-07-30,17.00811195373535,17.144176849365234,16.87204705810547,16.87204705810547,458400
1998-07-31,16.565902709960938,16.872048755935573,16.2597566639863,16.83803252860506,559700
1998-08-03,16.90605354309082,17.076134564651092,16.497859091346175,16.497859091346175,589500
1998-08-04,16.463844299316406,17.076136029456272,16.463844299316406,16.872038786076317,908600
1998-08-05,16.361804962158203,16.565902321353523,16.25975628256054,16.46385364175586,1539200
1998-08-06,16.565902709960938,16.701967619283,16.361805345977846,16.361805345977846,732300
1998-08-07,16.701961517333984,16.804010162042747,16.497864227916462,16.497864227916462,600000
1998-08-10,16.80401611328125,16.838032340231212,16.701967432431363,16.701967432431363,824300
1998-08-11,16.701961517333984,16.769993947139827,16.565896657722302,16.667945302431065,637700
1998-08-12,17.144180297851562,17.24622899010068,16.63393683660598,16.63393683660598,1117700
1998-08-13,17.07614517211914,17.28024252477395,16.974096495791734,17.07614517211914,1129800
1998-08-14,16.90605354309082,17.212199381899307,16.90605354309082,17.076134564651092,683800
1998-08-17,17.00811195373535,17.04212817764282,16.838030834197998,16.87204705810547,793800
1998-08-18,17.00811195373535,17.110160625457763,16.94007950592041,16.97409572982788,606100
1998-08-19,16.940078735351562,17.042127402431994,16.872046290631275,16.974094957711706,506800
1998-08-20,16.974098205566406,17.076146892173018,16.838033290090923,16.974098205566406,803400
1998-08-21,17.178190231323242,17.24622266788294,16.804011830244914,16.87204426680461,834600
1998-08-24,17.178190231323242,17.314255104442637,17.144174013043397,17.178190231323242,845200
1998-08-25,17.110158920288086,17.382288684427856,17.076142699770614,17.24622380235797,822900
1998-08-26,17.178190231323242,17.41630375928218,17.04212535820385,17.04212535820385,703000
1998-08-27,17.31426429748535,17.518361715530368,17.076150643099503,17.076150643099503,968900
1998-08-28,17.892532348632812,18.164662118193768,17.314256588315782,17.3482728095109,1583000
1998-08-31,17.484344482421875,18.130652936052254,17.484344482421875,17.756474357634666,1678300
1998-09-01,17.450315475463867,17.620396522983008,17.34826684695238,17.484331684967696,1376300
1998-09-02,16.940078735351562,17.450322070753717,16.83803006827113,17.416305848393574,1928900
1998-09-03,17.00811195373535,17.212209297180173,16.87204705810547,16.94007950592041,1268700
1998-09-04,16.974098205566406,17.246228036517373,16.872049518959795,17.11016312104189,540800
1998-09-08,17.110158920288086,17.24622380235797,17.008110258735673,17.008110258735673,1144700
1998-09-09,17.144180297851562,17.280245220850382,17.00811537485274,17.144180297851562,1893200
1998-09-10,17.28023910522461,17.552368854913183,17.11015801166925,17.14417423038032,2450200
1998-09-11,17.548093795776367,17.548093795776367,17.17034617982032,17.204686872179963,1525600
1998-09-14,17.58243751525879,17.71980030834675,17.44507472217083,17.5480968169868,806200
1998-09-15,17.89150619506836,17.994528303677196,17.582439869241842,17.582439869241842,849800
1998-09-16,18.063209533691406,18.269253748904617,17.857165318478195,17.89150602101373,1059300
1998-09-17,18.33794403076172,18.37228474992045,17.925855400856964,17.925855400856964,736100
1998-09-18,18.131887435913086,18.33793161132119,18.131887435913086,18.33793161132119,1875200
1998-09-21,17.960182189941406,18.13188565256035,17.89150080489383,17.994522882465194,416900
1998-09-22,18.097551345825195,18.097551345825195,17.92584782262002,17.92584782262002,1227100
1998-09-23,18.028867721557617,18.097549122401645,17.754142118181502,18.097549122401645,1513800
1998-09-24,17.822824478149414,17.994527989499602,17.719802371339302,17.960187287229566,793200
1998-09-25,17.719799041748047,17.925843216652094,17.719799041748047,17.719799041748047,897000
1998-09-28,17.857162475585938,17.857162475585938,17.582436899038463,17.7197996873122,285100
1998-09-29,17.925844192504883,18.063206983252044,17.822822099444508,17.8571627971313,1032100
1998-09-30,17.51375961303711,18.097551600138345,17.51375961303711,17.891507369396734,831000
1998-10-01,17.651124954223633,17.925850634445013,17.582443534168288,17.651124954223633,1401800
1998-10-02,17.925844192504883,18.13188837862563,17.754140704070927,17.788481401757718,2321000
1998-10-05,18.68134307861328,18.818705895367792,17.891506882274854,17.891506882274854,1918600
1998-10-06,18.818706512451172,18.956069333709937,18.509640164618943,18.681343691192403,1320300
1998-10-07,19.230792999267578,19.265133701051983,18.784363876070294,18.956067384992327,1345300
1998-10-08,19.12776756286621,19.230789650278417,18.921723388041798,19.16210825867028,2401900
1998-10-09,18.028867721557617,19.05908873421805,17.92584562029157,19.05908873421805,1388900
1998-10-12,17.51375961303711,18.16623301038555,17.3077153822955,18.16623301038555,790300
1998-10-13,17.548093795776367,17.788478642293853,17.273368256899243,17.58243448813601,651200
1998-10-14,18.028867721557617,18.337934025355747,17.651120016915456,17.651120016915456,803200
1998-10-15,18.372276306152344,18.7156833399122,18.063209975768473,18.097550679144458,1417600
1998-10-16,18.063209533691406,18.681342179331036,17.89150602101373,18.681342179331036,1266300
1998-10-19,17.788484573364258,18.09755090765051,17.71980316574509,17.925847388602595,772500
1998-10-20,17.27337074279785,17.925843991531767,17.067326558987144,17.891503294229985,831200
1998-10-21,17.651124954223633,17.719806374278978,17.170355013836218,17.445080694057598,1695400
1998-10-22,17.89150619506836,18.063209709416423,17.582439869241842,17.582439869241842,552800
1998-10-23,17.651124954223633,17.994532054500358,17.582443534168288,17.994532054500358,755500
1998-10-26,17.376394271850586,17.754141973412555,17.376394271850586,17.754141973412555,1242000
1998-10-27,17.4450740814209,17.47941477843157,17.307711293378212,17.47941477843157,1177200
1998-10-28,17.13601303100586,17.54810152072945,17.032990908574963,17.513760813252482,1739600
1998-10-29,16.8956298828125,17.273377705395706,16.8956298828125,17.136014860819994,1232700
1998-10-30,16.723922729492188,17.032989063302104,16.68958202573553,16.92996695203213,1728200
1998-11-02,17.651124954223633,17.685465664251304,16.792607203531823,16.826947913559493,962500
1998-11-03,17.925844192504883,18.063206983252044,17.410733727203016,17.51375582026339,937200
1998-11-04,17.47942352294922,18.234919235139557,17.410742094568278,18.234919235139557,1000500
1998-11-05,17.27337074279785,17.479414926608563,17.1703486508925,17.479414926608563,1366200
1998-11-06,17.204694747924805,17.307716872163876,17.101672623685737,17.307716872163876,976000
1998-11-09,17.376394271850586,17.445075672134582,17.136009370856605,17.376394271850586,843400
1998-11-10,17.75413703918457,17.99452187337082,17.51375220499832,17.548092895596355,703800
1998-11-11,17.4450740814209,17.92584383957029,17.342051990388885,17.685458960495595,906600
1998-11-12,17.61677360534668,17.719795673214204,17.479410848189982,17.479410848189982,520700
1998-11-13,17.719799041748047,17.719799041748047,17.582436258478683,17.616776954296025,405100
1998-11-16,17.857162475585938,17.857162475585938,17.668288641709548,17.78848108144907,514500
1998-11-17,17.68545913696289,17.994525413142824,17.61677774225624,17.925844018436173,986300
1998-11-18,17.4450740814209,17.61677756647425,17.410733384410225,17.61677756647425,453400
1998-11-19,17.342052459716797,17.513755949416964,17.307711761776766,17.513755949416964,348700
1998-11-20,17.47942352294922,17.548104951330156,17.307719951996866,17.548104951330156,1039200
1998-11-23,17.75413703918457,17.75413703918457,17.34204875200814,17.51375220499832,811900
1998-11-24,17.719799041748047,17.75413973756539,17.513754866844,17.616776954296025,767000
1998-11-25,17.58243751525879,17.754141006618738,17.44507472217083,17.65111891180277,653800
1998-11-27,17.376394271850586,17.479416372276578,17.34205357170859,17.376394271850586,214500
1998-11-30,16.998645782470703,17.27337137087427,16.92996438536981,17.239030672323825,1369800
1998-12-01,16.998645782470703,17.067327179571596,16.723920194067137,16.998645782470703,1251000
1998-12-02,17.10167121887207,17.10167121887207,16.929967692578177,16.964308397836955,1011000
1998-12-03,17.13601303100586,17.37639798334462,16.758265248759237,16.964309493621034,617200
1998-12-04,17.61677360534668,17.651114294635857,17.136003955298232,17.136003955298232,999500
1998-12-07,17.75413703918457,17.75413703918457,17.51375220499832,17.548092895596355,430200
1998-12-08,17.68545913696289,17.822821926376196,17.61677774225624,17.61677774225624,790300
1998-12-09,17.651124954223633,17.651124954223633,17.513762114112943,17.548102824140617,237600
1998-12-10,17.51375961303711,17.616781728407915,17.3763967925427,17.582441023284314,908600
1998-12-11,17.680164337158203,17.680164337158203,17.437495414883482,17.50682939267626,410900
1998-12-14,17.506824493408203,17.680159389382542,17.472157514213333,17.54149147260307,766000
1998-12-15,17.749492645263672,17.749492645263672,17.541490778326988,17.64549171179533,485300
1998-12-16,17.749492645263672,17.749492645263672,17.57615775614977,17.68015868961811,778100
1998-12-17,17.99216079711914,17.99216079711914,17.68015800872979,17.68015800872979,598500
1998-12-18,17.99216079711914,17.99216079711914,17.749491961705203,17.749491961705203,954200
1998-12-21,18.096160888671875,18.1654948384369,17.853492064494283,17.888159039376795,382800
1998-12-22,17.888160705566406,18.026828618012658,17.81882674934328,17.957494661789532,459300
1998-12-23,17.922822952270508,17.957489921230415,17.749488107470988,17.818822045390796,252100
1998-12-24,17.78415870666504,17.957493586846958,17.78415870666504,17.818825682701423,116100
1998-12-28,17.680164337158203,17.888166270536534,17.50682939267626,17.78416530384737,516100
1998-12-29,17.541492462158203,17.749494349061266,17.472158499857184,17.541492462158203,622800
1998-12-30,17.576160430908203,17.64549439710508,17.472159481612888,17.472159481612888,401100
1998-12-31,17.4721622467041,17.64549718962775,17.43749525811937,17.57616321245829,431600
1999-01-04,17.160154342651367,17.506824127351393,17.125487364181364,17.19482132112137,2512400
1999-01-05,17.021482467651367,17.229484290066658,16.91748155644372,17.229484290066658,791400
1999-01-06,17.0561580657959,17.160159029611727,16.95215710198007,17.125492041673116,882500
1999-01-07,16.778810501098633,17.056146211860597,16.6748096095629,16.917478356479613,494500
1999-01-08,16.64015007019043,16.778817987442018,16.501482152938845,16.778817987442018,576200
1999-01-11,16.43214988708496,16.709485750158123,16.36281592131667,16.50148385285325,617200
1999-01-12,16.43214988708496,16.778819715926414,16.397482904200814,16.709485750158123,1144900
1999-01-13,16.778810501098633,17.056146211860597,16.432140862646182,16.432140862646182,2179000
1999-01-14,16.8134822845459,16.8134822845459,16.605480441850485,16.8134822845459,1295600
1999-01-15,16.88282012939453,16.986821074750143,16.70948522046851,16.88282012939453,780200
1999-01-19,16.917484283447266,17.021485211419275,16.74414940349391,17.021485211419275,747500
1999-01-20,17.4721622467041,17.57616321245829,17.056158383687336,17.056158383687336,1298100
1999-01-21,17.818832397460938,17.853499386561055,17.472162506459753,17.50682949555987,1327000
1999-01-22,18.16550064086914,18.373502556604283,17.81883078131057,17.81883078131057,1242200
1999-01-25,18.373502731323242,18.373502731323242,18.130833827324633,18.165500813610148,1420700
1999-01-26,18.581501007080078,18.68550194555254,18.442833089116796,18.442833089116796,2144800
1999-01-27,18.373502731323242,18.61617163532185,18.304168758752212,18.581504649036336,1608200
1999-01-28,18.16550064086914,18.373502556604283,18.06149968300157,18.30416858469257,1199300
1999-01-29,17.714820861816406,18.165491451255964,17.472152082887416,18.165491451255964,1172600
1999-02-01,17.298824310302734,17.68016111874628,17.09082241478807,17.68016111874628,669200
1999-02-02,17.09082794189453,17.194828923285367,16.9174929729098,17.056160948097585,1007100
1999-02-03,16.917484283447266,17.368154971325982,16.917484283447266,17.090819163400617,1433600
1999-02-04,16.778810501098633,17.056146211860597,16.778810501098633,17.056146211860597,923300
1999-02-05,17.3334903717041,17.3334903717041,16.709484718322752,16.709484718322752,1747600
1999-02-08,17.368160247802734,17.506828193892975,17.264159288235053,17.33349326128017,1238700
1999-02-09,17.506824493408203,17.610825430992804,17.194821680654393,17.333489597433864,805600
1999-02-10,17.506824493408203,17.54149147260307,17.437490535018465,17.472157514213333,573400
1999-02-11,17.4721622467041,17.57616321245829,17.29882730378045,17.402828269534638,536800
1999-02-12,17.09082794189453,17.437497879863994,16.88282597911285,17.333496898473154,596200
1999-02-16,17.298824310302734,17.36815827547429,17.02148844961652,17.160156379959627,641100
1999-02-17,17.680164337158203,17.78416530384737,17.021491548126818,17.19482649260876,852300
1999-02-18,17.888160705566406,18.096162574235784,17.68015883689703,17.68015883689703,845700
1999-02-19,17.61082649230957,17.992163286434383,17.576159511025498,17.888162342582163,712300
1999-02-22,17.888160705566406,17.888160705566406,17.541490924450777,17.541490924450777,938600
1999-02-23,17.714820861816406,17.957489640745397,17.54148601972427,17.68015389339798,946200
1999-02-24,17.749492645263672,17.818826600909233,17.64549171179533,17.71482566744089,1117200
1999-02-25,17.64550018310547,17.749501166502945,17.506832205242162,17.680167177571292,749200
1999-02-26,17.4721622467041,17.64549718962775,17.264160315195717,17.64549718962775,1102800
1999-03-01,17.437488555908203,17.472155531168458,17.264153679606927,17.368154605387694,798300
1999-03-02,17.437488555908203,17.541489481688966,17.368154605387694,17.40282158064795,1011400
1999-03-03,17.437488555908203,17.541489481688966,17.368154605387694,17.40282158064795,998600
1999-03-04,17.680164337158203,17.74949831495098,17.402828425987092,17.50682939267626,1008800
1999-03-05,18.026823043823242,18.16549091339111,17.7494873046875,17.88815517425537,1413500
1999-03-08,17.749492645263672,18.026828467845917,17.57615775614977,17.888160556554794,1104600
1999-03-09,17.402820587158203,17.74949031997012,17.29881966731463,17.645489400126547,753100
1999-03-10,17.61082649230957,17.749494417445867,17.402824604605126,17.402824604605126,624500
1999-03-11,17.778818130493164,17.84881347746361,17.49883674261138,17.49883674261138,644900
1999-03-12,18.268774032592773,18.303771683996207,17.848802215751558,17.918797518558428,971100
1999-03-15,18.163793563842773,18.23378891476317,18.023802862001983,18.198791239302974,882700
1999-03-16,18.163793563842773,18.198791239302974,18.05880053746218,18.09379821292238,618600
1999-03-17,18.198780059814453,18.198780059814453,18.093787097930907,18.093787097930907,638600
1999-03-18,18.443769454956055,18.443769454956055,18.16378813495672,18.16378813495672,757800
1999-03-19,18.233783721923828,18.47876738037578,18.163788390937555,18.443769714882645,738900
1999-03-22,18.408767700195312,18.408767700195312,17.953798156274136,18.093788785172958,651200
1999-03-23,18.1287841796875,18.373767749683275,18.02379122111788,18.338770096826735,514500
1999-03-24,18.408767700195312,18.478763014644723,18.128786442397665,18.128786442397665,902300
1999-03-25,18.233783721923828,18.513765045868915,18.19878605643069,18.443769714882645,774800
1999-03-26,17.883800506591797,18.26877468579436,17.77880754862746,18.23377703313958,692200
1999-03-29,17.74382209777832,18.02380351154997,17.63882906761395,17.883812804664146,843100
1999-03-30,17.39383888244629,17.70881785617268,17.39383888244629,17.70881785617268,1245000
1999-03-31,17.39383888244629,17.673820192425303,17.358841218698913,17.673820192425303,1513400
1999-04-01,17.463830947875977,17.883802834398043,17.35883797624546,17.39383563345563,892900
1999-04-05,17.91879653930664,17.91879653930664,17.463827095925808,17.60381769388914,785000
1999-04-06,17.673816680908203,17.88380262167147,17.533826053732692,17.813807308083714,583200
1999-04-07,17.533830642700195,17.638823640560677,17.428837644839717,17.533830642700195,986200
1999-04-08,17.813812255859375,17.848809922373835,17.46383559071479,17.49883325722925,679300
1999-04-09,17.463830947875977,17.84880517718787,17.428833290665803,17.778809862767528,528000
1999-04-12,17.74382209777832,17.84881512794269,17.56883371417104,17.56883371417104,577000
1999-04-13,17.673816680908203,17.778809651289837,17.533826053732692,17.60382136732045,819900
1999-04-14,17.253849029541016,17.778814010155855,17.218851364166696,17.56882801790992,2306500
1999-04-15,17.463830947875977,17.49882860508615,17.218847347404772,17.25384500461494,3924400
1999-04-16,17.60382652282715,17.60382652282715,17.25384985239321,17.42883818761018,1316100
1999-04-19,17.60382652282715,17.883807859174297,17.358842853523388,17.778814858044118,646400
1999-04-20,17.848806381225586,17.88380404079662,17.49882978551528,17.568825104657343,977600
1999-04-21,17.813812255859375,17.883807588888292,17.568828590258168,17.813812255859375,586600
1999-04-22,17.39383888244629,17.673820192425303,17.113857572467275,17.673820192425303,676400
1999-04-23,17.39383888244629,17.778813183667435,17.358841218698913,17.39383888244629,520500
1999-04-26,17.533830642700195,17.533830642700195,17.113858651258276,17.35884231293273,278300
1999-04-27,17.848806381225586,17.88380404079662,17.49882978551528,17.638820423799405,1093300
1999-04-28,17.74382209777832,17.813817451221233,17.673826744335408,17.778819774499777,205700
1999-04-29,17.673816680908203,18.02379324884698,17.673816680908203,17.813807308083714,729600
1999-04-30,17.39383888244629,17.778813183667435,17.358841218698913,17.533829537435796,784500
1999-05-03,17.953800201416016,17.953800201416016,17.393837622034617,17.428835283245956,488400
1999-05-04,17.673816680908203,17.88380262167147,17.638819024114326,17.848804964877594,981800
1999-05-05,17.49883460998535,17.84881130218506,17.463836940765383,17.81381363296509,573000
1999-05-06,17.533830642700195,17.603825974607183,17.323844646979236,17.498832976746705,454600
1999-05-07,17.813812255859375,17.848809922373835,17.49883325722925,17.568828590258168,577100
1999-05-10,17.56882667541504,17.743814988915187,17.46383368731495,17.46383368731495,517600
1999-05-11,17.463830947875977,17.778809862767528,17.39383563345563,17.428833290665803,334700
1999-05-12,17.638826370239258,17.673824041608782,17.288849656544034,17.35884499928308,552300
1999-05-13,17.953800201416016,18.093790846261363,17.638821250513978,17.638821250513978,425200
1999-05-14,17.56882667541504,17.77881265161522,17.533829012715007,17.638822000815097,970100
1999-05-17,17.848806381225586,17.91880170036765,17.35883914723116,17.49882978551528,492800
1999-05-18,17.988801956176758,18.05879729452764,17.778815941124112,17.848811279474994,660900
1999-05-19,18.478769302368164,18.478769302368164,17.918806596235797,17.918806596235797,1403000
1999-05-20,18.478769302368164,18.618759978901256,18.3037809567018,18.478769302368164,1032700
1999-05-21,18.443769454956055,18.653755444955554,18.443769454956055,18.443769454956055,671400
1999-05-24,18.723751068115234,18.75874873366311,18.408772078184324,18.4437697437322,298600
1999-05-25,18.723751068115234,19.038730058046145,18.688753402567354,18.688753402567354,710300
1999-05-26,19.003740310668945,19.00374031066895,18.723758869627783,18.723758869627783,719100
1999-05-27,18.65375328063965,18.89873690721465,18.5137626368825,18.863739246275365,516000
1999-05-28,18.89874839782715,18.933746080045346,18.513773893426965,18.513773893426965,554100
1999-06-01,18.758750915527344,18.89874159400143,18.513767228197697,18.89874159400143,914900
1999-06-02,18.688762664794922,18.82875339636642,18.5837696161163,18.758758030580672,478100
1999-06-03,18.79374885559082,18.79374885559082,18.513767494613674,18.54876516473582,824200
1999-06-04,18.828744888305664,18.8637425553843,18.68875421999112,18.793747221227026,643100
1999-06-07,18.688762664794922,18.758758030580672,18.65376498190205,18.723760347687797,530500
1999-06-08,18.688762664794922,18.758758030580672,18.548771933223424,18.5837696161163,591000
1999-06-09,18.65375328063965,18.72374860251822,18.583757958761073,18.65375328063965,674500
1999-06-10,18.268774032592773,18.653748198030552,18.128783426979034,18.618750546627115,570100
1999-06-11,18.12042236328125,18.332357127764073,18.085099902534115,18.191067284775524,1667700
1999-06-14,18.544292449951172,18.614937373570037,18.226390293666295,18.226390293666295,1626700
1999-06-15,18.756237030029297,18.932849431442,18.50897966805151,18.54430214833405,871200
1999-06-16,18.86220359802246,19.144783427206317,18.756236162078515,18.756236162078515,797800
1999-06-17,18.932846069335938,19.003491017355845,18.82687864730607,18.82687864730607,946400
1999-06-18,18.89752197265625,18.932844443633176,18.72090961777161,18.89752197265625,819400
1999-06-21,18.650264739990234,18.826877095482565,18.579619797793303,18.826877095482565,557000
1999-06-22,18.932846069335938,18.932846069335938,18.650266277256296,18.650266277256296,1075800
1999-06-23,18.791549682617188,18.932839529854913,18.720904758998326,18.791549682617188,828400
1999-06-24,18.82687759399414,19.00348995416294,18.75623264992662,18.75623264992662,955100
1999-06-25,18.720909118652344,19.003488878933886,18.68558664861715,18.932843938863503,1053000
1999-06-28,18.82687759399414,18.93284501009542,18.72091017789286,18.72091017789286,425100
1999-06-29,18.720909118652344,18.791554058722728,18.614941708546763,18.791554058722728,772800
1999-06-30,18.332359313964844,18.791551358437953,18.332359313964844,18.756228893478482,1298900
1999-07-01,18.367679595947266,18.54429189975445,18.367679595947266,18.367679595947266,875400
1999-07-02,18.614946365356445,18.65026884422809,18.438333970998226,18.438333970998226,983800
1999-07-06,18.685590744018555,18.685590744018555,18.438333399579747,18.61494578846461,766600
1999-07-07,18.614946365356445,18.791558759714665,18.473656449869868,18.65026884422809,604700
1999-07-08,18.544292449951172,18.614937373570037,18.508969988141743,18.614937373570037,781100
1999-07-09,18.614946365356445,18.614946365356445,18.438333970998226,18.508978928741513,823500
1999-07-12,18.57961654663086,18.720906406301054,18.544294081713307,18.720906406301054,1174400
1999-07-13,18.50897979736328,18.720914680539195,18.47365731683396,18.50897979736328,373300
1999-07-14,18.367679595947266,18.57961436051589,18.297034674424392,18.57961436051589,318900
1999-07-15,18.403005599975586,18.614940405349582,18.36768313241325,18.36768313241325,404600
1999-07-16,18.297035217285156,18.544292449951172,18.155745370047434,18.508969988141743,489100
1999-07-19,18.57961654663086,18.597277779089634,18.367681757125563,18.367681757125563,915300
1999-07-20,18.43832778930664,18.614940124453256,18.40300532227732,18.54429519039461,694800
1999-07-21,18.297035217285156,18.614937373570037,18.155745370047434,18.438325064522882,1569100
1999-07-22,18.261714935302734,18.403004799405657,18.155747537225544,18.191070003251273,864000
1999-07-23,18.650264739990234,18.650264739990234,18.191072615710173,18.191072615710173,529100
1999-07-26,18.403005599975586,18.614940405349582,18.36768313241325,18.438328067537917,690600
1999-07-27,18.19106674194336,18.438323959795017,18.155744282250264,18.36767904040883,1739900
1999-07-28,18.12042236328125,18.226389745522663,17.90848759879843,18.12042236328125,1256900
1999-07-29,17.837846755981445,18.226393913042426,17.696556880686543,18.12042650657125,1065700
1999-07-30,17.873170852661133,17.97913826878363,17.8378483806203,17.873170852661133,446200
1999-08-02,17.80253028869629,17.97914269235399,17.661240365770126,17.87317525015937,568500
1999-08-03,17.908498764038086,18.014466212346004,17.80253131573017,17.80253131573017,505200
1999-08-04,18.049776077270508,18.19106590957791,17.94380870303996,17.979131161116808,592200
1999-08-05,17.80253028869629,18.01446517308553,17.661240365770126,18.01446517308553,1017900
1999-08-06,17.66123390197754,17.80252377319336,17.59058896636963,17.80252377319336,1065900
1999-08-09,17.873170852661133,17.908493324701965,17.625913548375305,17.625913548375305,418600
1999-08-10,17.413982391357422,17.802529665809615,17.343337432366113,17.73188470681831,709800
1999-08-11,17.4846248626709,17.555269811610984,17.272690015850646,17.413979913730813,1333800
1999-08-12,17.30800437927246,17.59058404260752,17.237359463438693,17.519939126773757,835900
1999-08-13,17.131391525268555,17.4139711792936,16.99010169825603,17.378648722540472,682900
1999-08-16,17.131391525268555,17.166713982021683,16.99010169825603,17.131391525268555,421600
1999-08-17,17.060754776000977,17.16672219696993,16.95478735503203,17.16672219696993,806900
1999-08-18,16.990108489990234,17.025430960863396,16.884141077370753,16.990108489990234,757800
1999-08-19,17.16672134399414,17.237366287796586,16.813496624981916,16.84881909688314,725500
1999-08-20,17.62590980529785,17.731877198916877,17.1313953017424,17.237362695361426,519700
1999-08-23,17.69655990600586,17.69655990600586,17.343335157382988,17.55527000655671,566700
1999-08-24,17.80253028869629,17.87317525015937,17.519950442843967,17.59059540430705,342200
1999-08-25,18.19106674194336,18.19106674194336,17.73187476593314,17.73187476593314,480200
1999-08-26,17.80253028869629,18.04978765381707,17.731885327233208,17.97914269235399,453900
1999-08-27,17.590587615966797,17.837844871612916,17.51994268578219,17.6612325461514,347800
1999-08-30,17.27269172668457,17.590594028402695,17.27269172668457,17.519949072465334,341800
1999-08-31,17.131391525268555,17.484616092799865,17.06074661176229,17.4139711792936,514100
1999-09-01,17.27269172668457,17.27269172668457,17.09607933684117,17.166724292778532,975500
1999-09-02,17.060754776000977,17.16672219696993,16.91946488137571,16.95478735503203,582800
1999-09-03,17.44930648803711,17.51995145357572,17.20204910865197,17.237371591421276,391000
1999-09-07,16.77817153930664,17.378653468081826,16.67220414011102,17.237363602487665,914500
1999-09-08,16.954784393310547,16.954784393310547,16.636882185935974,16.778172055880226,673000
1999-09-09,16.954784393310547,17.025429328282673,16.742849588394165,16.954784393310547,870000
1999-09-10,16.74285125732422,17.025431025380325,16.67220631531019,16.99010855437331,733800
1999-09-13,16.343189239501953,16.664343613203954,16.236137781601283,16.557292155303287,930600
1999-09-14,15.98635196685791,16.30750635904925,15.914984324148723,16.30750635904925,841100
1999-09-15,15.950671195983887,16.20045799323643,15.950671195983887,15.98635502416282,1169300
1999-09-16,15.879302024841309,16.093404973490852,15.772250550516535,15.98635349916608,520000
1999-09-17,15.843621253967285,15.950672748926523,15.700885927354967,15.879305085620365,918300
1999-09-20,15.27267837524414,15.843619622916819,15.2369945472646,15.843619622916819,778700
1999-09-21,14.915847778320312,15.237002395556875,14.880163931960695,15.165634702837638,923000
1999-09-22,14.844473838806152,15.165628320895708,14.844473838806152,15.058576826865856,1059200
1999-09-23,14.773101806640625,15.022888552163534,14.666050344273666,14.951520910585561,816100
1999-09-24,14.55899429321289,15.05856762680353,14.487626674128514,14.80878096000821,796700
1999-09-27,14.594684600830078,14.808787553409493,14.487633124540372,14.559000775400177,560400
1999-09-28,14.487626075744629,14.594677499949638,14.273523227334609,14.594677499949638,737500
1999-09-29,14.55899429321289,14.773097150466022,14.523310483670702,14.630361912297268,448800
1999-09-30,14.773101806640625,14.880153269007588,14.558998881906703,14.59468270269569,763500
1999-10-01,14.737419128417969,14.844470599084442,14.594683834196003,14.737419128417969,1112300
1999-10-04,15.022891998291016,15.236994972138392,14.773105195469073,14.773105195469073,671500
1999-10-05,14.915847778320312,15.165634702837638,14.737428546522223,15.058583163758785,835600
1999-10-06,14.844473838806152,15.129944489552424,14.701738513433016,14.91584150149272,1104700
1999-10-07,14.594684600830078,15.129941982278615,14.451949299110469,14.77310372797959,333600
1999-10-08,14.45195198059082,14.773106469048393,14.344900484438295,14.559003476743344,632500
1999-10-11,14.273530006408691,14.630368256568909,14.202162356376649,14.594684431552887,408900
1999-10-12,14.380581855773926,14.451949507663622,14.27353037793938,14.30921420388423,620800
1999-10-13,14.273530006408691,14.4519491314888,14.166478531360626,14.416265306472779,717700
1999-10-14,14.166479110717773,14.41626589604529,14.059427631291694,14.273530590143851,646400
1999-10-15,14.023743629455566,14.166478933572163,13.988059803426419,14.166478933572163,656100
1999-10-18,14.130797386169434,14.273532713302458,13.988062059036409,14.095113554386177,526500
1999-10-19,13.203012466430664,14.202159355782173,13.167328648953823,14.023740268397974,1049500
1999-10-20,12.66775894165039,13.238700189724776,12.41797214561785,13.203016361720126,3986200
1999-10-21,12.810493469238281,13.20301555325394,12.560706688501044,12.810493469238281,1261700
1999-10-22,12.917545318603516,12.917545318603516,12.70344235752169,12.810493838062602,567200
1999-10-25,12.596391677856445,12.77481082343515,12.489340190509225,12.77481082343515,908900
1999-10-26,12.41797161102295,12.632074569833689,12.16818482574375,12.560706916896775,2275800
1999-10-27,12.596391677856445,12.596391677856445,12.34660487404626,12.417972532277743,3436200
1999-10-28,12.703445434570312,12.774813105551043,12.560710092608847,12.596393928099213,2616700
1999-10-29,13.095962524414062,13.310065453968516,12.739124308489973,12.774808130082382,1728600
1999-11-01,13.274381637573242,13.31006545917962,13.024594886328583,13.167330172754102,1582300
1999-11-02,13.274381637573242,13.345749280786,13.095962529541342,13.095962529541342,1096900
1999-11-03,13.327911376953125,13.488488622458584,13.203017963782212,13.203017963782212,2115400
1999-11-04,13.417119979858398,13.631222958260395,13.345752320391068,13.631222958260395,1822900
1999-11-05,13.666902542114258,13.845321635353347,13.488483448875167,13.63121872346644,1440400
1999-11-08,13.595537185668945,13.702588659571848,13.559853361034643,13.595537185668944,1103500
1999-11-09,13.524171829223633,13.595539490591568,13.452804167855698,13.488487998539666,665900
1999-11-10,13.452808380126953,13.524176063841153,13.417124538269851,13.452808380126953,1711100
1999-11-11,13.417119979858398,13.488487639325731,13.381436150124733,13.417119979858398,1469800
1999-11-12,13.559858322143555,13.631225997523256,13.452806809074,13.452806809074,1031500
1999-11-15,13.452808380126953,13.524176063841153,13.381440696412751,13.488492221984053,1299000
1999-11-16,13.524171829223633,13.595539490591568,13.417120337171731,13.417120337171731,1333100
1999-11-17,13.417119979858398,13.524171469059397,13.381436150124733,13.488487639325731,846400
1999-11-18,13.310067176818848,13.45280248166409,13.274383350607536,13.417118655452779,599400
1999-11-19,13.167335510253906,13.34575469060965,13.131651674182757,13.274387018467353,1513100
1999-11-22,12.881864547729492,13.131651394915382,12.846180712417222,13.131651394915382,981400
1999-11-23,12.774811744689941,12.98891473482441,12.703444081311787,12.917547071446254,890300
1999-11-24,12.73912525177002,12.846176724473969,12.703441427535369,12.73912525177002,533400
1999-11-26,12.632074356079102,12.774809659537622,12.632074356079102,12.667758181943732,259500
1999-11-29,12.632074356079102,12.774809659537622,12.45365522675595,12.596390530214471,2211300
1999-11-30,12.774811744689941,12.881863239757177,12.489341091177318,12.525024922866395,915400
1999-12-01,12.66775894165039,12.953229565687584,12.596391285641094,12.846178081673637,1132500
1999-12-02,12.703445434570312,12.846180776531776,12.63207776358958,12.63207776358958,812600
1999-12-03,12.596391677856445,12.84617848166663,12.596391677856445,12.632075506972186,1116900
1999-12-06,12.703445434570312,12.810496941041409,12.63207776358958,12.70344543457031,1165900
1999-12-07,12.560699462890625,12.846169905229047,12.560699462890625,12.703434684059836,781500
1999-12-08,12.41797161102295,12.667758396302146,12.275236305149122,12.560706916896775,751500
1999-12-09,12.453655242919922,12.525022894741813,12.417971417008976,12.489339068830867,450200
1999-12-10,12.132500648498535,12.489338902866137,12.132500648498533,12.417971251992617,848100
1999-12-13,12.016674041748047,12.197648048400879,11.98047924041748,12.125258445739746,2262300
1999-12-14,12.233841896057129,12.306231493075218,11.87189391096668,11.908088709475726,1392200
1999-12-15,12.27004337310791,12.342433009527426,12.161458918478637,12.161458918478637,951700
1999-12-16,12.27004337310791,12.360530418632305,12.197653736688395,12.233848554898152,1177500
1999-12-17,12.451019287109375,12.59579858114553,12.161460699037065,12.161460699037065,2813900
1999-12-20,12.08906364440918,12.342427253723145,11.908089637756348,12.161453247070312,913000
1999-12-21,12.08906364440918,12.306232452392578,11.944284439086914,11.944284439086914,1031900
1999-12-22,11.944284439086914,12.052868843078613,11.908089637756348,11.944284439086914,523900
1999-12-23,12.125264167785645,12.161458986196946,12.016679712551744,12.052874530963045,362100
1999-12-27,11.98048210144043,12.23384577125941,11.944287291466289,12.08906653136285,634100
1999-12-28,11.835700035095215,12.016674041748047,11.799505233764648,11.908089637756348,568300
1999-12-29,11.835700035095215,11.908089637756348,11.727115631103516,11.835700035095215,481700
1999-12-30,11.835700035095215,11.871894836425781,11.763310432434082,11.763310432434082,480000
1999-12-31,11.871894836425781,11.944284439086914,11.799505233764648,11.799505233764648,236100
2000-01-03,11.473753929138184,11.799507195265136,11.401364314443306,11.799507195265136,609700
2000-01-04,11.98048210144043,12.08906653136285,11.401365141854185,11.473754761802466,1603100
2000-01-05,12.77676773071289,12.957741777890128,12.016676732568499,12.016676732568499,3054100
2000-01-06,12.885353088378906,12.957742712470923,12.63198940405685,12.668184216102857,1058100
2000-01-07,12.885353088378906,13.102521960654954,12.77676865224088,12.885353088378906,943400
2000-01-10,12.631989479064941,12.812963540369596,12.487210230021216,12.595794666804009,543200
2000-01-11,12.451019287109375,12.704383051672647,12.342434816582259,12.523408934127453,751600
2000-01-12,12.740567207336426,12.921541173349727,12.451008861715144,12.451008861715144,852800
2000-01-13,12.740567207336426,12.776762000539087,12.631982827728445,12.704372414133765,863600
2000-01-14,12.631989479064941,12.740573915847733,12.342430980977491,12.740573915847733,1355300
2000-01-18,12.668180465698242,12.740570068359375,12.48720645904541,12.740570068359375,2423200
2000-01-19,12.957742691040039,12.957742691040039,12.704379007137021,12.812963443095457,1203700
2000-01-20,12.740567207336426,12.921541173349727,12.631982827728445,12.921541173349727,1001600
2000-01-21,12.993936538696289,13.10252096659626,12.523404017796425,12.704378064296373,1815000
2000-01-24,12.957742691040039,13.138716750970765,12.885353067067749,13.03013231501233,1304000
2000-01-25,12.52340316772461,12.957740849842226,12.378623940352071,12.921546042999092,1033100
2000-01-26,12.740567207336426,12.776762000539087,12.306229688904502,12.414814068512483,1571000
2000-01-27,12.487212181091309,12.885355178169583,12.233848455677862,12.704381088588548,1449000
2000-01-28,12.233841896057129,12.523400284129487,12.197647097548083,12.487205485620441,1348800
2000-01-31,12.704380989074707,12.740575806707398,12.342432812747791,12.559601718543941,1122100
2000-02-01,12.849161148071289,12.885355968206701,12.631992227258817,12.740576687665053,1119400
2000-02-02,12.77676773071289,12.921546968454681,12.740572921277444,12.849157349583786,1514600
2000-02-03,13.174909591674805,13.283494011386411,12.812961525969452,12.812961525969452,825800
2000-02-04,12.885353088378906,13.247301208838987,12.668184216102857,13.247301208838987,607400
2000-02-07,12.885353088378906,12.921547900424914,12.740573840194873,12.885353088378906,456700
2000-02-08,12.77676773071289,12.993936587325575,12.77676773071289,12.81296254014834,515500
2000-02-09,12.77676773071289,12.993936587325575,12.77676773071289,12.77676773071289,686200
2000-02-10,12.378626823425293,12.849159421976546,12.306237192878946,12.740574976157026,510700
2000-02-11,12.55959701538086,12.631986623538674,12.197648974591786,12.342428190907416,811100
2000-02-14,12.668180465698242,12.88534927368164,12.378622055053711,12.48720645904541,599700
2000-02-15,12.631989479064941,12.885353164891457,12.523405042282148,12.849158352630527,1339200
2000-02-16,12.631989479064941,12.776768728108665,12.595794666804009,12.63198947906494,609100
2000-02-17,13.392077445983887,13.392077445983887,12.523402152190338,12.668181367822596,1716800
2000-02-18,13.030130386352539,13.319688839382597,12.921545966466269,13.247299226125083,1276800
2000-02-22,12.993936538696289,13.174910585196239,12.740572873596363,12.740572873596363,849300
2000-02-23,12.668180465698242,12.88534927368164,12.59579086303711,12.88534927368164,649200
2000-02-24,12.052872657775879,12.668184475139812,11.87189859384531,12.668184475139812,1285400
2000-02-25,11.618534088134766,11.980482190568871,11.582339277891355,11.980482190568871,833800
2000-02-28,12.016674041748047,12.08906364440918,11.509946823120117,11.727115631103516,851200
2000-02-29,11.944284439086914,12.016674041748047,11.654726028442383,11.98047924041748,807500
2000-03-01,11.546148300170898,11.944291345004377,11.43756383339813,11.908096522746789,1260900
2000-03-02,12.161458015441895,12.233847646486192,11.727120229176112,11.727120229176112,954900
2000-03-03,12.595794677734375,12.668184302319055,12.089067305641613,12.161456930226294,1940700
2000-03-06,12.197648048400879,12.59579086303711,12.161453247070312,12.59579086303711,1393600
2000-03-07,11.727115631103516,12.414816856384277,11.727115631103516,12.197648048400879,2040500
2000-03-08,11.763315200805664,12.23384780883789,11.690925568800706,11.727120384803184,1510100
2000-03-09,11.944284439086914,12.125258445739746,11.763310432434082,11.871894836425781,1821200
2000-03-10,12.30623722076416,12.306237220764158,11.871899436501895,11.944289067212273,4013600
2000-03-13,12.262176513671875,12.298889617006221,11.968471686997098,12.18875030700318,2916700
2000-03-14,12.225470542907715,12.372323041921621,11.931765544879902,12.26218366766119,1074900
2000-03-15,12.886303901672363,13.06986948431727,12.07861533803478,12.188754687621723,1040100
2000-03-16,13.29014778137207,13.547139589299155,12.92301662719052,12.92301662719052,1229200
2000-03-17,13.069869041442871,13.326860848437535,12.48245919688364,13.290147733152583,2057200
2000-03-20,12.555885314941406,13.143295154236911,12.519172199985437,12.702737774765282,798600
2000-03-21,12.482460021972656,12.666025610531078,12.298894433414235,12.298894433414235,1537100
2000-03-22,12.409028053283691,12.51916735553177,12.15203634803817,12.48245425478241,517500
2000-03-23,12.372318267822266,12.592596931344325,12.225465825474227,12.372318267822266,988700
2000-03-24,12.519172668457031,12.776164482765534,12.15204150515917,12.409033319467673,652600
2000-03-27,12.445751190185547,12.739456233021784,12.409038059831017,12.482464320540076,836600
2000-03-28,12.2988920211792,12.482457573734113,12.262178910668217,12.262178910668217,692800
2000-03-29,12.372318267822266,12.519170710170304,12.262178936061236,12.335605157235257,1061200
2000-03-30,12.482460021972656,12.51917313968434,12.372320668837604,12.445746904260972,962900
2000-03-31,12.33560562133789,12.48245806921096,12.115326949528285,12.48245806921096,875600
2000-04-03,12.519172668457031,12.592598901116602,12.262180854148529,12.372320203137887,873400
2000-04-04,12.886303901672363,12.996443251259306,12.519172736382552,12.555885852911533,1534200
2000-04-05,12.702736854553223,13.180007314406378,12.666023742256824,12.739449966849618,1253900
2000-04-06,12.445751190185547,12.849595624085373,12.372324929476488,12.849595624085373,843200
2000-04-07,12.409028053283691,12.59259355703049,12.225462549536891,12.33560185178497,705600
2000-04-10,12.996442794799805,12.996442794799805,12.115328029050666,12.115328029050666,768100
2000-04-11,13.216719627380371,13.290145847532484,12.702736086315578,12.702736086315578,1129800
2000-04-12,13.804129600524902,14.06112137500276,13.363572272848575,13.436998494127963,1456100
2000-04-13,14.134550094604492,14.207976328862177,13.510427103414164,13.510427103414164,1914900
2000-04-14,13.840850830078125,14.464974077057775,13.767424565727579,14.061129623129766,1174300
2000-04-17,14.244688034057617,14.244688034057615,13.436999537281153,13.914270012649062,1109400
2000-04-18,13.95098876953125,14.354833181280839,13.95098876953125,14.244693796258224,864500
2000-04-19,14.06112003326416,14.13454624753708,13.657275854763101,13.987693818991241,1020900
2000-04-20,14.428255081176758,14.611820667451271,14.097837025882633,14.097837025882633,1027000
2000-04-24,15.346087455749512,15.346087455749512,14.281406747097034,14.281406747097034,1670800
2000-04-25,15.896775245666504,16.006914566075277,15.27265243001678,15.34607864362263,1803900
2000-04-26,16.227195739746094,16.300621964812816,15.86006461441247,15.896777726945833,1327500
2000-04-27,15.933496475219727,16.190488353852302,15.749930847625029,16.153775228333362,1677800
2000-04-28,15.235944747924805,15.896780905666121,15.235944747924805,15.860067785791603,868900
2000-05-01,15.30937385559082,15.41951323584687,15.199234475334771,15.235947602086789,653600
2000-05-02,15.199224472045898,15.639781703119693,15.162511369456416,15.309363779814348,941600
2000-05-03,14.942231178283691,15.052370474438117,14.795378783411124,15.052370474438117,468400
2000-05-04,15.30937385559082,15.456226362598887,14.61182444730251,14.72196382755856,1329500
2000-05-05,15.015665054321289,15.272656876766884,14.905525701844605,15.272656876766884,910300
2000-05-08,15.272658348083496,15.78664204249015,14.942240258822073,14.942240258822073,904300
2000-05-09,15.162511825561523,15.382790447724645,15.01565941078611,15.382790447724645,923700
2000-05-10,15.382794380187988,15.603073058663234,15.272655040950367,15.272655040950367,934700
2000-05-11,15.60307502746582,15.713214380600874,15.272656968060662,15.382796321195714,576400
2000-05-12,15.346087455749512,15.603079350941488,15.235948072095807,15.529653095172351,1551500
2000-05-15,15.30937385559082,15.603078869606952,15.272660728838805,15.346086982342838,752500
2000-05-16,15.199224472045898,15.45621619017228,14.868806548740555,15.382789984993314,746800
2000-05-17,14.832099914550781,15.089091744753393,14.428255609946675,15.05237862615302,530300
2000-05-18,14.978950500488281,15.199229184318993,14.685245588714002,14.685245588714002,787800
2000-05-19,14.978950500488281,15.272655412262562,14.721958702685788,14.905524272544712,558500
2000-05-22,15.566362380981445,15.603075499804516,15.015665598635405,15.015665598635405,639300
2000-05-23,15.30937385559082,15.456226362598887,15.162521348582755,15.272660728838805,509700
2000-05-24,15.492934226989746,15.823352255527443,15.162516198452051,15.162516198452051,729300
2000-05-25,15.125802040100098,15.492933157578257,15.052375816604467,15.492933157578257,731100
2000-05-26,15.346087455749512,15.603079350941488,15.272661199980375,15.272661199980375,471600
2000-05-30,15.125802040100098,15.492933157578257,14.978949593108837,15.492933157578257,598000
2000-05-31,15.235944747924805,15.419510347297392,15.089092268426734,15.12580538830125,465300
2000-06-01,15.30937385559082,15.492939489350903,15.12580822183074,15.492939489350903,971500
2000-06-02,15.162511825561523,15.346077344030792,15.089085618173817,15.309364240336938,1121600
2000-06-05,14.575104713439941,15.272653805518932,14.501678493221101,15.272653805518932,457400
2000-06-06,15.199224472045898,15.235937574635383,14.281396907308828,14.281396907308828,663900
2000-06-07,15.015665054321289,15.272656876766884,14.97895193682906,15.235943759274656,416700
2000-06-08,14.978950500488281,15.015663614460067,14.685245588714002,14.685245588714002,555200
2000-06-09,15.235944747924805,15.346084107548357,15.015666028677698,15.052379148552216,485200
2000-06-12,15.45622444152832,15.529650685906127,15.2359457083949,15.2359457083949,1327300
2000-06-13,15.560205459594727,15.85729768794021,15.337386288335614,15.448795873965171,1826800
2000-06-14,15.040290832519531,15.597338641131365,14.966017791371286,15.597338641131365,496800
2000-06-15,15.63447380065918,15.708746835341648,15.15169907522315,15.15169907522315,641700
2000-06-16,15.411656379699707,15.820158115065244,15.337383336905974,15.708748550874642,1034600
2000-06-19,15.263111114501953,15.523066778252593,15.003155450751311,15.114565020930158,808100
2000-06-20,15.188833236694336,15.337379283018974,15.040287190369696,15.225969748275494,693800
2000-06-21,15.263111114501953,15.411657208073748,15.151701544323107,15.151701544323107,1087400
2000-06-22,15.411656379699707,15.448792901096574,15.188837251318509,15.374519858302842,1193200
2000-06-23,15.485933303833008,15.560206365242278,15.300250650309831,15.300250650309831,945600
2000-06-26,15.597343444824219,15.634479976835705,15.374524252755302,15.48593384878976,648100
2000-06-27,15.040290832519531,15.560202120557243,14.966017791371286,15.52306559998312,1073200
2000-06-28,15.578768730163574,15.634473505122441,14.631787555862807,15.077425755533756,898700
2000-06-29,15.151704788208008,15.634479695675418,15.11456825686436,15.411660507613536,566700
2000-06-30,14.63178825378418,15.597337732460293,14.408969143320462,15.114562993122236,1614200
2000-07-03,15.040290832519531,15.18883691481602,14.743198667926553,14.780335188500674,591900
2000-07-05,14.928882598876953,15.523066980921808,14.817473027243544,15.077428694388168,557800
2000-07-06,15.151704788208008,15.225977850895301,14.891749068802477,14.928885600146124,655000
2000-07-07,15.485933303833008,15.523069834537644,14.928885343263476,15.077431466082018,1297300
2000-07-10,15.485933303833008,15.70875248806082,15.374523711719101,15.485933303833008,821100
2000-07-11,15.63447380065918,15.634473800659181,15.300245144588082,15.448791213953015,540200
2000-07-12,15.300249099731445,15.560204788319115,15.263112572790348,15.523068261378018,809400
2000-07-13,15.300249099731445,15.411658680554732,15.07742993808487,15.300249099731445,412900
2000-07-14,15.188833236694336,15.597334864087092,15.114560213532014,15.337379283018974,627000
2000-07-17,15.411656379699707,15.634475508080909,15.114564208524774,15.151700729921641,811300
2000-07-18,15.448792457580566,15.708748099895626,15.225973335596233,15.560202018572735,575400
2000-07-19,15.931571006774902,15.968707535928223,15.485932656935043,15.560205715241686,1002300
2000-07-20,15.708744049072266,16.377201242649807,15.59733451680934,16.3400647318955,778300
2000-07-21,15.63447380065918,15.96870245673028,15.523064248635482,15.745883352682881,590700
2000-07-24,15.448792457580566,15.560202018572735,15.3373828965884,15.48592897791129,409500
2000-07-25,15.671614646911621,15.857297284908206,15.411658953716406,15.411658953716406,676100
2000-07-26,15.337379455566406,15.745881087554856,15.300242943567456,15.634471551558006,873200
2000-07-27,15.448792457580566,15.708748099895626,15.374519416919123,15.448792457580568,632400
2000-07-28,15.708744049072266,15.78301707058088,15.374515452283493,15.374515452283493,535800
2000-07-31,15.374521255493164,15.894432602297282,15.30024820594972,15.745886503210391,786000
2000-08-01,15.894436836242676,16.117256044227386,15.52307148960149,15.597344558929727,1564300
2000-08-02,16.414337158203125,16.414337158203125,15.931562535903034,15.968699045310734,1236100
2000-08-03,17.12921905517578,17.3056175169906,16.711433224561738,16.711433224561738,2082600
2000-08-04,16.89712142944336,17.11994061312833,16.30293693961678,17.008531021285844,1193500
2000-08-07,17.166353225708008,17.1942056106064,16.600021399440735,16.674294425836443,768400
2000-08-08,17.11993408203125,17.11993408203125,16.82284195045587,17.045661049137404,684800
2000-08-09,16.924964904785156,17.08279507668935,16.859976010471662,17.008522054616787,383400
2000-08-10,16.794998168945312,17.00853324793135,16.56289482222136,16.85998710602802,1381900
2000-08-11,16.971391677856445,17.119937775693263,16.822845580019628,16.822845580019628,646000
2000-08-14,17.082799911499023,17.26848251923271,16.63716165293818,16.63716165293818,847000
2000-08-15,17.342758178710938,17.491304287308033,16.89711985291965,16.934256380068923,833900
2000-08-16,17.20349884033203,17.417033904189363,17.194214707120842,17.37989737134461,649400
2000-08-17,17.157073974609375,17.342756593382205,17.04566440334568,17.11993745085481,516900
2000-08-18,17.166353225708008,17.305615150199962,17.082796071012837,17.157069097408545,426100
2000-08-21,17.082799911499023,17.157072954592497,16.97139034685881,17.082799911499023,495500
2000-08-22,17.008525848388672,17.0456623677083,16.93425280974942,16.93425280974942,411700
2000-08-23,17.082799911499023,17.082799911499023,16.897117303765338,16.934253825312076,523900
2000-08-24,16.822839736938477,17.08279531786247,16.748566713817336,17.045658806301898,400700
2000-08-25,16.600021362304688,16.822840440993343,16.48861182296036,16.822840440993343,358800
2000-08-28,16.971391677856445,17.194210824611673,16.562889908805197,16.637162957723607,490200
2000-08-29,16.822839736938477,17.08279531786247,16.785703225377905,16.971385783180757,254000
2000-08-30,16.89712142944336,17.11994061312833,16.63716571514423,16.63716571514423,465400
2000-08-31,17.20349884033203,17.37989737134461,16.785712845828556,16.785712845828556,866000
2000-09-01,17.166353225708008,17.379888176595667,17.045659557814982,17.305615150199962,413800
2000-09-05,17.491296768188477,17.52843327937359,17.08279514515223,17.08279514515223,626700
2000-09-06,17.788393020629883,17.899802580258044,17.528437381497504,17.565573901373558,1180300
2000-09-07,17.862668991088867,17.974078568995868,17.788395939150867,17.825532465119867,1215300
2000-09-08,18.14119529724121,18.196900093445635,17.82553478541613,17.82553478541613,1581900
2000-09-11,18.800363540649414,18.86535245165413,18.12262204017168,18.12262204017168,1926300
2000-09-12,18.382583618164062,18.90249507403133,18.011218292544587,18.753948943783538,3344700
2000-09-13,18.187578201293945,18.675080297411103,18.11257787881438,18.52507965245198,2740600
2000-09-14,17.62508201599121,17.887583237505975,17.400080968978557,17.850083063003865,946000
2000-09-15,16.987571716308594,17.40007345776421,16.875071241366154,16.95007155799445,2489500
2000-09-18,16.603200912475586,17.02507784136401,16.425075098056027,17.02507784136401,1304600
2000-09-19,15.525067329406738,16.462571395192168,15.187565865723982,16.462571395192168,1627300
2000-09-20,13.687559127807617,15.525067065513298,13.38755783185567,15.450066741525312,4401900
2000-09-21,13.912556648254395,14.100057411707958,13.387554510584419,13.762556037491544,3045500
2000-09-22,15.600069999694824,15.600069999694826,14.175063605491932,14.175063605491932,2866900
2000-09-25,15.825066566467285,16.425069090314384,15.450064989062847,16.425069090314384,2222100
2000-09-26,16.387571334838867,16.425071498076484,15.787568723036987,15.825068886274604,1566700
2000-09-27,15.234441757202148,16.050070331280047,14.47506342961238,15.900069673978365,4164800
2000-09-28,14.775062561035156,15.600066054290926,14.587561767113389,15.300064784016099,3939600
2000-09-29,14.521941184997559,14.925068022282836,14.475065971359735,14.850067680462319,1608900
2000-10-02,14.850065231323242,14.962565725499934,14.175062266263096,14.550063913518732,1576100
2000-10-03,14.550066947937012,14.962568845945537,14.400066257752094,14.850068328306849,1377000
2000-10-04,14.287559509277344,14.700061227392963,14.06255857212337,14.550060602623647,1651600
2000-10-05,14.175055503845215,14.662557412707617,14.025054916502938,14.437556531694202,1207800
2000-10-06,14.850065231323242,15.000065890225498,14.250062595714223,14.250062595714223,1912100
2000-10-09,15.037565231323242,15.225066044681387,14.662563604606952,14.77506409262184,1249200
2000-10-10,15.337563514709473,15.975066154685173,15.075062427660656,15.150062738246033,1377500
2000-10-11,16.125062942504883,16.20006323526072,15.30005972219068,15.562560746836109,2924200
2000-10-12,16.125062942504883,16.237563381638637,15.450060307702353,16.050062649749048,1344600
2000-10-13,16.83757209777832,16.98757274007479,16.050068725721875,16.050068725721875,1525700
2000-10-16,17.025068283081055,17.437569937516937,16.725067079854956,16.98756813267779,1201100
2000-10-17,17.175067901611328,17.21256804986812,16.83756656730019,17.06256745684095,1524900
2000-10-18,16.912569046020508,17.58757180173751,16.80006858673434,17.137569964592842,1024400
2000-10-19,16.912569046020508,16.987569352211285,16.575067668162003,16.875068892925118,2011200
2000-10-20,16.68757438659668,16.912575389562026,15.600069538930828,16.76257472091846,1472200
2000-10-23,17.437570571899414,17.512570875434466,16.612567233013852,16.6875675365489,1240800
2000-10-24,17.5125732421875,17.700074026365098,17.13757167383231,17.5125732421875,1378900
2000-10-25,16.537567138671875,17.51257109696092,16.50006698642999,17.250070031267715,1393900
2000-10-26,16.275075912475586,16.762578186351583,16.16257538773497,16.57507731178389,859100
2000-10-27,16.275075912475586,16.61257748669743,15.825073813513127,16.087575037907893,1362000
2000-10-30,16.275075912475586,16.42507661212974,16.16257538773497,16.200075562648507,1292100
2000-10-31,16.162569046020508,16.31256968681884,15.900067924623421,16.27506952661926,1002200
2000-11-01,16.83757209777832,16.95007257950067,16.12506904687011,16.31256984974069,1991100
2000-11-02,16.61257553100586,16.987577235994706,16.387574508012552,16.987577235994706,739000
2000-11-03,16.275075912475586,16.725078011438043,16.050074862994357,16.31257608738912,663700
2000-11-06,16.350072860717773,16.80007486605863,16.23757235938256,16.425073194941252,429600
2000-11-07,15.9375638961792,16.462566000994514,15.787563294803395,16.462566000994514,624100
2000-11-08,16.012569427490234,16.2000702404585,15.675067964147347,16.087569752677542,522300
2000-11-09,16.087568283081055,16.23756891975314,15.825067168904908,16.087568283081055,368800
2000-11-10,16.275075912475586,16.61257748669743,16.087575037907893,16.125075212821432,400200
2000-11-13,16.61257553100586,16.87507672449805,16.237573826017012,16.237573826017012,923500
2000-11-14,16.200071334838867,16.46257249072746,15.975070344077215,16.46257249072746,486500
2000-11-15,16.800073623657227,16.91257411667279,16.200070994240896,16.200070994240896,909600
2000-11-16,16.800073623657227,16.87507395233427,16.575072637626103,16.650072966303146,465500
2000-11-17,17.175067901611328,17.400068791152087,16.987567160327362,17.100067605097742,1147300
2000-11-20,17.175067901611328,17.362568642895294,16.95006701207057,17.250068198124914,680100
2000-11-21,16.72507095336914,17.062572385163588,16.575070317016056,16.987572066987042,1158900
2000-11-22,16.800073623657227,16.91257411667279,16.687573130641667,16.725073294980184,799400
2000-11-24,16.762569427490234,16.762569427490234,16.350067718983762,16.725069272171464,263800
2000-11-27,16.31257438659668,16.650075925629714,16.31257438659668,16.650075925629714,726500
2000-11-28,16.5750675201416,16.5750675201416,16.275066298057588,16.387566756339094,764900
2000-11-29,16.5750675201416,16.987569200507114,16.462567061860096,16.462567061860096,867300
2000-11-30,16.462574005126953,16.800075522316344,16.387573667973758,16.61257467943335,2417900
2000-12-01,16.162569046020508,16.53757064801634,16.087568725621338,16.500070487816757,1269800
2000-12-04,16.087568283081055,16.350069397257204,15.937567646408972,16.087568283081055,1166300
2000-12-05,15.787567138671875,16.087568414466116,15.600066341300476,16.087568414466116,840700
2000-12-06,15.300065040588379,15.825067272373275,15.18756456234876,15.750066953546861,878900
2000-12-07,14.962564468383789,15.52506689200724,14.925064306808894,15.375066245707654,1390100
2000-12-08,14.13756275177002,14.625064915624158,14.100062585319701,14.625064915624158,1990100
2000-12-11,13.162553787231445,13.875056698790983,12.71255194835174,13.200053940471422,3155600
2000-12-12,12.975054740905762,13.350056323012865,12.937554582695052,13.312556164802155,2227800
2000-12-13,12.891395568847656,13.195617293186244,12.853367853305333,13.081534146559273,3010900
2000-12-14,13.918144226074219,14.070255091932953,12.967451314457126,12.967451314457126,3257700
2000-12-15,14.640670776367188,14.67869849266944,14.260393613344663,14.298421329646915,2949100
2000-12-18,14.374471664428711,14.678693286956303,14.222360853164915,14.640665584140354,1937500
2000-12-19,13.613924980163574,14.146313107879468,13.347730916305627,13.461814086530461,2166900
2000-12-20,12.739280700683594,13.537862475950327,12.625197589931203,13.347723958029675,7985900
2000-12-21,11.104096412658691,11.67451232426787,10.343541863846452,11.408318232183586,7129300
2000-12-22,12.206899642944336,12.663232339876835,11.408317423312464,12.092816468711211,6802900
2000-12-26,12.054789543151855,12.20690045221371,11.560429088700833,12.20690045221371,2032400
2000-12-27,12.092812538146973,12.092812538146973,11.560424564769434,11.560424564769434,2435600
2000-12-28,11.826617240905762,11.978728073586222,11.712534116395418,11.864644949075878,2427200
2000-12-29,12.168869018554688,12.244924449920653,11.712536430358886,11.750564146041869,1575600
2001-01-02,11.902677536010742,12.092816154796857,11.788594364739074,11.940705259767965,1972200
2001-01-03,10.343541145324707,12.739287807660945,10.343541145324707,12.054788761279163,5729400
2001-01-04,7.301321506500244,8.518208424250286,5.399935697515806,8.213986694812775,23003400
2001-01-05,7.681600093841553,7.909766433262588,6.730907012920568,6.844990182631086,9592100
2001-01-08,8.518210411071777,8.670321311269488,7.339350934539523,7.643572734934943,8297500
2001-01-09,8.213988304138184,8.290043751398724,7.529489278793336,8.061877409617107,5950500
2001-01-10,8.25201416015625,8.518208165322582,7.377376714609736,8.175958730108727,5967100
2001-01-11,7.491457939147949,7.7576518760719875,7.035125475849596,7.7576518760719875,6408600
2001-01-12,7.035128593444824,7.605544425345756,6.959073149191367,7.529488981092299,6914100
2001-01-16,6.654849529266357,7.035126645224435,5.780212162562779,7.035126645224435,7947700
2001-01-17,5.85626745223999,6.5787939560877815,5.7421843200534965,6.5787939560877815,7646300
2001-01-18,5.932323932647705,6.160490237749539,5.095714147274311,5.85626849761376,10080500
2001-01-19,6.198517322540283,6.540766745257232,5.285852195295088,5.5140184771063865,7868800
2001-01-22,5.932323932647705,6.844989153055044,5.8942962151307325,6.00837936768165,5374200
2001-01-23,5.818240165710449,6.084434160220078,5.5140184576994455,6.008378733217327,3590300
2001-01-24,6.046406269073486,6.198517118609926,5.780212282384717,5.856267707152937,6940900
2001-01-25,7.9097676277160645,7.909767627716065,6.388658468539899,7.301323964045599,11913500
2001-01-26,7.605541706085205,8.290040459632873,7.415403163433075,7.795680248737335,7713900
2001-01-29,8.530376434326172,8.548629573186222,8.183563314444282,8.366096443815252,6079700
2001-01-30,9.266594886779785,9.424790347313872,8.88327596509201,8.97454226449253,7470900
2001-01-31,8.670319557189941,9.30918532482374,8.213986948916785,9.30918532482374,6951100
2001-02-01,8.706827163696289,8.883275764066104,7.678557273751155,8.366098531814767,5390200
2001-02-02,8.360011100769043,9.217916091511892,8.21398484282489,9.12664982536099,3879300
2001-02-05,8.274832725524902,8.572969933452693,7.90976635400642,8.33567673393998,2392000
2001-02-06,7.861090183258057,8.274831955089622,7.757654740300166,8.274831955089622,3406600
2001-02-07,7.84891939163208,8.153141082474514,7.830666252653445,7.909763961903297,4245800
2001-02-08,7.861090183258057,7.885427900409505,7.58120614588793,7.848921034553859,2413500
2001-02-09,7.940186500549316,8.043621925158726,7.855004215501319,7.879341928335483,2376200
2001-02-12,7.635966777801514,8.603392128983883,6.7658923031708555,7.940188557154108,6933700
2001-02-13,7.483856201171875,7.848922003511345,7.38042074544477,7.423011610653454,1870200
2001-02-14,7.605541706085205,7.855003381203714,7.313489183094789,7.423008589087803,2367600
2001-02-15,7.812412738800049,7.8793412986813935,7.575119622436886,7.6055419061126965,1952800
2001-02-16,7.9097676277160645,8.30525577699903,7.788079011033391,7.788079011033391,3037100
2001-02-20,7.903681755065918,8.147059528757534,7.830668597035533,7.94018862420961,2173400
2001-02-21,7.946269989013672,8.366095623153488,7.788074587059691,7.848918570710384,2679600
2001-02-22,8.852853775024414,8.852853775024414,7.921935305315703,8.001032456247389,4361700
2001-02-23,8.335678100585938,9.05972638741301,7.988865396962859,8.792010849671923,3610600
2001-02-26,8.499953269958496,8.974538893015561,8.457361843349247,8.609472672044426,3349700
2001-02-27,8.548628807067871,8.633810500952102,8.396517976266866,8.579051089279426,1724500
2001-02-28,8.493870735168457,8.54863073947634,8.40260444815992,8.518208450387862,1846300
2001-03-01,8.51212215423584,8.518206726873807,8.274829623922983,8.493869016578724,1566800
2001-03-02,8.822428703308105,8.822428703308105,8.280913905040192,8.512122451033566,1589900
2001-03-05,8.974539756774902,8.974539756774902,8.725078066546319,8.944117472056504,2516900
2001-03-06,8.76158618927002,8.974541646892273,8.639897605024563,8.974541646892273,1410400
2001-03-07,8.852853775024414,8.91369778191471,8.700742887413194,8.700742887413194,1257300
2001-03-08,8.779837608337402,8.907610733332676,8.731162187411277,8.85285073972659,1165600
2001-03-09,8.74333381652832,8.877191561112667,8.63989836574819,8.73724924171608,993400
2001-03-12,8.834598541259766,8.877189394034291,8.676403116301739,8.731163115730043,1282600
2001-03-13,8.66423511505127,8.81026141266005,8.63989739878314,8.792008270523183,1104900
2001-03-14,7.970609188079834,8.518208044555662,7.818498330141339,8.366097186617168,2449000
2001-03-15,7.861090183258057,7.976694194663199,7.727232448796618,7.909765617560954,1820500
2001-03-16,6.948425769805908,7.362167592257159,6.546853097547704,7.301323001805969,3907000
2001-03-19,7.210055828094482,7.386504422845183,6.942340358658073,7.240477539399437,2105700
2001-03-20,6.936255931854248,7.264815411147198,6.936255931854248,7.130958253838301,1285000
2001-03-21,7.149210453033447,7.343912169050879,6.942339589636484,6.942339589636484,2130100
2001-03-22,6.808480262756348,7.143124193368745,6.632031729198065,7.082280211602603,2183800
2001-03-23,6.479924201965332,6.7111328429526,6.333897875107177,6.571191091444462,2668900
2001-03-26,8.366095542907715,8.94411657345726,7.483852856252435,7.605541402643377,5808400
2001-03-27,8.031455039978027,8.61556089271772,8.031455039978027,8.366099120863987,3920200
2001-03-28,8.031455039978027,8.390436840550766,8.001032745305302,8.366099120863987,2166800
2001-03-29,7.678555011749268,7.909763554511972,7.623795017376944,7.873256698178157,1818400
2001-03-30,7.203968524932861,7.5751187166803025,7.003182289040031,7.5751187166803025,2562800
2001-04-02,7.149210453033447,7.22830817022975,6.753722447308819,6.753722447308819,1839000
2001-04-03,7.01535177230835,7.270898029709614,6.753721522307477,7.027520918021174,1758700
2001-04-04,7.088367462158203,7.088367462158203,6.844990262698399,6.99710115742503,2359700
2001-04-05,6.924088001251221,7.027523456140628,6.790230251348986,7.027523456140628,1513900
2001-04-06,3.985304594039917,7.021437179230606,3.9853045940399165,6.92408632299107,8618900
2001-04-09,4.198259353637695,4.71543616536132,3.954881945141752,3.954881945141752,7138800
2001-04-10,5.1717705726623535,5.415147779273064,4.563326975878548,4.563326975878548,6547800
2001-04-11,5.147430419921875,5.226528119762202,4.8797156191411,5.110923566050664,2604100
2001-04-12,5.263036251068115,5.445569424339308,5.129179093558608,5.171769954561,2312700
2001-04-16,5.378637790679932,5.536833156348549,5.208273863174992,5.506410881372794,2597700
2001-04-17,5.415144920349121,5.439482628161107,5.2873718092720114,5.3238786611183535,1901300
2001-04-18,5.500328540802002,5.536835401628379,5.42123082589224,5.475990827003373,2981900
2001-04-19,5.311710834503174,5.506413125546168,5.305626841233758,5.506413125546168,1878700
2001-04-20,5.415144920349121,5.475989480007449,5.214358685836053,5.3238786611183535,2277500
2001-04-23,5.469908237457275,5.500330535804125,5.360388775768527,5.475992813178061,2225800
2001-04-24,5.488162040710449,5.53683748663744,5.415148291562878,5.4759928891001595,1583300
2001-04-25,5.354303359985352,5.445569660449613,5.299543347604,5.445569660449613,2102400
2001-04-26,5.317795753479004,5.354302616751361,5.256951755034285,5.354302616751361,1214100
2001-04-27,5.439482688903809,5.469904969072698,5.3238787205701055,5.3238787205701055,749500
2001-04-30,5.457736968994141,5.506412390190295,5.360386126601832,5.475990106878501,1273200
2001-05-01,5.475990295410156,5.567256568230935,5.421230299614965,5.567256568230935,1418200
2001-05-02,5.451653957366943,5.500329392501357,5.390809373320447,5.47599167493415,1554900
2001-05-03,5.390811443328857,5.433402900618807,5.317798262591031,5.409065173706199,672700
2001-05-04,5.475990295410156,5.475990295410156,5.366470303819773,5.384724022589379,1266300
2001-05-07,5.475990295410156,5.518581145358945,5.439483438127758,5.475990295410156,643800
2001-05-08,5.445568561553955,5.4759908489886,5.43339999473422,5.4759908489886,628400
2001-05-09,5.475990295410156,5.536834864128549,5.409061734025373,5.463821149563754,6560500
2001-05-10,5.536835193634033,5.652439184770576,5.451652908410319,5.482075194579991,2395900
2001-05-11,6.4373321533203125,6.443416727553378,5.567257766727938,5.597680057636324,5333400
2001-05-14,7.179632186889648,7.301320750005031,6.437331081500556,6.443415654720535,6170000
2001-05-15,7.027523040771484,7.276984800669349,6.997100747556798,7.027523040771484,3183300
2001-05-16,6.692878246307373,6.8875799732450105,6.632033666510903,6.753722826103844,1539700
2001-05-17,7.100536823272705,7.112705393478813,6.510346371722195,6.686794991638489,1269800
2001-05-18,7.082282066345215,7.12487292276109,6.966677484277981,7.100535207629604,1540700
2001-05-21,6.790228843688965,7.143126000062987,6.729384846533692,7.143126000062987,1160700
2001-05-22,6.832817077636719,6.978843891336899,6.741550826798694,6.851070792009661,1183700
2001-05-23,6.8145670890808105,7.0031848295359165,6.8145670890808105,6.893664813771214,1116300
2001-05-24,6.851069927215576,6.9545053079124965,6.820647654024141,6.893660761529626,1019600
2001-05-25,6.668541431427002,6.80239917691061,6.62595056796917,6.790230027204375,671000
2001-05-29,6.723302841186523,6.753725141514575,6.449503298748281,6.632035940202365,1120100
2001-05-30,6.698962688446045,6.765891260698908,6.5833581051602135,6.705047262357279,680800
2001-05-31,6.936255931854248,7.0031850907656565,6.692878754695382,6.692878754695382,668900
2001-06-01,7.088367462158203,7.149212052151661,6.753723957965226,6.966678862428301,2501400
2001-06-04,6.936255931854248,7.0822828184065285,6.8449896354839135,7.057945100690642,795800
2001-06-05,6.84498929977417,6.9240870235357255,6.662456135728806,6.9058338812082685,909100
2001-06-06,6.735469818115234,6.838905266581463,6.638118944325132,6.765892111238887,677600
2001-06-07,7.270898818969727,7.4534319626785335,6.741553108393994,6.741553108393994,2178600
2001-06-08,7.203968524932861,7.252643940891321,6.997097716981041,7.210053096991851,686500
2001-06-11,6.997101783752441,7.368252191215461,6.9971017837524405,7.149212692094885,660000
2001-06-12,7.301321506500244,7.301321506500244,6.87541120133911,6.997099777062735,962000
2001-06-13,6.8632426261901855,7.240477532531916,6.851074057731135,7.240477532531916,1201000
2001-06-14,6.796313762664795,6.936255485460736,6.753722904467235,6.86932691111358,677500
2001-06-15,6.997101783752441,7.149212692094885,6.79631543116098,6.79631543116098,1509200
2001-06-18,7.112703800201416,7.155295237024698,6.984930650245372,7.057944376154741,1507500
2001-06-19,7.289151191711426,7.289151191711426,7.039689506355836,7.057943224984395,1536500
2001-06-20,7.356082916259766,7.416926925619361,7.064029698459871,7.289153751630097,780800
2001-06-21,7.179632186889648,7.216138465695844,6.930170487438905,7.149209901046594,864800
2001-06-22,7.270898818969727,7.270898818969727,7.064027961450203,7.118787962588532,683400
2001-06-25,7.118786811828613,7.295235353497418,7.088364529418796,7.295235353497418,609400
2001-06-26,7.325657844543457,7.380417838389348,7.021436172294548,7.088364731296863,1072500
2001-06-27,7.210055828094482,7.35608213128328,7.149211244970676,7.26481525659757,655200
2001-06-28,7.423013687133789,7.62988465645715,7.270902748543929,7.295240475508019,1081900
2001-06-29,6.8145670890808105,7.423010589539043,6.8145670890808105,7.270899714424485,1190800
2001-07-02,7.605541706085205,7.605541706085204,7.094449210595194,7.118786920844395,970100
2001-07-03,7.642048358917236,7.684639205659616,7.4169238197615375,7.483852956364441,389900
2001-07-05,8.104466438293457,8.110551011957494,7.599458429316125,7.642049864707494,1237700
2001-07-06,8.183563232421875,8.46953177956162,7.92193297719402,8.104465524478677,2210700
2001-07-09,8.579052925109863,8.645981496091904,8.153142043521017,8.21398662096425,2140200
2001-07-10,8.24441146850586,8.463450970822434,8.15314457401448,8.45736639513826,1064400
2001-07-11,8.366095542907715,8.731161762337301,8.250491568900511,8.250491568900511,1884900
2001-07-12,8.3478422164917,8.55471303078808,8.22006910061786,8.335673072000501,1345900
2001-07-13,8.700738906860352,8.749414322206578,8.21398417314137,8.21398417314137,1576900
2001-07-16,9.126655578613281,9.339611107550445,8.761589123365896,8.82243372599284,3203300
2001-07-17,9.077977180480957,9.18141262320113,9.01104860353253,9.096230323238357,1303200
2001-07-18,9.187495231628418,9.211832943516226,9.071890664968711,9.071890664968711,1704300
2001-07-19,9.370030403137207,9.370030403137207,9.169244078802624,9.175328653541728,1622500
2001-07-20,9.126655578613281,9.309188806236975,9.06581097598634,9.309188806236975,1298900
2001-07-23,8.670319557189941,9.10231444956547,8.566884119560806,9.096229875526834,1565200
2001-07-24,8.360011100769043,8.731161898364721,8.061874012402209,8.70073961622883,1539900
2001-07-25,8.518210411071777,8.603392724075029,8.213988610676356,8.335677214783118,1677900
2001-07-26,8.822428703308105,8.822428703308105,8.335673900177676,8.40868703360872,1448400
2001-07-27,9.004964828491211,9.004964828491211,8.5547167321309,8.761587055676477,1567600
2001-07-30,9.059721946716309,9.077975085260837,8.712908832829413,8.94411738200174,779400
2001-07-31,9.047554016113281,9.309184884839869,8.88327458663295,8.998878586618599,1827400
2001-08-01,9.157076835632324,9.278765446751422,8.822432719862007,9.035388224513229,825700
2001-08-02,9.394367218017578,9.406536366325012,9.217918629358303,9.217918629358303,701300
2001-08-03,9.27876091003418,9.44912488230389,9.065805509504452,9.333520903327926,985200
2001-08-06,9.169239044189453,9.28484357972878,9.077972794242966,9.28484357972878,449100
2001-08-07,9.631658554077148,9.643827700067886,9.272676870945872,9.339606013381287,1001500
2001-08-08,9.552563667297363,9.64991454294897,9.479550510558656,9.491719660143602,899800
2001-08-09,9.735095024108887,9.820276734205436,9.479548733305478,9.552561876355469,1374200
2001-08-10,9.75334644317627,9.935878967593295,9.582981902677153,9.613404183498906,864900
2001-08-13,9.76551342010498,9.80810542122292,9.722922579500407,9.753345437441794,492100
2001-08-14,9.808109283447266,9.856784714807462,9.771601839541749,9.783770987510254,463400
2001-08-15,9.741183280944824,9.850703327058262,9.741183280944824,9.814195871344317,1154600
2001-08-16,9.771599769592285,9.875035184385876,9.68641807288471,9.735093493933835,827800
2001-08-17,9.77768611907959,9.844615270377032,9.67425068548981,9.67425068548981,1044700
2001-08-20,10.215768814086914,10.215768814086914,9.735097803016224,9.735097803016224,1337800
2001-08-21,10.063654899597168,10.276609171905198,10.008894897999747,10.118413740680843,945500
2001-08-22,9.978472709655762,10.16100644758159,9.978472709655762,10.039317288964371,676800
2001-08-23,9.917630195617676,10.161008563533795,9.826363887906165,10.008897663843253,909700
2001-08-24,10.087991714477539,10.087991714477539,9.868951715011626,9.917627141502528,1135800
2001-08-27,10.130581855773926,10.209680143584917,10.014977290788273,10.069737286807076,800400
2001-08-28,10.191429138183594,10.197513712751645,10.008896543197821,10.008896543197821,802200
2001-08-29,9.990641593933105,10.112330749338533,9.954135311516994,10.069738732586977,479200
2001-08-30,9.92979621887207,10.173173349626053,9.814191646571292,10.027147071173664,593000
2001-08-31,9.978472709655762,10.075823572344007,9.88720642094976,10.008895579566978,718900
2001-09-04,10.069740295410156,10.270526620631482,9.862869395422853,9.88720769448676,705800
2001-09-05,10.039314270019531,10.051483414324608,9.79593718648539,9.978469709007626,557300
2001-09-06,9.917630195617676,10.039319379575735,9.753351305942582,10.039319379575735,711100
2001-09-07,10.045401573181152,10.124498711641065,9.856784427227677,9.917627844267399,949600
2001-09-10,10.100163459777832,10.142754323850847,9.929798842971765,9.948052567794774,1179700
2001-09-17,9.339607238769531,9.826361537126454,9.15707408675724,9.795939828671816,1009400
2001-09-18,9.284843444824219,9.339603426099139,9.03538182368883,9.333518854789334,1003500
2001-09-19,8.822428703308105,9.522138333881543,8.7615841353205,9.321352071881972,1216700
2001-09-20,8.506040573120117,9.79594141318004,8.457365135411099,8.670320610580792,2480000
2001-09-21,10.343541145324707,10.617341228083045,9.309187146843643,9.309187146843643,2643800
2001-09-24,10.021058082580566,10.337448793416419,9.984551819180489,10.313111671320764,3103500
2001-09-25,9.552563667297363,10.130584926671528,9.388284209699522,10.021064901434974,2015200
2001-09-26,9.430872917175293,9.552561483926183,9.309184350424403,9.430872917175293,1442800
2001-09-27,9.297014236450195,9.552560490170954,9.272676525631876,9.461294219666453,846500
2001-09-28,9.248339653015137,9.370028218135696,9.12665108789458,9.27876193935949,3405400
2001-10-01,9.272679328918457,9.309186196310975,9.132737594470582,9.248341610742436,1509200
2001-10-02,9.157076835632324,9.24834314890738,9.102316815564464,9.144907684391882,2661700
2001-10-03,10.702521324157715,10.702521324157715,9.82636235378484,10.039317812207162,3854200
2001-10-04,10.495648384094238,10.933727203210646,10.234017543040428,10.647759230240531,2352200
2001-10-05,10.860716819763184,10.891138530873203,10.203597879367312,10.526072194983522,2568500
2001-10-08,11.104096412658691,11.104096412658691,10.647763683371346,10.708608279379154,1085600
2001-10-09,10.994572639465332,11.073670935577114,10.958066358459606,10.994572639465332,599900
2001-10-10,11.469161033630371,11.499582746617167,10.860717489782754,10.958068363957256,998000
2001-10-11,11.61518383026123,11.864645514913189,11.408312995108835,11.42656671368591,1839400
2001-10-12,11.621271133422852,11.797719145734838,11.530004840122592,11.615186559134317,1478300
2001-10-15,11.64560317993164,11.742954004969743,11.572590641409752,11.572590641409752,1353500
2001-10-16,11.736871719360352,11.785547136547127,11.584760895587491,11.590844307286538,773700
2001-10-17,11.791629791259766,11.858558920787495,11.627350994121521,11.657772692717717,656900
2001-10-18,11.742961883544922,11.888989379588057,11.651695568903577,11.712540165502524,1214500
2001-10-19,12.053263664245605,12.162783664064806,11.669944825392115,11.724704825301716,914000
2001-10-22,12.138447761535645,12.168869471007632,12.028927750614363,12.053264886089188,958200
2001-10-23,12.071521759033203,12.229717242710722,12.053268032277058,12.138450929958266,1495500
2001-10-24,12.06543254852295,12.108023400745251,11.803801701427462,11.986335417326346,990300
2001-10-25,11.590840339660645,12.138440046206512,11.560418649525024,12.016750964637854,1564900
2001-10-26,11.073670387268066,11.560424644955452,10.95806581587468,11.560424644955452,1794100
2001-10-29,10.860716819763184,11.061503130425425,10.751196802944891,10.921561402497113,615600
2001-10-30,11.037161827087402,11.037161827087402,10.80595386828605,10.860713861780976,624300
2001-10-31,10.988486289978027,11.073669145909587,10.799869181332356,10.915473739766473,617200
2001-11-01,11.01890754699707,11.104089229999907,10.678178493958937,10.951978418630045,898100
2001-11-02,10.909392356872559,10.976321514563327,10.617339749608313,10.951983217034357,811300
2001-11-05,11.1710205078125,11.31704677556326,10.891135957571665,10.891135957571665,920500
2001-11-06,11.164932250976562,11.164932250976562,10.842456957442307,11.104087702694766,712100
2001-11-07,10.951980590820312,11.164936001077876,10.848545172153132,11.164936001077876,1012600
2001-11-08,10.647761344909668,10.982404808686988,10.337455017882062,10.951983097621373,1366800
2001-11-09,10.951980590820312,11.043246863641091,10.678180611844356,10.89113602210192,1600400
2001-11-12,10.732934951782227,10.939805680103413,10.586908760116627,10.860708594810259,590700
2001-11-13,11.01282787322998,11.098009594117343,10.617339819877918,10.617339819877918,688000
2001-11-14,10.9580659866333,11.043247692927551,10.769448853904446,11.012825986540664,629900
2001-11-15,10.830289840698242,11.03107607521131,10.74510815348465,10.97023267606643,836400
2001-11-16,11.134516716003418,11.164939590399818,10.83637951000267,10.83637951000267,1309600
2001-11-19,11.098006248474121,11.201441661447024,10.739024589363074,11.04324625569355,682700
2001-11-20,11.037161827087402,11.164935532080086,10.951980130767994,11.043246399755013,646800
2001-11-21,10.903307914733887,10.9519833498683,10.763366183786687,10.9519833498683,333400
2001-11-23,10.970233917236328,11.006740192956258,10.678180229936151,10.830291066035034,220300
2001-11-26,10.860716819763184,11.055418556100644,10.72077509183487,10.951983113607133,476100
2001-11-27,10.921562194824219,11.195361096219367,10.842463883377597,10.951983908141244,895100
2001-11-28,11.164932250976562,11.195353944860845,10.891132363965097,10.94589234136739,1570300
2001-11-29,11.104096412658691,11.317051918428946,11.02499925020844,11.164941008666498,985300
2001-11-30,11.134516716003418,11.292712181322711,10.982405825563404,11.043250413842209,1087600
2001-12-03,11.189278602600098,11.310967799529696,11.012830543617788,11.134518580033196,1045900
2001-12-04,11.329218864440918,11.341386852862602,10.860717075045537,10.951983371034709,835400
2001-12-05,11.639521598815918,11.663859891585307,11.377891914627014,11.377891914627014,958900
2001-12-06,11.426565170288086,11.499577713707282,11.329214338720188,11.499577713707282,857900
2001-12-07,11.64560317993164,11.724701450595958,11.371804419704496,11.499576942374489,909700
2001-12-10,11.72470760345459,11.736876753098787,11.469161263496348,11.645609291281284,1118200
2001-12-11,11.676033973693848,11.834229462026677,11.560429355197902,11.730793995059603,772500
2001-12-12,11.888984680175781,11.89506809296832,11.426567553525285,11.651690963287452,1100100
2001-12-13,11.809885025024414,11.937658728684754,11.621267916349545,11.803800452420248,762200
2001-12-14,11.7733793258667,11.9254901668714,11.657774761759311,11.742956461357586,904000
2001-12-17,11.62735366821289,11.755126224318506,11.317047397010237,11.694281652619493,826700
2001-12-18,11.86464786529541,11.86464786529541,11.383976958834234,11.62735527935393,965900
2001-12-19,11.986339569091797,12.016761285355416,11.724708631373955,11.80380578996782,1042800
2001-12-20,11.803799629211426,11.92548875178088,11.718617939720895,11.864644190496152,727900
2001-12-21,11.83422565460205,11.974167370618133,11.742958208013151,11.828141080795204,1172800
2001-12-24,11.809885025024414,12.010671278907612,11.74295588689216,11.74295588689216,276800
2001-12-26,12.059346199035645,12.162781607989082,11.809884535179737,11.809884535179737,616200
2001-12-27,12.077598571777344,12.15061111084506,11.943740315964222,11.943740315964222,530100
2001-12-28,11.888984680175781,12.168868089180355,11.864646386950847,12.047178944083074,877600
2001-12-31,11.706452369689941,11.986336972851404,11.639523215789927,11.864647813126624,786500
2002-01-02,11.83422565460205,11.864647363122488,11.560425635862938,11.621270213417606,1517600
2002-01-03,11.83422565460205,11.895069071642927,11.627354787224451,11.694282778072175,818800
2002-01-04,11.89506721496582,11.974165501594733,11.657774676106298,11.74295637507872,1119400
2002-01-07,11.937664031982422,12.01676118994829,11.767299404922136,11.895072004831793,534500
2002-01-08,11.657773971557617,12.077600189217227,11.560423132754453,11.834223092209315,1617500
2002-01-09,11.876814842224121,11.968081115477704,11.560424011798984,11.560424011798984,2223800
2002-01-10,11.852479934692383,11.980253682141948,11.566511887374155,11.919409095761868,1545200
2002-01-11,11.554343223571777,11.688200390822193,11.47524607031335,11.560427798516887,1187400
2002-01-14,11.870736122131348,11.90115784137741,11.499585112655556,11.560429711661879,943300
2002-01-15,11.809885025024414,11.913320438268094,11.688195893968237,11.74295588689216,938600
2002-01-16,11.621271133422852,11.876817450971911,11.566511125339918,11.791634571446304,648000
2002-01-17,11.70036506652832,11.742955914343478,11.530001675267691,11.590845080424451,819000
2002-01-18,11.937664031982422,12.01676118994829,11.560428486532533,11.59085020255462,1979700
2002-01-22,12.138447761535645,12.168869471007632,11.785550593296977,11.89506944370443,2244400
2002-01-23,12.181037902832031,12.32097961499759,12.174953329192602,12.290557907314211,1833000
2002-01-24,12.643454551696777,12.716467111437078,12.138446564857132,12.138446564857132,1560800
2002-01-25,12.400077819824219,12.710384139092245,12.357486961191839,12.643456144318728,1336100
2002-01-28,12.515685081481934,12.619120543333608,12.290561591902126,12.320983308705634,1663300
2002-01-29,12.71646785736084,12.80165072940614,12.533935286789363,12.625201572075103,2154600
2002-01-30,12.649540901184082,12.777313478926688,12.473091729428434,12.655624314921836,1125800
2002-01-31,13.081538200378418,13.081538200378418,12.533939158977034,12.62520547245824,1338500
2002-02-01,12.959848403930664,13.038946722966802,12.838160378472578,12.959848403930666,1354400
2002-02-04,13.00243854522705,13.032860257050032,12.838158516149559,12.899003100309436,905700
2002-02-05,13.300577163696289,13.385758894386985,12.90508790431453,12.929426204805612,926100
2002-02-06,13.568289756774902,13.568289756774902,13.203224580585646,13.239730866101793,1581000
2002-02-07,13.2944917678833,13.623050680632122,13.203225467703849,13.434433505526059,1240500
2002-02-08,12.734721183776855,13.270150891895351,11.93157604134224,13.172800035873806,4387600
2002-02-11,12.67995834350586,12.807730878236718,12.533932092164811,12.62519835418878,1187200
2002-02-12,12.68604564666748,12.801650222391531,12.38182393408799,12.47309021575909,1094000
2002-02-13,12.777312278747559,12.984183141816002,12.515681413071954,12.59477971039953,1364100
2002-02-14,12.972012519836426,12.984181665813281,12.625199983091516,12.686044552462153,773000
2002-02-15,12.625203132629395,12.984184904904309,12.442670539495746,12.868580310312238,768400
2002-02-19,12.515685081481934,12.74080973157585,12.375743327363232,12.375743327363232,853000
2002-02-20,12.527852058410645,12.56435834434262,12.174954866364454,12.56435834434262,962100
2002-02-21,12.168869018554688,12.521766173672221,12.053264437934558,12.38182445848215,1669300
2002-02-22,12.58260726928711,12.58260726928711,12.053261102822873,12.053261102822873,782100
2002-02-25,12.35140323638916,12.509598693983575,12.2601369386846,12.442670694607664,1041300
2002-02-26,12.60086727142334,12.65562729205599,12.199294560460016,12.199294560460016,881400
2002-02-27,12.68604564666748,12.929422784628324,12.56435649743019,12.625201072048835,1196900
2002-02-28,12.905083656311035,12.959843653876417,12.606946536518208,12.686044826563165,1157400
2002-03-01,13.385756492614746,13.385756492614746,12.91117016281888,12.929423884911971,1348200
2002-03-04,13.714309692382812,13.714309692382812,13.23972359910725,13.324905272061867,1326500
2002-03-05,13.975936889648438,13.988106029562458,13.513520017533184,13.714307344575346,1651600
2002-03-06,13.756905555725098,13.98202896237054,13.647385558756534,13.902931831511955,1594400
2002-03-07,13.750819206237793,13.890760890725657,13.604792949313913,13.689974642391128,1155300
2002-03-08,13.324913024902344,13.872511967744973,13.203225015667275,13.750823958509905,1374100
2002-03-11,13.020689964294434,13.264067119040217,12.856409949648349,13.172800831074774,1840500
2002-03-12,12.89292049407959,13.081537689307048,12.825991325234904,12.984186803995192,858200
2002-03-13,12.722551345825195,12.899000488104342,12.716466772590016,12.899000488104342,699400
2002-03-14,12.7468900680542,12.819902628307892,12.66779177384669,12.704298053973536,1191300
2002-03-15,12.8259859085083,12.95984302915245,12.746888782789847,12.765141340756012,1309000
2002-03-18,13.191057205200195,13.233648070780228,12.789484528996955,12.789484528996955,814800
2002-03-19,13.507445335388184,13.507445335388185,13.111956156244313,13.111956156244313,739700
2002-03-20,13.391840934753418,13.53178265454737,13.23364549304615,13.385756360782313,1832300
2002-03-21,13.762990951538086,13.775158938195657,13.355333805408824,13.355333805408824,922200
2002-03-22,13.762990951538086,13.872509794538727,13.641301800852373,13.689977229023908,1029600
2002-03-25,13.842089653015137,13.921186797549115,13.720400488563296,13.799498793611155,816200
2002-03-26,13.890771865844727,13.933362746034451,13.781251796491468,13.84209640841155,1832500
2002-03-27,14.176734924316406,14.268002389563607,13.902936010116887,13.902936010116887,1936300
2002-03-28,14.334929466247559,14.395774052302775,13.994201409057883,14.268001466049379,1291900
2002-04-01,14.359264373779297,14.365348946999276,14.079379808228659,14.33492608089938,646800
2002-04-02,14.048956871032715,14.286249403241117,14.00028145005372,14.207152279342841,1049200
2002-04-03,13.842089653015137,14.024622239179013,13.744738785659216,14.024622239179013,1248100
2002-04-04,13.635220527648926,13.902936027649329,13.598714237812425,13.750825132730878,2599300
2002-04-05,13.842089653015137,13.951609668919014,13.781245070789216,13.781245070789216,1160500
2002-04-08,13.817750930786133,13.88468008522681,13.696062930592168,13.848173801220007,582600
2002-04-09,13.750819206237793,13.860339189059088,13.65955294072456,13.82383175444297,550700
2002-04-10,14.237573623657227,14.255827341257179,13.750819426127263,13.811663990946895,1798800
2002-04-11,13.878591537475586,14.286248600459958,13.878591537475586,14.23757318221616,1183200
2002-04-12,14.170648574829102,14.170648574829102,13.87859483545195,14.024621124883632,1052600
2002-04-15,13.927268028259277,14.128054289041696,13.890761751893457,14.085463439862638,1222200
2002-04-16,14.079381942749023,14.176732808000315,13.963778515584272,13.994200225782606,789100
2002-04-17,13.98203182220459,14.140227276792164,13.866428388882603,13.963779259318969,1560700
2002-04-18,14.048956871032715,14.073294001265422,13.872507744662872,13.975943159307434,642100
2002-04-19,14.048956871032715,14.048956871032715,13.93335231101501,13.963775174447868,484900
2002-04-22,14.085464477539062,14.207153621741442,13.988113626382633,13.99419819964412,757800
2002-04-23,14.237573623657227,14.36534732582981,14.055041089711876,14.237573623657225,1279200
2002-04-24,14.298420906066895,14.30450547975666,14.091550042669931,14.21323919543771,876900
2002-04-25,14.280168533325195,14.298422256118004,14.055045088116643,14.176733091860383,1032900
2002-04-26,14.237573623657227,14.280164470876905,14.14630735668455,14.207151921504183,704400
2002-04-29,13.969860076904297,14.207153794940409,13.969860076904297,14.207153794940409,868400
2002-04-30,14.298420906066895,14.310590053446425,14.061128334734871,14.085465468980166,1246700
2002-05-01,14.292338371276855,14.359267530898412,14.085467478368347,14.237578360770842,623100
2002-05-02,14.322760581970215,14.371436015668348,14.207155991744449,14.298422284864209,714000
2002-05-03,14.359264373779297,14.383601506145535,14.249744376847033,14.365348946999276,1340400
2002-05-06,14.2862548828125,14.43228120175868,14.26191774324515,14.359268622542603,1167400
2002-05-07,14.237573623657227,14.389684455449533,14.213236494037501,14.359262753296491,690800
2002-05-08,14.407937049865723,14.450527893765193,14.219319958090871,14.243657085813373,1361200
2002-05-09,14.176734924316406,14.420113284290238,14.15239778462744,14.389690409036495,889500
2002-05-10,14.146303176879883,14.371427652040985,14.055036936873622,14.182809440779746,570800
2002-05-13,14.389693260192871,14.41403156521823,14.115894291743157,14.176737733278033,638000
2002-05-14,13.963781356811523,14.353184897049095,13.909021338901352,14.268003162750649,1230300
2002-05-15,12.972012519836426,13.933353002248873,12.965927946848,13.933353002248873,4055600
2002-05-16,12.777312278747559,13.081533999670121,12.436584276258147,12.959844847095589,3377300
2002-05-17,12.594780921936035,12.76514435931172,12.473091757655792,12.473091757655792,1972700
2002-05-20,12.7103853225708,12.868580784016448,12.54610644690883,12.655625310512155,1157400
2002-05-21,12.71646785736084,12.807734142646579,12.533935286789363,12.777312434389259,864400
2002-05-22,12.953763961791992,12.953763961791992,12.686048470192933,12.71647018401633,1790400
2002-05-23,13.26406192779541,13.264061927795412,12.911164901401246,12.95375690226183,1131200
2002-05-24,13.324913024902344,13.489193055909311,13.221477578769873,13.385757609776842,1407400
2002-05-28,13.373583793640137,13.464850058845188,13.221472964793874,13.324908374829873,880800
2002-05-29,13.203225135803223,13.35533601911656,12.99635424165597,13.233646848260314,809400
2002-05-30,13.324913024902344,13.470939332292781,13.203225015667275,13.203225015667275,1087400
2002-05-31,13.081538200378418,13.38576001899187,12.923342715437727,13.337084574434284,1388300
2002-06-03,12.819900512695312,13.233642154233987,12.80164795590089,13.203220452567598,757700
2002-06-04,12.819900512695312,12.92333592307998,12.56435427295163,12.795563383464906,933000
2002-06-05,12.625203132629395,12.862495735805926,12.436585964989433,12.838158598294603,1198100
2002-06-06,12.327059745788574,12.686041337536398,12.30272146000273,12.625196783585126,1007700
2002-06-07,12.217543601989746,12.320979027903807,12.138446469473676,12.229712748688742,1622200
2002-06-10,12.314898490905762,12.345321367624704,12.004592111457045,12.260138473325748,1070800
2002-06-11,11.998506546020508,12.369657487766393,11.968084832325989,12.290560335852248,1481200
2002-06-12,12.533936500549316,12.613033645986215,11.986337575292781,11.986337575292781,1939100
2002-06-13,12.50350570678711,12.667785628432794,12.412239470488336,12.485253155835249,1199300
2002-06-14,12.485262870788574,12.637373769817145,12.22971651400001,12.473093720342913,957500
2002-06-17,13.148462295532227,13.203222294582257,12.479174320875826,12.503511453501567,1512800
2002-06-18,13.16063117980957,13.355334056672548,12.941592329173599,13.148463192923074,1496300
2002-06-19,12.89292049407959,13.22756401727483,12.83816047602741,13.051115972839877,807000
2002-06-20,12.7103853225708,13.203225431098614,12.7103853225708,12.777314484090027,938900
2002-06-21,12.50350570678711,12.686039339897812,12.290551542261026,12.290551542261026,1590300
2002-06-24,12.059346199035645,12.37573699824775,12.053261626683852,12.320977007595134,1490000
2002-06-25,11.7733793258667,12.199288984371695,11.724703903165738,12.108022711871596,1501900
2002-06-26,10.9580659866333,11.377892265751846,10.958065986633303,11.164936839502515,3795400
2002-06-27,10.313117980957031,10.958067778004677,10.282695109083054,10.958067778004677,2564300
2002-06-28,10.885051727294922,10.885051727294922,9.948049522940035,9.978471227819705,2683900
2002-07-01,10.556493759155273,10.799870899434138,10.459142903043727,10.769449192091935,1328100
2002-07-02,9.844616889953613,10.61125590729823,9.78377230244741,10.556495894594043,2206100
2002-07-03,10.002808570861816,10.276607370336118,9.856782312372813,9.856782312372813,2142000
2002-07-05,10.264436721801758,10.27660470313259,10.051481381583425,10.051481381583425,578600
2002-07-08,10.215768814086914,10.23402137973855,10.008897892931692,10.13058591916094,1118000
2002-07-09,9.893288612365723,10.258354839785925,9.893288612365723,10.142750282991594,1307600
2002-07-10,9.29093074798584,9.929795836690376,9.24833931655053,9.917626690492623,1675100
2002-07-11,9.522140502929688,9.582985084777079,9.035386169178304,9.260510193602553,1516400
2002-07-12,9.114482879638672,9.528224623902334,8.974541160406497,9.528224623902334,1338100
2002-07-15,9.400452613830566,9.400452613830566,8.287000977682581,8.94411995704018,2269300
2002-07-16,8.889358520507812,9.32743796327873,8.76766994758725,9.309184822404866,1386800
2002-07-17,8.95628833770752,9.211834649997567,8.743332884046836,9.03538606105986,1437900
2002-07-18,8.481698036193848,9.114478947213641,8.408684921105793,9.102310384827295,1106500
2002-07-19,8.134889602661133,8.390435921509708,7.90368100083352,8.32959133882883,1646300
2002-07-22,7.569034099578857,8.299166495124284,7.489936984309605,8.128801960026765,1668600
2002-07-23,6.930170059204102,7.757652817513043,6.887578629552933,7.605541977953964,1971100
2002-07-24,7.4777703285217285,7.508192618502046,6.473838820969671,6.6320336844048695,3200700
2002-07-25,7.66638708114624,7.733315646332727,7.191800810801476,7.423009372705038,1603000
2002-07-26,7.331744194030762,7.6359659400050095,7.185717895224786,7.6359659400050095,1432800
2002-07-29,7.575119972229004,7.587289118363975,7.423009127082811,7.453431412163415,1475800
2002-07-30,8.335678100585938,8.42086042264121,7.483857201061601,7.581208094692142,1697600
2002-07-31,8.457364082336426,8.518208662025085,8.061876055130885,8.335675503216022,1851800
2002-08-01,5.9384074211120605,6.899747897777957,4.867546952336414,6.692877059462569,19516300
2002-08-02,5.360388278961182,5.956662718164839,5.263036817222501,5.938409572951286,8665400
2002-08-05,5.050081729888916,5.360388088796035,4.867548543457846,5.354303513855031,5304000
2002-08-06,5.250865936279297,5.445567613555127,5.0805019686629445,5.0805019686629445,4877200
2002-08-07,5.695030689239502,5.719368404910131,5.35430266985069,5.384724959503205,3934900
2002-08-08,5.871480941772461,5.901903240071935,5.688948312489771,5.901903240071935,2228400
2002-08-09,6.327812671661377,6.327812671661377,5.780213710169194,5.87148001033223,2119100
2002-08-12,6.382573127746582,6.443417718924781,6.02967589152989,6.327813111737608,2429500
2002-08-13,6.400827407836914,6.601613763761733,6.266969643801342,6.3886582564441,3390400
2002-08-14,6.4373321533203125,6.4373321533203125,6.023590389582915,6.400825868435799,2585200
2002-08-15,6.8754096031188965,6.991013578119445,6.370401696064565,6.4373302520904865,3332800
2002-08-16,6.851069927215576,6.936251595843676,6.632030024442522,6.844985356525969,1990400
2002-08-19,6.84498929977417,6.9058338812082685,6.662456135728806,6.7902292925348675,855800
2002-08-20,6.577275276184082,6.81456789817202,6.461670672427439,6.741554739079039,1340600
2002-08-21,6.4373321533203125,6.577274459396112,6.309558995710642,6.577274459396112,1795500
2002-08-22,7.009270668029785,7.143127844488759,6.449502500225029,6.449502500225029,1614800
2002-08-23,7.374334812164307,7.569036537552593,7.331743954799847,7.453432533167526,3353700
2002-08-26,7.678555011749268,7.696808149787777,7.514275608889092,7.544697312201008,1867200
2002-08-27,7.25872802734375,7.757651297668526,7.2100526146416595,7.751566726016592,1344100
2002-08-28,7.076196670532227,7.380418364466079,6.942338962729418,7.210054378335035,1434200
2002-08-29,7.149210453033447,7.210055029417337,6.814566443435824,6.875411019819714,918900
2002-08-30,6.905834197998047,7.05794507830411,6.863242756937617,6.936255909853692,1956200
2002-09-03,7.064029693603516,7.270900601849345,6.851074790605817,6.936256519702092,2144500
2002-09-04,7.240474700927734,7.380416955148371,7.149208442277938,7.3013192601987456,1947900
2002-09-05,7.264814853668213,7.276984001720814,7.0579445590862315,7.2404771378199255,1174200
2002-09-06,7.191802501678467,7.301322525239289,7.070113908975874,7.28915337584054,1736400
2002-09-09,7.124869346618652,7.203967026159188,6.875407746667443,7.191797884572979,1058200
2002-09-10,7.51427698135376,7.538614696602597,7.301321537733765,7.301321537733765,2331200
2002-09-11,7.83066463470459,7.861086913554438,7.635962978476299,7.635962978476299,2742800
2002-09-12,7.66638708114624,7.909764209330597,7.526444797247601,7.830666497606471,2406700
2002-09-13,7.8002448081970215,7.873257952237451,7.575120802341474,7.6663876675846785,1519800
2002-09-16,7.544699192047119,7.739401507245062,7.4960237583118685,7.739401507245062,1248000
2002-09-17,7.3621673583984375,7.769824592803962,7.3074073447832175,7.757655442997469,1568000
2002-09-18,7.739399433135986,7.788074853826538,7.301320066664233,7.301320066664233,2083500
2002-09-19,7.374334812164307,7.678556548211961,7.374334812164307,7.635965690847501,2454000
2002-09-20,6.8632426261901855,7.331744407131059,6.838904909015136,7.179633529722768,3896500
2002-09-23,6.546852111816406,7.118788738864086,6.546852111816405,6.741553843533585,2487100
2002-09-24,6.546852111816406,6.607696112849559,6.309558941093394,6.546852111816405,2927800
2002-09-25,6.905834197998047,7.137042225437138,6.571190145273317,6.571190145273317,1938200
2002-09-26,7.301321506500244,7.313490654201057,6.936255199072472,6.997099777062735,1530200
2002-09-27,6.759808540344238,7.289154430374596,6.692879949739388,7.283070435052021,1734000
2002-09-30,6.851069927215576,6.905829902908839,6.540763785124815,6.607692321940694,1611300
2002-10-01,6.972762584686279,6.991015727349089,6.662456258133797,6.838904851226141,1739700
2002-10-02,6.997101783752441,7.11270581877959,6.790230855565586,6.936257188312637,888600
2002-10-03,6.619863986968994,7.149209653375328,6.601610848198243,6.9970988096864914,1402800
2002-10-04,6.44950008392334,6.632032634392047,6.339980089436654,6.632032634392047,1132400
2002-10-07,6.005336761474609,6.449500780199779,6.005336761474609,6.449500780199779,1427400
2002-10-08,5.695030689239502,6.242630162214033,5.597679826556985,6.060097004555857,2543400
2002-10-09,5.263036251068115,5.536836301103385,5.177854529063331,5.536836301103385,2258400
2002-10-10,5.622018337249756,5.7193692136988785,5.019659354028066,5.202192537498668,2143100
2002-10-11,5.591594219207764,5.676776498441117,5.542918796862077,5.628101076095431,2525000
2002-10-14,5.475990295410156,5.506412579769353,5.263034885152592,5.293457169511789,2234400
2002-10-15,5.4029765129089355,5.597678181038603,5.354301095876519,5.597678181038603,2666300
2002-10-16,4.983150959014893,5.354301787124068,4.970982393314181,5.354301787124068,2413600
2002-10-17,5.597681045532227,5.6281033418096325,5.019659737289672,5.019659737289672,1643400
2002-10-18,5.780210018157959,5.780210018157959,5.384722196386639,5.415143890171653,2436400
2002-10-21,6.327812671661377,6.364319539880782,5.628102823059479,5.73762284746071,3019300
2002-10-22,6.157449245452881,6.540768788255934,6.0357606398623185,6.333897868623457,1294200
2002-10-23,6.510344982147217,6.510344982147217,6.145279250028543,6.175700959179085,895300
2002-10-24,6.400827407836914,6.625951486290285,6.358235958219141,6.571191465536775,1134600
2002-10-25,6.498176574707031,6.53468285869026,6.17570111139928,6.437331994392419,911100
2002-10-28,6.540769100189209,6.674626862851108,6.43733363544007,6.625951418293521,870100
2002-10-29,6.571187973022461,6.632031956877392,6.315641732164154,6.625947964671636,827100
2002-10-30,6.84498929977417,6.84498929977417,6.486007545878238,6.6320338450117555,995000
2002-10-31,6.601612567901611,6.814567456386101,6.534683407879282,6.784145163672039,995000
2002-11-01,6.893664360046387,6.948424364324563,6.632033486387058,6.6624557754590334,967300
2002-11-04,7.076196670532227,7.106618955976979,6.905832684401182,6.936254389589102,1644700
2002-11-05,7.23439359664917,7.264815308170086,7.0640289947958825,7.179633587500395,1612100
2002-11-06,7.331744194030762,7.356081910498425,7.076197880991839,7.191801889149003,1627400
2002-11-07,7.216137886047363,7.331742446913475,7.00318306276561,7.331742446913475,1403400
2002-11-08,6.84498929977417,7.222224195997558,6.820651583251917,7.222224195997558,988300
2002-11-11,6.899750232696533,7.027523406644877,6.6685416045872925,6.851074793121642,801300
2002-11-12,6.917998790740967,7.161376407509604,6.844985679787364,6.960589627066412,1772800
2002-11-13,7.0579423904418945,7.22222177687663,6.808480154326314,6.924084704277368,1693400
2002-11-14,7.319572925567627,7.3378266428239165,6.93625356703699,6.93625356703699,1281000
2002-11-15,7.635966777801514,7.635966777801514,7.240478116488944,7.240478116488944,1561200
2002-11-18,7.307406425476074,7.605543595144058,7.234393276593522,7.605543595144058,1942900
2002-11-19,7.593377113342285,7.654221715572266,7.276986690414922,7.331746716370478,1262600
2002-11-20,7.642048358917236,7.7089769152633725,7.4534306742955545,7.605541504383219,1155700
2002-11-21,8.165311813354492,8.274831828995588,7.715063762785225,7.757654622087012,2644900
2002-11-22,8.286999702453613,8.366097420422985,8.116635699273292,8.122720273022527,1359400
2002-11-25,8.38435173034668,8.572969481071485,8.061876820017915,8.293085432411528,1319200
2002-11-26,8.31742000579834,8.51212167724865,8.183562316547874,8.183562316547874,1355500
2002-11-27,8.20789909362793,8.274828220783006,8.080125991180687,8.256574505964338,950800
2002-11-29,8.402604103088379,8.445194957909022,8.098382385210922,8.183564094852208,559900
2002-12-02,8.165311813354492,8.469533563240258,8.15314266483573,8.396520412898507,1500000
2002-12-03,7.964526653289795,8.207903856189239,7.848922046719793,8.165312990746092,1023000
2002-12-04,7.6237921714782715,7.915845172357427,7.623792171478271,7.909760601863645,1580300
2002-12-05,7.879342079162598,7.970608939230386,7.696808939283875,7.727231225973139,733400
2002-12-06,7.81850004196167,7.8428377613501725,7.654220000896529,7.66638915071928,792700
2002-12-09,7.84891939163208,7.90367938882481,7.7028931192893495,7.7880754016176885,700900
2002-12-10,8.019282341003418,8.019282341003418,7.733313846740871,7.788073832903562,993900
2002-12-11,8.06187629699707,8.171396311619628,7.879343132711789,7.9706100049828965,806700
2002-12-12,8.305251121520996,8.366095685884684,8.061874024579787,8.061874024579787,1153000
2002-12-13,8.134889602661133,8.372182778808222,8.128805028341656,8.311338196127345,1271100
2002-12-16,8.39651870727539,8.39651870727539,8.025367876443877,8.092297019187564,1195500
2002-12-17,8.457364082336426,8.627728673361906,8.335675503216022,8.366097793060352,1798600
2002-12-18,8.46953296661377,8.585136968113718,8.396519821415346,8.396519821415346,1131200
2002-12-19,8.366095542907715,8.518206370960582,8.299166987456887,8.475615524787942,2880900
2002-12-20,8.213988304138184,8.579054683091575,8.213988304138184,8.305254608748026,3093500
2002-12-23,8.341761589050293,8.475619340470821,8.213988412752746,8.274833003468538,1344500
2002-12-24,8.262661933898926,8.30525278935239,8.153141928153579,8.153141928153579,656700
2002-12-26,8.335678100585938,8.390438123317391,8.226158635380127,8.287002653770667,885200
2002-12-27,8.293084144592285,8.353928140348366,8.22007100153086,8.27483100389115,630200
2002-12-30,8.305251121520996,8.323504838984164,8.183562573050391,8.244407137414079,704400
2002-12-31,8.457364082336426,8.481701798160506,8.274831503784277,8.28700007156786,639400
2003-01-02,8.889358520507812,8.889358520507812,8.518208228035872,8.518208228035872,1492800
2003-01-03,8.76158618927002,8.956288504319689,8.700742187275761,8.852853062646817,1053300
2003-01-06,9.187495231628418,9.266592360071177,8.700740413615428,8.700740413615428,2118900
2003-01-07,8.944119453430176,9.193581198921544,8.792008576398176,9.193581198921544,1459000
2003-01-08,9.199666976928711,9.248342417526983,8.944120623659272,8.944120623659272,1203700
2003-01-09,9.272679328918457,9.278763903526706,9.126653019862333,9.175328456214375,1238700
2003-01-10,9.272679328918457,9.339608489095243,9.126653019862333,9.26659475431021,1099800
2003-01-13,9.02929973602295,9.278761425776505,9.02929973602295,9.278761425776505,1279400
2003-01-14,9.272679328918457,9.272679328918457,9.0353867217665,9.090146152469817,1480300
2003-01-15,9.17532730102539,9.278762735315029,9.090145008005425,9.272678161472838,1380500
2003-01-16,9.23616886138916,9.248337424841056,9.157071168053355,9.217915145826252,1226200
2003-01-17,9.071891784667969,9.21791807401813,8.524292909476415,9.138820935812795,1343600
2003-01-21,8.992793083190918,9.187495361298181,8.968455370959614,9.126650790591505,1056200
2003-01-22,8.810261726379395,8.962372603535863,8.639897706436093,8.962372603535863,1428600
2003-01-23,8.767666816711426,8.919777623608589,8.761582245173937,8.761582245173937,896700
2003-01-24,8.518210411071777,8.773756769824494,8.463450394159477,8.712912177642595,1184400
2003-01-27,8.24441146850586,8.536464138261293,8.213989170342066,8.396522379067749,1155000
2003-01-28,8.378267288208008,8.512124440657624,8.28700041489388,8.305253557453929,950400
2003-01-29,8.226154327392578,8.360011445905856,8.153140615149418,8.21398518193312,1092200
2003-01-30,8.165311813354492,8.323507262556756,8.140974096573908,8.189649530135076,810400
2003-01-31,8.39651870727539,8.39651870727539,8.061874734327418,8.061874734327418,1340200
2003-02-03,8.506040573120117,8.506040573120117,8.347845690694305,8.390436553625447,887200
2003-02-04,8.24441146850586,8.396522379067749,8.213989170342066,8.274833766669651,1105000
2003-02-05,8.20789909362793,8.426939029398453,8.20789909362793,8.250490514614802,1173700
2003-02-06,8.092299461364746,8.262663495636227,8.031454873282149,8.153143469190349,1010700
2003-02-07,7.9097676277160645,8.183567160316356,7.891514480277937,8.153144861081413,1264400
2003-02-10,8.122720718383789,8.140973860375404,7.921934415705262,7.940187557696876,1043700
2003-02-11,7.994946479797363,8.153141322701346,7.885426482184969,8.14097275644266,1239800
2003-02-12,7.672468185424805,8.031449749530507,7.617708787393221,7.994943484176118,1735700
2003-02-13,7.599458694458008,7.660303272707443,7.289152389848311,7.611627842210656,3932900
2003-02-14,7.970609188079834,7.970609188079833,7.617712044083077,7.635965184563772,1593700
2003-02-18,7.867173194885254,7.97060861729687,7.514276076159801,7.97060861729687,2269400
2003-02-19,7.301321506500244,7.818498678646772,7.112703778935952,7.818498678646772,5411800
2003-02-20,7.721149444580078,7.721149444580079,7.471687647984155,7.483856799163013,3334700
2003-02-21,7.794161796569824,7.92801895404449,7.660304058838196,7.788077222069076,1180600
2003-02-24,7.61771297454834,7.8184992851316375,7.617712974548339,7.794161568099024,1108600
2003-02-25,7.976696491241455,8.0010342154,7.5933769005515295,7.666390653284281,1876100
2003-02-26,7.769821643829346,7.976691889710759,7.629879375453659,7.976691889710759,2170200
2003-02-27,8.025369644165039,8.189649670441147,7.861090198145878,7.940187924102122,1570200
2003-02-28,7.75765323638916,8.116634929972967,7.745484090044092,8.116634929972967,1992900
2003-03-03,7.763737678527832,8.013199371823037,7.721146247295774,7.9706085208478035,1480200
2003-03-04,7.605541706085205,7.727230257331211,7.575119423209507,7.6663862718366,1755100
2003-03-05,7.934101581573486,7.934101581573486,7.60554218249977,7.60554218249977,2032400
2003-03-06,7.891512393951416,8.001031829882963,7.757654660860699,7.940187827755868,1297500
2003-03-07,7.940186500549316,7.994946499490398,7.6481333662825,7.696808791950828,1108400
2003-03-10,7.763737678527832,7.946270808825267,7.727230820365615,7.940186235755427,1611300
2003-03-11,7.6968092918396,7.855004725664493,7.635965295930943,7.788076156087907,1821400
2003-03-12,7.81850004196167,7.830668611527421,7.6724731453736545,7.727233159062036,1895900
2003-03-13,7.84891939163208,7.909763961903297,7.751568543403593,7.909763961903297,1481900
2003-03-14,7.9097676277160645,8.08013169107181,7.873260752582715,7.97061222618595,1706700
2003-03-17,8.001032829284668,8.134890579095433,7.909766524565563,7.934104244507791,1497300
2003-03-18,8.031455039978027,8.098384204309424,7.909766441544134,8.001032745305302,1488600
2003-03-19,8.074042320251465,8.080126311842447,7.940184640885826,7.970606919867567,775200
2003-03-20,8.013198852539062,8.104465121644987,7.964523431648331,8.074043418780871,1075800
2003-03-21,8.311336517333984,8.34784337561994,8.061874823193248,8.153141098522894,1294800
2003-03-24,8.06187629699707,8.220071744728111,7.940187714225861,8.213987170525318,1235800
2003-03-25,8.031455039978027,8.177481358098698,8.001032745305302,8.153143638411919,1446500
2003-03-26,8.001032829284668,8.189650594029702,7.9766951093424385,8.031455124276707,1557900
2003-03-27,8.17747974395752,8.232239747508023,7.885427165364024,7.885427165364024,1039800
2003-03-28,8.24441146850586,8.396522379067749,8.122722856107762,8.128806851534861,1185400
2003-03-31,8.183563232421875,8.311336363675224,8.080127812823601,8.183563232421875,1014400
2003-04-01,8.274832725524902,8.317423589441157,8.159228123099348,8.183565842516781,1228800
2003-04-02,8.426944732666016,8.426944732666016,8.35393098448978,8.36610013593818,1002600
2003-04-03,8.420856475830078,8.512122750768414,8.3965187638294,8.426941048894454,1164700
2003-04-04,8.457364082336426,8.487786372180755,8.341760077236271,8.420857798728763,858800
2003-04-07,8.35392951965332,8.51820955385822,8.35392951965332,8.4573649677993,1449400
2003-04-08,8.262661933898926,8.408688221388134,8.262661933898926,8.34784422506274,999700
2003-04-09,8.572967529296875,8.639896093861484,8.262661258552448,8.286998971144746,2197400
2003-04-10,8.74333381652832,8.761586960708053,8.542547489780299,8.572969783584512,2139300
2003-04-11,8.74333381652832,8.828516123128722,8.700742953356617,8.761586960708053,1806000
2003-04-14,8.883273124694824,9.035383961896743,8.712908569243782,8.712908569243782,1377000
2003-04-15,8.962370872497559,8.968455445670278,8.83459831741144,8.883273742279533,1030500
2003-04-16,8.810261726379395,8.96845717788379,8.737248574975123,8.96845717788379,1626900
2003-04-17,8.852853775024414,8.883276068598056,8.7433337502621,8.810262331918521,1147500
2003-04-21,8.919777870178223,8.974537855016003,8.858933893891454,8.858933893891454,1025700
2003-04-22,9.108399391174316,9.120567959485733,8.858937648092382,8.919781650163351,1117400
2003-04-23,8.986708641052246,9.096228050489483,8.913694927751685,9.047552628460311,862400
2003-04-24,9.339607238769531,9.370028947224169,8.944118646033415,8.944118646033415,1597500
2003-04-25,9.096230506896973,9.33960826302301,8.9806264934234,9.33960826302301,1052900
2003-04-28,9.248339653015137,9.321352792087472,9.150988800918691,9.157073374238932,1138200
2003-04-29,9.035387992858887,9.309187505921296,9.004965695794828,9.309187505921296,1657700
2003-04-30,9.114482879638672,9.242256031234396,9.011048023829664,9.041469733049244,2584000
2003-05-01,8.974539756774902,9.120566027115027,8.895442048609796,9.065806030673276,1498500
2003-05-02,9.126655578613281,9.138824731241524,8.94412235098959,8.94412235098959,1435200
2003-05-05,9.23616886138916,9.23616886138916,9.114479745329945,9.12664888903855,1414300
2003-05-06,9.412619590759277,9.522139008537028,9.30309959272468,9.339606452155161,2189900
2003-05-07,9.27876091003418,9.540391731212395,9.175325496091943,9.412618606945916,1293300
2003-05-08,9.230084419250488,9.376110664265685,9.13881816118017,9.13881816118017,932300
2003-05-09,9.351775169372559,9.424788309154906,9.187495749926493,9.230086603068647,803600
2003-05-12,9.248339653015137,9.528223642920844,9.236171086631506,9.522139069600605,1497000
2003-05-13,9.52822208404541,9.534306656370177,9.266591276647976,9.278760421297509,1387600
2003-05-14,9.649911880493164,9.655996453606875,9.412619331626741,9.55256103170111,1483800
2003-05-15,9.935879707336426,9.941964280005132,9.552560333059752,9.680333457818644,1511200
2003-05-16,10.087991714477539,10.087991714477539,9.8263608618963,9.856783728774182,1835500
2003-05-19,9.856782913208008,10.087990879780843,9.856782913208008,10.087990879780843,1679700
2003-05-20,9.978472709655762,10.008895579566978,9.82636184164115,9.82636184164115,1156700
2003-05-21,10.03322982788086,10.112328106375358,9.929794420974314,10.112328106375358,1259800
2003-05-22,10.14883804321289,10.307033496800578,9.990642589625205,10.033233450107677,1918900
2003-05-23,10.45914363861084,10.629507068530435,10.100161896260513,10.100161896260513,2531000
2003-05-27,10.258356094360352,10.313116093196086,10.008894393225862,10.039316099017409,2485200
2003-05-28,10.446969985961914,10.477391682326012,10.112326683903545,10.221845487122287,1885400
2003-05-29,10.069740295410156,10.471312945852809,10.039318582094248,10.392215794923063,2023100
2003-05-30,10.343541145324707,10.343541145324707,10.06974106256637,10.06974106256637,1306700
2003-06-02,10.264436721801758,10.41654751331296,10.191423031250554,10.343533822761756,1140400
2003-06-03,10.361791610717773,10.367876184032813,10.191427039437764,10.288777891450998,1108300
2003-06-04,10.641677856445312,10.690353295425357,10.319202347881271,10.361794372438565,1234300
2003-06-05,10.477397918701172,10.507820793686951,10.392216189769021,10.434807054235096,1628000
2003-06-06,10.52607250213623,10.67818338315273,10.483481641133839,10.52607250213623,1310300
2003-06-09,10.519983291625977,10.592995824396118,10.422631313743649,10.556489558011048,824600
2003-06-10,10.951980590820312,10.97631888251312,10.678180611844356,10.708603476460363,4595100
2003-06-11,10.92764663696289,10.982406654495602,10.781620310380353,10.982406654495602,1654700
2003-06-12,11.09192180633545,11.12234466963443,10.945895544041067,10.951980116700863,2126600
2003-06-13,11.104096412658691,11.104096412658691,10.90939463384502,11.01283009890405,1919500
2003-06-16,11.682113647460938,11.682113647460938,11.450904507488014,11.450904507488014,2656500
2003-06-17,11.49958324432373,11.633441572492583,11.493498669360235,11.590849547748123,2129900
2003-06-18,11.371810913085938,11.530006384231887,11.286628022152556,11.377895488189324,1473700
2003-06-19,11.803799629211426,11.98633331306561,11.256200898675838,11.341382588166368,4377300
2003-06-20,13.087617874145508,13.105871594210614,12.59477903752468,12.899000742194225,14606600
2003-06-23,13.038946151733398,13.391843382975443,12.95984783616254,13.379674232808537,5907800
2003-06-24,12.905083656311035,13.020688224561694,12.850324819259313,12.990266519475885,2306800
2003-06-25,12.880749702453613,12.990269724606604,12.807735967513638,12.886834277074774,1847800
2003-06-26,13.045024871826172,13.045024871826172,12.649536953020593,12.777309490882935,3327200
2003-06-27,12.990262985229492,13.08152923616987,12.892912162824643,12.990262985229492,2265200
2003-06-30,12.86857795715332,13.08153338387732,12.844240824092306,13.08153338387732,2376400
2003-07-01,13.06328010559082,13.081533826389336,12.679961252931973,12.777312109496561,2282200
2003-07-02,13.251898765563965,13.343165051007896,13.020689604557973,13.020689604557973,2580600
2003-07-03,13.081538200378418,13.233649109685144,13.008524453284968,13.203227392029456,686700
2003-07-07,13.324913024902344,13.33708217398003,13.087620420457121,13.111957558098561,1437800
2003-07-08,13.324913024902344,13.355335897596557,13.21539300423103,13.264068440027843,1243400
2003-07-09,13.276237487792969,13.416179219576652,13.19714034041947,13.203224914911882,2162200
2003-07-10,13.057197570800781,13.282322187079453,12.972015848134546,13.282322187079453,2319500
2003-07-11,13.257981300354004,13.264064712669407,12.996350471274756,13.032856747735188,1297300
2003-07-14,13.197139739990234,13.477023190823767,13.130210584132707,13.294490606411799,1631400
2003-07-15,13.16063117980957,13.324911188171878,13.08153404273537,13.197138622010376,1648500
2003-07-16,12.91724967956543,13.081529632543843,12.819898854210825,13.051107934813047,1354000
2003-07-17,12.68604564666748,12.886831930549393,12.613031925022359,12.838156502957224,1968900
2003-07-18,13.020689964294434,13.081534543109333,12.874663671446964,12.89900196717845,1619100
2003-07-21,12.89900016784668,12.996351016165143,12.789480173359994,12.89900016784668,1573800
2003-07-22,13.203225135803223,13.233646848260314,12.850327932936839,12.892918794582343,1349900
2003-07-23,12.972012519836426,13.197137078353697,12.92942166943107,13.11195421702935,1085400
2003-07-24,13.142375946044922,13.2944867760674,12.777309721888264,12.972011398634871,2570700
2003-07-25,13.184968948364258,13.270150655738773,12.959844372499678,13.111955227390585,1048500
2003-07-28,13.124129295349121,13.233649337618573,13.038947556034726,13.142383022565415,1086800
2003-07-29,12.947676658630371,13.124124650550684,12.92333836428895,13.051112088553916,2017200
2003-07-30,12.838154792785645,12.953759353110005,12.78339479897482,12.929421062299157,1867700
2003-07-31,13.051111221313477,13.118039205277555,12.801649523459266,12.8503249483939,1605000
2003-08-01,12.862492561340332,13.081532547452742,12.850324575844693,12.972012554396537,1643600
2003-08-04,12.905083656311035,12.923337375670716,12.649538548357464,12.899000243704801,1824200
2003-08-05,12.795567512512207,13.045029260319605,12.759060066115586,12.838158372794362,1817300
2003-08-06,12.71646785736084,12.8990015884461,12.619116998320882,12.65562328033242,2066600
2003-08-07,12.625203132629395,12.722554003702532,12.552189399067581,12.65562484464703,1974800
2003-08-08,12.7103853225708,12.765145334629446,12.600865298453508,12.71646989730109,895000
2003-08-11,12.771232604980469,12.868583500185009,12.65562798173225,12.68605086180505,691300
2003-08-12,13.020689964294434,13.026774538227304,12.722552804666623,12.752974513817165,791100
2003-08-13,13.142375946044922,13.221473067030654,12.978095971097394,13.081531381933223,1009700
2003-08-14,13.020689964294434,13.105872838840819,12.959845385479534,13.093703690975076,957800
2003-08-15,12.990262985229492,13.142373790301233,12.898996734289115,13.014600110574031,798300
2003-08-18,13.06328010559082,13.142378401870642,12.965929249026232,12.978098396225244,640600
2003-08-19,13.16063117980957,13.410094059459984,13.063280321634968,13.063280321634968,2192600
2003-08-20,13.257981300354004,13.349247571761891,13.038941320564195,13.038941320564195,1927900
2003-08-21,13.483109474182129,13.720402096100093,13.020692219805932,13.142381398515358,5092800
2003-08-22,13.324913024902344,13.519614768089594,13.3188284503635,13.519614768089594,1495400
2003-08-25,13.361418724060059,13.404010743958999,13.270152431018664,13.276237005289941,771400
2003-08-26,13.385756492614746,13.410094788738869,13.233645623380488,13.361418196490625,1060000
2003-08-27,13.385756492614746,13.385756492614746,13.251899345473579,13.264067333021806,969000
2003-08-28,13.343165397644043,13.361417958898734,13.2093070923693,13.324911675875537,1311600
2003-08-29,13.489190101623535,13.495274674829787,13.233643829529317,13.233643829529317,1196400
2003-09-02,13.750819206237793,13.769071763032324,13.48310382162058,13.543948385467246,1531900
2003-09-03,13.994203567504883,14.073300729216735,13.61088458910814,13.659560033357158,2897700
2003-09-04,14.152393341064453,14.170647060485404,13.99419792095721,14.055042491846713,2245400
2003-09-05,14.328839302062988,14.499203844457409,14.115885074711837,14.152391347898677,2874900
2003-09-08,14.401862144470215,14.450537593100087,14.261920374723609,14.298426671067453,1955700
2003-09-09,14.310592651367188,14.395774377460116,14.255832638732024,14.359268089208001,1417100
2003-09-10,14.237573623657227,14.334924463163219,14.158476501751187,14.298418188476859,1920900
2003-09-11,14.103720664978027,14.359266984103684,14.036791507905104,14.359266984103684,2247100
2003-09-12,14.055046081542969,14.103721518583676,13.915104345115184,14.055046081542969,1720500
2003-09-15,13.909019470214844,14.061130352748204,13.878596597399811,13.982032043943052,1181100
2003-09-16,14.115884780883789,14.176728181424206,13.884675680981681,13.902929397451892,1811200
2003-09-17,14.09155559539795,14.225412787777447,14.085471019310578,14.146315619670068,1075300
2003-09-18,14.444445610046387,14.456614756092247,14.109802217380764,14.128054775935912,1250000
2003-09-19,14.310592651367188,14.480956103553048,14.26800178832072,14.438365240506583,1010600
2003-09-22,14.371435165405273,14.377518578807978,14.152395146465894,14.176732281618152,1104100
2003-09-23,14.572218894958496,14.572218894958496,14.298418919528048,14.37143263314737,1460500
2003-09-24,14.188896179199219,14.578299481656725,14.109799068580058,14.541793212179678,2110100
2003-09-25,14.152393341064453,14.225405897720925,14.079379623894317,14.20715333881364,1591200
2003-09-26,14.243656158447266,14.280162427910922,14.067208222278445,14.152389904531436,1289900
2003-09-29,14.480949401855469,14.541793961126478,14.316670600491213,14.32883858393466,1743200
2003-09-30,14.541797637939453,14.602642212594677,14.225406778143272,14.480953063284229,2645800
2003-10-01,14.712165832519531,14.718250407532594,14.468788634567128,14.541801213695837,2020500
2003-10-02,14.742581367492676,14.748665939955297,14.572217980593418,14.69390594830524,1089900
2003-10-03,14.815593719482422,14.967704535574617,14.742580017132262,14.742580017132262,1467700
2003-10-06,14.97378921508789,14.998126342370556,14.748664695027696,14.815593825953538,1164400
2003-10-07,14.846027374267578,14.919041135417032,14.706085589288355,14.888618251390442,1455300
2003-10-08,14.876444816589355,14.931204827292007,14.7912619329886,14.876444816589357,1438200
2003-10-09,14.876444816589355,14.998132826639962,14.809515656727465,14.876444816589357,2481800
2003-10-10,14.71825122833252,14.876446705952253,14.669575786027533,14.876446705952253,1186900
2003-10-13,14.815593719482422,14.84601541849549,14.693904602403297,14.815593719482424,989900
2003-10-14,14.852103233337402,14.852103233337402,14.72433067696744,14.81559695444794,920700
2003-10-15,14.608731269836426,14.906868500586464,14.57830839291453,14.87644678417866,1467700
2003-10-16,14.754752159118652,14.791258437455118,14.602641312117427,14.645232163595585,1090900
2003-10-17,14.754752159118652,14.870356727783406,14.724330453923873,14.85818758150003,1364400
2003-10-20,14.766921043395996,14.809511894118474,14.6817381814374,14.754751897328534,596000
2003-10-21,14.766921043395996,14.888609022529696,14.730413605193608,14.754751897328534,1050900
2003-10-22,14.724334716796875,14.766925580605601,14.60264553975994,14.766925580605601,962500
2003-10-23,14.766921043395996,14.815596467152206,14.66348562284985,14.72433019267352,947400
2003-10-24,14.754752159118652,14.846018435216653,14.699992161357118,14.766921305402029,905000
2003-10-27,14.736496925354004,14.83993233710624,14.724328940834688,14.754750642903298,955400
2003-10-28,14.821680068969727,14.876440062171424,14.724329227836392,14.736497212592884,1088100
2003-10-29,14.931208610534668,14.985967474598084,14.797350256894097,14.821688561379377,1238500
2003-10-30,15.058977127075195,15.058977127075195,14.906866247003729,14.931204544861842,893000
2003-10-31,14.876444816589355,15.131991146363745,14.852106518270872,15.058977411922232,878400
2003-11-03,14.846027374267578,14.99813831285744,14.815605650755352,14.87645025829417,1374700
2003-11-04,14.608731269836426,14.846023907256761,14.608731269836426,14.846023907256761,1715400
2003-11-05,14.614812850952148,14.712163716128883,14.45053283077371,14.60872827681437,1045000
2003-11-06,14.70607852935791,14.72433225101082,14.541798516023132,14.602643094352361,657000
2003-11-07,14.760834693908691,14.773003838511608,14.572217594617493,14.693905559106152,858500
2003-11-10,14.803428649902344,14.839934930868045,14.45661607944381,14.724331514391032,965400
2003-11-11,14.6756591796875,14.80343177025699,14.602645441852083,14.80343177025699,1582300
2003-11-12,14.639145851135254,14.712159559646885,14.58438585987991,14.712159559646885,1111400
2003-11-13,14.63306999206543,14.645239144149151,14.54788824850782,14.620902000495928,1081200
2003-11-14,14.62697982788086,14.75475238426504,14.553966109580125,14.60264153494272,1030500
2003-11-17,14.493115425109863,14.633057068941111,14.316667517782026,14.626973658786007,1295800
2003-11-18,14.298420906066895,14.596558053782807,14.255830050752301,14.493122622084325,1715100
2003-11-19,14.754752159118652,15.332773841928764,14.602641312117427,14.602641312117427,8396100
2003-11-20,14.876444816589355,15.119821997204504,14.602644763076103,14.633066475460272,4382700
2003-11-21,15.016382217407227,15.06505763948498,14.79734223780053,14.815595956272288,4561000
2003-11-24,15.259757995605469,15.296264268848352,15.016380906463734,15.016380906463734,4014700
2003-11-25,15.284096717834473,15.284096717834473,15.119816742816546,15.119816742816546,1862300
2003-11-26,15.454463005065918,15.454463005065918,15.052890431114447,15.223255010568975,1638300
2003-11-28,15.284096717834473,15.424038402991876,15.253673855508818,15.393615540666222,1377800
2003-12-01,15.667424201965332,15.69176250534529,15.332780654090191,15.332780654090191,1660000
2003-12-02,15.594399452209473,15.740426848454616,15.509217771494272,15.636991453080434,1072700
2003-12-03,15.691751480102539,15.83169314466979,15.53964067239552,15.563977798161693,1240600
2003-12-04,15.533560752868652,15.752599592416162,15.5092224593002,15.667417885954004,1759400
2003-12-05,15.46054458618164,15.545726279164546,15.0589720899572,15.0589720899572,3392500
2003-12-08,15.746517181396484,15.746517181396483,15.454464581551543,15.460549155779212,913400
2003-12-09,15.612661361694336,15.856038548991938,15.557901349488128,15.78911054780633,2136300
2003-12-10,15.576154708862305,15.661336432292622,15.551816410445674,15.612660995973306,1111500
2003-12-11,15.71000862121582,15.72826234125509,15.563982342442783,15.570066915789205,2153400
2003-12-12,15.728262901306152,15.72826290130615,15.612658324635083,15.649164605499829,1140200
2003-12-15,15.789101600646973,15.904704973783511,15.576146247243555,15.697834191678856,2222200
2003-12-16,16.215023040771484,16.40364024733187,16.12984130113405,16.154178443667245,6211600
2003-12-17,16.245441436767578,16.257609424419424,16.068992269906587,16.123752276138354,3442500
2003-12-18,16.48273277282715,16.853883640123314,16.129835626394545,16.275861911761787,4198500
2003-12-19,16.573999404907227,16.64092855563502,16.233271398546584,16.34887597875447,3761800
2003-12-22,16.64092445373535,16.64700902598477,16.458390767793258,16.531404474272794,2006800
2003-12-23,16.85388946533203,16.85388946533203,16.628764805593285,16.671355675148522,1852500
2003-12-24,16.82345962524414,16.884304196794783,16.713939628555714,16.853882491276302,465100
2003-12-26,16.82345962524414,16.878219623588354,16.793037919725656,16.793037919725656,239700
2003-12-29,16.93906593322754,16.957319654719818,16.823461351470694,16.853884220624494,790600
2003-12-30,16.993825912475586,17.024247621071343,16.823461327003468,16.872136757064958,928200
2003-12-31,16.89647102355957,17.012074417070032,16.872132734075148,16.9633989986147,1067400
2004-01-02,16.567913055419922,16.914725598358658,16.51923763115683,16.87821932028975,2112400
2004-01-05,16.64092445373535,16.79303527843035,16.561826175006395,16.70176901571605,3466700
2004-01-06,16.50707244873047,16.53749532152124,16.385384439109185,16.45839701277917,2287800
2004-01-07,16.48882293701172,16.616595544836912,16.391472047093238,16.48882293701172,2044800
2004-01-08,16.52532386779785,16.62267472612399,16.367128432889434,16.427973009471714,1804200
2004-01-09,16.52532386779785,16.665265581577454,16.464479291215575,16.488817586053994,1479000
2004-01-12,16.500986099243164,16.67134951450895,16.476647805340207,16.525323232632392,1064100
2004-01-13,16.458389282226562,16.622669236592163,16.39146131455099,16.50706469531488,1204100
2004-01-14,16.665266036987305,16.665266036987305,16.415804310645342,16.48881803664207,899000
2004-01-15,16.48273277282715,16.640928205436765,16.434057344371404,16.640928205436765,901400
2004-01-16,16.427976608276367,16.51924291288621,16.421892033233842,16.50099034827266,1430300
2004-01-20,16.458389282226562,16.56790925180363,16.361038456049922,16.458389282226562,1999200
2004-01-21,16.671356201171875,16.671356201171875,16.440148118927887,16.482738989826974,1468400
2004-01-22,16.647014617919922,16.726111762705077,16.537494601668257,16.622676320746713,879300
2004-01-23,16.48882293701172,16.73220016180791,16.42797834068413,16.701778443901194,2090100
2004-01-26,16.427976608276367,16.51924291288621,16.233274848971632,16.427976608276367,1020000
2004-01-27,16.184598922729492,16.48882070262849,16.129838909506553,16.367131526463293,2077800
2004-01-28,16.263696670532227,16.45839843111627,16.19068409057023,16.215021230386217,1209600
2004-01-29,16.427976608276367,16.671353807407286,16.300204013925395,16.610509217496052,1838500
2004-01-30,16.33670997619629,16.470567142906614,16.288034537345805,16.36713169028509,1264000
2004-02-02,16.294118881225586,16.549665221695623,16.257611432219875,16.379300607877603,1261400
2004-02-03,16.470569610595703,16.500992489756587,16.135926063425206,16.300206129351455,1727900
2004-02-04,16.294118881225586,16.391469757546172,16.202851419225297,16.36713145820903,1603000
2004-02-05,16.269779205322266,16.33670836232262,16.105499180238063,16.269779205322266,1566700
2004-02-06,16.470569610595703,16.470569610595703,16.12375691176085,16.184601509568445,889700
2004-02-09,16.62267303466797,16.62267303466797,16.318451343226716,16.40971761855636,969100
2004-02-10,16.726112365722656,16.756535238285988,16.580086058960458,16.61050777100986,918300
2004-02-11,17.012081146240234,17.03641944535173,16.76870395769515,16.866054833113182,1414600
2004-02-12,16.780872344970703,16.975574086962343,16.726112334971315,16.92081407696295,845400
2004-02-13,16.805208206176758,16.97557162545933,16.64092819999963,16.78086991169996,1150500
2004-02-17,17.036420822143555,17.08509626378626,16.805212764469225,16.811296179224755,1021900
2004-02-18,16.872135162353516,17.03033058522958,16.75044717895832,16.975570586521954,1273100
2004-02-19,16.872135162353516,17.24328600681327,16.8234597368927,16.853882603126763,1436700
2004-02-20,16.616586685180664,16.902555787292645,16.452307871354996,16.902555787292645,1833500
2004-02-23,16.683523178100586,16.73828319369339,16.61659401226181,16.622678587384794,895400
2004-02-24,16.59834098815918,16.720029005709822,16.46448266018526,16.640931852327604,1463700
2004-02-25,16.762622833251953,16.841721161131545,16.348882107819968,16.610511914037275,986200
2004-02-26,16.969486236572266,17.054669102634854,16.67743367996434,16.732193679392537,1641500
2004-02-27,17.139848709106445,17.243284121968472,16.67134706493647,16.67134706493647,1671600
2004-03-01,17.413654327392578,17.535342337001524,17.05467255209541,17.079009689811627,2121800
2004-03-02,17.097257614135742,17.43190097769254,17.048582194699964,17.279790146891536,1680800
2004-03-03,16.975574493408203,17.188529964003067,16.945152780686342,17.07292536673489,1937300
2004-03-04,16.93906593322754,16.993825937190582,16.884305929264496,16.957319654719818,1426800
2004-03-05,17.10334587097168,17.15810587469733,16.866052134655924,16.914727564577195,1416700
2004-03-08,16.8903865814209,17.07291911190741,16.872132864166836,17.036412837912813,1007500
2004-03-09,16.79303741455078,16.884303688874404,16.689601994180375,16.82345911915411,1077300
2004-03-10,16.64092445373535,16.884301541144648,16.59224903625349,16.762612417183252,1414300
2004-03-11,16.373210906982422,16.76261429035188,16.361041761123722,16.367126334053072,2105300
2004-03-12,16.756534576416016,16.835631720928543,16.5618316812431,16.58008540406009,1612400
2004-03-15,16.76870346069336,16.811294322362166,16.55574799183538,16.671352588160673,1161300
2004-03-16,17.255456924438477,17.474495781237845,17.066838615968223,17.158106063524578,3301600
2004-03-17,17.839555740356445,17.857809455473504,17.279787909080675,17.279787909080675,3271500
2004-03-18,17.650941848754883,17.8456435364625,17.58401270841279,17.796968114535595,1559200
2004-03-19,17.462324142456055,17.730038373730554,17.38322585918266,17.614434975890294,1384200
2004-03-22,17.310218811035156,17.389315958935843,17.15810792925282,17.340640523186053,1575100
2004-03-23,17.529254913330078,17.553593207604408,17.304131493861256,17.3953977763625,1494800
2004-03-24,17.56576156616211,17.687449550529585,17.43798784798551,17.43798784798551,1277000
2004-03-25,17.717864990234375,17.717864990234375,17.523162207935055,17.565754203149826,1070900
2004-03-26,17.626609802246094,17.754383555392582,17.517090934495688,17.675285241417612,799300
2004-03-29,17.693544387817383,17.693544387817383,17.45625169421111,17.584024325994683,1327800
2004-03-30,17.717864990234375,17.766540395680906,17.644851301807982,17.73611754195607,1466600
2004-03-31,17.626609802246094,17.766552705313966,17.52317434894237,17.644863527128166,2140800
2004-04-01,17.803058624267578,18.101195828056238,17.644863160122046,17.644863160122046,2705100
2004-04-02,17.88823890686035,17.91866177857509,17.64486173571193,17.827394323944773,1710100
2004-04-05,18.210710525512695,18.228963084160334,17.821307134181055,17.821307134181055,1633400
2004-04-06,18.168123245239258,18.19246038172365,18.052518655525237,18.13161579974186,1632800
2004-04-07,18.070775985717773,18.174211447581335,17.985593089732767,18.168126872117114,1336900
2004-04-08,18.180295944213867,18.222887974997544,18.05860790923161,18.11336793115359,1323300
2004-04-12,17.906496047973633,18.44801050221018,17.845651453443725,18.22288701111787,2231800
2004-04-13,17.310218811035156,17.91866233816449,17.085094195371173,17.827394880683947,4648700
2004-04-14,17.310218811035156,17.371062235336947,16.8112941439574,17.036418759621384,3063100
2004-04-15,17.352806091308594,17.736124923671866,17.334552371476555,17.705703217798824,2911000
2004-04-16,17.43798828125,17.571845415534145,17.35280657402497,17.553592855708054,1749700
2004-04-19,17.389314651489258,17.431905509503814,17.279794639158204,17.431905509503814,1256500
2004-04-20,17.109432220458984,17.541426560780067,17.109432220458984,17.340640246452228,1314800
2004-04-21,17.14593505859375,17.22503218932609,16.98165506340311,17.10942877983372,1470900
2004-04-22,17.33455467224121,17.431905536572458,17.06683921507335,17.091177511413086,1551200
2004-04-23,17.225032806396484,17.340637380543953,17.16418823260762,17.340637380543953,1274200
2004-04-26,17.267608642578125,17.450142205198688,17.127667056927926,17.249356098674966,1820500
2004-04-27,17.072921752929688,17.328468031449553,16.945149193926607,17.310215471885517,1935500
2004-04-28,17.14593505859375,17.17635676414149,16.987739636615395,17.03641506179999,1766500
2004-04-29,16.884307861328125,17.23720506029749,16.799126138977773,17.158107912474154,2268100
2004-04-30,16.74436378479004,16.975571781881328,16.70177292957694,16.975571781881328,1928600
2004-05-03,16.963396072387695,16.963396072387695,16.580077363239575,16.74435730738019,1446600
2004-05-04,17.115516662597656,17.206784124104598,16.90256234711875,17.18853039970041,1815600
2004-05-05,16.981653213500977,17.15810233589464,16.97556864095152,17.127679473147342,1569800
2004-05-06,16.79303741455078,16.95123283161809,16.647011143530264,16.926894539524515,2817500
2004-05-07,16.324541091918945,16.671353744434747,16.166345622952893,16.640932029851054,2219600
2004-05-10,15.959460258483887,16.21500637526441,15.758674106764401,16.123740153667,4436400
2004-05-11,16.129831314086914,16.245435860955116,15.97163592377081,15.97163592377081,1720900
2004-05-12,16.17242431640625,16.17242431640625,15.880371784765599,16.129833467272853,1772500
2004-05-13,16.184598922729492,16.208936061654136,16.0020651584817,16.154176048431196,2444600
2004-05-14,16.513154983520508,16.695688716176072,16.15417325252973,16.184596121562556,2524900
2004-05-17,16.081161499023438,16.40363580344065,16.032486066629488,16.397552389841028,1573200
2004-05-18,16.11766242980957,16.342786955179033,16.105493285624526,16.208928690170474,1742800
2004-05-19,16.202850341796875,16.30628578607368,16.14809149295754,16.215019490656243,1422100
2004-05-20,16.251529693603516,16.38538804229078,16.14809538491127,16.20285424694838,863300
2004-05-21,16.196762084960938,16.39754833904868,16.117663801539777,16.251520917427083,1688900
2004-05-24,16.513154983520508,16.537493278746766,16.306284116152476,16.361044119897766,1345300
2004-05-25,17.14593505859375,17.14593505859375,16.604420808350913,16.659179646234115,4193000
2004-05-26,16.975574493408203,17.115516228751073,16.884308194728675,17.03641907936587,1965600
2004-05-27,17.32847023010254,17.431905669306325,17.048586783147506,17.066839345027446,2460300
2004-05-28,17.340639114379883,17.492749983804266,17.15202196123752,17.32846996630261,1459800
2004-06-01,17.115516662597656,17.352810437796126,17.0242503616047,17.15810868620742,2679400
2004-06-02,17.33455467224121,17.371060956236967,17.13985294357871,17.21895008565516,1268800
2004-06-03,17.121599197387695,17.358892944312988,17.048586629498253,17.340639222083706,1995100
2004-06-04,17.030336380004883,17.212870157977495,16.999914663933154,17.15811014063712,1215200
2004-06-07,17.32847023010254,17.34063937836507,17.115514777563707,17.133768499957498,913900
2004-06-08,17.249364852905273,17.322377386597942,17.12767574939976,17.279786548525003,1290100
2004-06-09,17.182449340820312,17.31022311676707,17.091183021152183,17.21895563658472,1825700
2004-06-10,17.21895408630371,17.261546114794072,17.097266057873597,17.158110652345712,1438900
2004-06-14,16.981653213500977,17.21894574036213,16.95123151126723,17.21894574036213,930200
2004-06-15,17.072921752929688,17.206780045805722,16.951233767285853,17.188526325727977,1569700
2004-06-16,17.08509635925293,17.164193517171523,17.030336342034644,17.05467464324903,873400
2004-06-17,17.425823211669922,17.486667799858733,17.06075800356503,17.12768600611013,1266600
2004-06-18,17.3649845123291,17.413659964031254,17.182450698060297,17.2798016014646,1823400
2004-06-21,17.298046112060547,17.47449409525012,17.255455259584224,17.322383244684005,1253100
2004-06-22,17.194610595703125,17.33455229895555,17.115512303942236,17.298046019957894,1260600
2004-06-23,17.407562255859375,17.407562255859375,17.121593177384092,17.19460688011554,1079600
2004-06-24,17.462324142456055,17.614434975890294,17.291959591224828,17.371056713984665,1732200
2004-06-25,17.23719596862793,17.53533300011726,17.20677427255255,17.450151322695543,1180900
2004-06-28,17.176355361938477,17.4562399042866,17.15810280430536,17.291959922507065,805200
2004-06-29,16.975574493408203,17.23720540066641,16.975574493408203,17.17636081470874,1394500
2004-06-30,16.999906539916992,17.097257377440826,16.774782002822175,16.945146548745647,2112500
2004-07-01,16.91472816467285,17.079008181678084,16.732195586120703,17.012079027969175,1485700
2004-07-02,17.249364852905273,17.279786548525003,16.987734092727727,17.005987806407543,1112000
2004-07-06,17.188526153564453,17.279792432011615,17.066837008625775,17.218947859542276,1119900
2004-07-07,17.358896255493164,17.371064245453198,17.139856189015628,17.19461620563501,1253200
2004-07-08,17.10334587097168,17.395398450499293,17.036416719637263,17.358892168186788,1672100
2004-07-09,17.048585891723633,17.12768303026659,16.99382588791936,17.109430469341024,1148400
2004-07-12,17.060752868652344,17.07900542725557,16.945148301939437,17.01816085737964,987700
2004-07-13,17.0059871673584,17.07899969830741,16.908636352417545,17.048578003830865,604700
2004-07-14,17.133760452270508,17.29195582383782,16.88429883262948,16.914720528482945,1043800
2004-07-15,17.291963577270508,17.35280815677246,17.066838981267416,17.18852814027133,1054800
2004-07-16,17.53533363342285,17.55967191957281,17.34063198627662,17.444067381387224,1558500
2004-07-19,17.529254913330078,17.614437782776488,17.480579485295166,17.498833206000914,1119100
2004-07-20,17.58401870727539,17.632694145808127,17.37106322850192,17.462330691200545,1584900
2004-07-21,17.139848709106445,17.63268748308972,17.139848709106445,17.59618120811299,918000
2004-07-22,17.072921752929688,17.188526325727977,17.005993767005375,17.05466919336565,1048600
2004-07-23,17.14593505859375,17.218947616113805,16.932979638218516,17.079005913772303,1192400
2004-07-26,16.975574493408203,17.23720540066641,16.896477344022998,17.1033482399707,933900
2004-07-27,17.0059871673584,17.036408861834946,16.859959784433862,17.036408861834946,1162800
2004-07-28,16.981653213500977,17.0303286333831,16.732191541540907,16.914724075970476,1884100
2004-07-29,17.07900619506836,17.14593534099215,16.951233637046975,16.999909063033268,1902900
2004-07-30,17.3649845123291,17.383237081395965,17.012086036845606,17.012086036845606,1358700
2004-08-02,17.279794692993164,17.486665570148798,17.176359254415345,17.41365300204319,1774700
2004-08-03,17.05467414855957,17.261545060825,16.92690039191843,17.218953034935257,2813600
2004-08-04,17.072921752929688,17.14593547272695,16.847798341206058,16.945149193926607,1511600
2004-08-05,16.841712951660156,17.16418720047652,16.82345923246703,17.103343790860063,1103200
2004-08-06,17.097257614135742,17.231114727455754,16.841711371969513,16.841711371969513,1812800
2004-08-09,17.0059871673584,17.194604226242145,16.945142617892053,17.097253411301292,1841900
2004-08-10,17.249364852905273,17.298040262204818,17.085084911326817,17.12767574939976,1760000
2004-08-11,17.176355361938477,17.231115355864986,17.097258237663283,17.17027078922291,1065300
2004-08-12,17.225032806396484,17.24328652668726,17.036415672113357,17.127681952539792,1774800
2004-08-13,17.23719596862793,17.29804052129201,17.127676005935257,17.24936511126341,1748000
2004-08-16,17.21895408630371,17.31022155826894,17.060759765395975,17.243292388298205,1334600
2004-08-17,17.322385787963867,17.352808658852002,17.188528637597653,17.285879503411966,1097900
2004-08-18,17.56576156616211,17.602267845420982,17.26153986447288,17.26153986447288,1752600
2004-08-19,17.395397186279297,17.49274803904681,17.328468039808993,17.444072612663053,1092200
2004-08-20,17.492752075195312,17.492752075195312,17.340641187584918,17.39540119996578,797700
2004-08-23,17.3649845123291,17.474503408273215,17.29197075451872,17.45625083920635,1244100
2004-08-24,17.30413055419922,17.511001402242382,17.291961407722873,17.395396831744453,728000
2004-08-25,17.3649845123291,17.40149081097714,17.24937987934362,17.29197075451872,822200
2004-08-26,17.389314651489258,17.456243805805755,17.328470071248248,17.34063921939922,504900
2004-08-27,17.32847023010254,17.413653107426384,17.322385655971274,17.401483959163855,778800
2004-08-30,17.407562255859375,17.46840565420324,17.23719772316162,17.267619422333553,1078100
2004-08-31,17.760467529296875,17.790889242556776,17.32238743106488,17.3406411553292,2741200
2004-09-01,17.84564971923828,17.851734294151395,17.717877127604865,17.742214266743325,2101700
2004-09-02,17.88823890686035,17.906492629889193,17.766550901543088,17.85781719565951,1657000
2004-09-03,17.796979904174805,17.918669119862088,17.754389026838567,17.888246235683084,1149400
2004-09-07,17.876070022583008,17.942999180831496,17.815226599281374,17.888239171448898,1219400
2004-09-08,17.66919708251953,17.821307934150667,17.638774215885082,17.76654793472236,1538900
2004-09-09,17.742218017578125,17.81523177145715,17.69354256849686,17.723964288979808,1352700
2004-09-10,17.833478927612305,17.863901799377064,17.571848033004827,17.71179092209494,1142000
2004-09-13,17.851730346679688,17.863899493815012,17.74829491705694,17.809139492219806,1175900
2004-09-14,17.833478927612305,17.882154361922026,17.77871891894963,17.86998637373002,1390400
2004-09-15,18.070775985717773,18.168126872117114,17.766554175591306,17.796975892398308,9844000
2004-09-16,18.131614685058594,18.1437838328096,17.930828389222192,17.949082110848703,2401200
2004-09-17,18.174205780029297,18.186373766649098,18.10119205774177,18.13161376506189,2883300
2004-09-20,18.113359451293945,18.18637200599927,18.070768600963564,18.101190305338513,952000
2004-09-21,18.180295944213867,18.198549671692586,18.05252333340537,18.07077706088409,1184000
2004-09-22,18.101194381713867,18.16203896467955,18.00992808752229,18.070772670487973,1505300
2004-09-23,18.089027404785156,18.13161826982042,18.02209939995004,18.1011965549421,1610000
2004-09-24,18.289812088012695,18.399332108503046,18.028181185844392,18.052519483959554,2928100
2004-09-27,18.338478088378906,18.374985516768167,18.18636728496365,18.314140963299398,2140100
2004-09-28,18.42367172241211,18.441924286788122,18.25939167994392,18.301982544173303,1730600
2004-09-29,18.374990463256836,18.417581313996294,18.29589217430043,18.374990463256836,1343300
2004-09-30,18.496679306030273,18.496679306030273,18.228963882508197,18.332399307924884,2295000
2004-10-01,18.53318977355957,18.855665269322973,18.448008048854277,18.5392743482548,1484100
2004-10-04,18.66704559326172,18.752227306547272,18.54535643669909,18.557525584458116,2405700
2004-10-05,18.740060806274414,18.77048367996994,18.64879450621578,18.69746994361465,1319400
2004-10-06,18.782644271850586,18.831319687072355,18.55751975112901,18.648786009605644,1782800
2004-10-07,18.740060806274414,18.849580830550366,18.703554518353755,18.78265282944815,1331900
2004-10-08,18.727890014648438,18.806987153391837,18.715720866991365,18.75831172327733,963100
2004-10-11,18.740060806274414,18.78265282944815,18.642709931476677,18.727892817310174,1061900
2004-10-12,18.84349250793457,18.86174622852131,18.557524515158065,18.654875370593203,1632800
2004-10-13,18.721805572509766,18.995604433637098,18.64270727269619,18.84349356839509,1505900
2004-10-14,18.715721130371094,18.800902844141763,18.514934833258938,18.630539416600424,2419900
2004-10-15,18.806991577148438,18.861751593972063,18.71572526928042,18.806991577148438,1787400
2004-10-18,18.85566520690918,18.898256069120844,18.740060609110397,18.8191589193726,1226600
2004-10-19,18.800905227661133,18.953016113257927,18.752229790690716,18.861749814002643,1609500
2004-10-20,18.898252487182617,18.95909706188719,18.624453641782655,18.831324499469954,1805400
2004-10-21,18.928672790527344,19.026023632661058,18.782646527326772,18.92258821782979,1205600
2004-10-22,19.080795288085938,19.226821640533824,18.995612378772286,19.01386610802113,3497700
2004-10-25,19.318078994750977,19.372838996553575,19.080786427282217,19.178137283706004,2234000
2004-10-26,19.470190048217773,19.537119197872926,19.360670043514347,19.43368376682122,2100200
2004-10-27,19.51277732849121,19.549284763713302,19.409341916389053,19.50060818341718,1590900
2004-10-28,19.409345626831055,19.518866792920697,19.16596848139232,19.48235935071956,2697400
2004-10-29,19.494525909423828,19.55536931731873,19.28765507314303,19.409343049446452,2113400
2004-11-01,19.75007438659668,19.804834391481158,19.43368466566991,19.585794371943244,2909400
2004-11-02,19.208555221557617,19.658804294800564,19.208555221557617,19.652718561890406,2889400
2004-11-03,19.59187889099121,19.68314401278521,19.37283888504163,19.43976803364039,2543000
2004-11-04,20.042116165161133,20.07254017893538,19.494518732620385,19.59186954202939,3632000
2004-11-05,19.896100997924805,19.993451855707406,19.7683284322778,19.987366121518008,2627300
2004-11-08,20.017793655395508,20.04821536858655,19.81700617048432,19.81700617048432,1373700
2004-11-09,19.97519874572754,20.090802160843317,19.963029598711014,20.060380453815743,1334900
2004-11-10,19.8535099029541,20.011704174555117,19.8535099029541,19.896100757655432,1321300
2004-11-11,20.10296630859375,20.12730459657428,19.859588070842225,19.871757214832492,1378800
2004-11-12,20.486289978027344,20.577557424520293,20.005621413443553,20.121224834110716,2396500
2004-11-15,20.498462677001953,20.589730139307058,20.401111800356237,20.401111800356237,1501900
2004-11-16,20.595800399780273,20.778335207811438,20.41326791277561,20.41326791277561,1862800
2004-11-17,20.63840103149414,20.70533018340144,20.559305052901514,20.595810175012694,2347900
2004-11-18,20.22466468811035,20.674911616778587,20.22466468811035,20.595813305137106,2462400
2004-11-19,20.291589736938477,20.4862914706839,20.078635440975592,20.230746315528435,1949800
2004-11-22,20.674903869628906,20.674903869628906,20.2185713766591,20.23074052166154,1674100
2004-11-23,20.766178131103516,20.851359853128166,20.50454723001189,20.583645538046717,1190200
2004-11-24,20.778345108032227,20.96696109536175,20.76009022591534,20.778345108032227,944700
2004-11-26,20.693159103393555,20.912199099717434,20.687075690618954,20.778343129429697,294000
2004-11-29,20.595800399780273,20.75399692393708,20.248987978163463,20.687067803795856,1913900
2004-11-30,20.236831665039062,20.680997503725056,20.23074825072724,20.492379165667003,1455700
2004-12-01,19.902177810668945,20.096879461662713,19.65271617526901,19.683137873044267,2286900
2004-12-02,19.561460494995117,20.029959972436764,19.39717930221047,19.96303313353644,2994300
2004-12-03,19.646638870239258,19.74398972599249,19.561457161583622,19.622300576044083,2381600
2004-12-06,19.670978546142578,19.713569403462017,19.500612795837164,19.561458535598973,1811300
2004-12-07,19.409345626831055,19.707482775057727,19.403261053130866,19.61013191688223,1602800
2004-12-08,19.318078994750977,19.470189852977363,19.226812711917894,19.415429851174764,1523800
2004-12-09,19.354589462280273,19.378927761907594,19.214647720965168,19.22681687077883,1190000
2004-12-10,19.25722885131836,19.348495107762695,19.159878023042612,19.226807152674716,1395000
2004-12-13,19.458017349243164,19.5431990437915,19.257231097440975,19.257231097440975,1710700
2004-12-14,19.55537223815918,19.67097797986479,19.50061223446378,19.531033942955094,1363900
2004-12-15,19.774412155151367,19.865679601201553,19.54320299391111,19.59187958407856,1553600
2004-12-16,20.042116165161133,20.182057808622424,19.81090944345624,19.835245405038705,4064400
2004-12-17,19.95086669921875,20.090808452189712,19.89610668101027,19.926528397564272,3040700
2004-12-20,20.10296630859375,20.145557152046234,20.02386803317047,20.048206321151003,1737400
2004-12-21,20.510629653930664,20.510629653930664,20.13947875071526,20.13947875071526,2658800
2004-12-22,20.401107788085938,20.680993534296945,20.370686080309913,20.656655239665113,1723300
2004-12-23,20.29767608642578,20.395026956246834,20.200325216604732,20.3463503608224,1035400
2004-12-27,20.188156127929688,20.52279959887289,20.188156127929688,20.395027017044587,903400
2004-12-28,20.273340225219727,20.291592790183625,20.090807612496455,20.139481892742882,2483700
2004-12-29,20.309843063354492,20.376772214391803,20.10297219697898,20.13947731861564,820600
2004-12-30,20.279420852661133,20.413276830392576,20.24291341090119,20.26725170540782,678300
2004-12-31,20.248998641967773,20.40110951474945,20.212493517957913,20.261167790313635,896000
2005-01-03,20.090803146362305,20.334179135548773,20.011704847388604,20.16990144533601,2140400
2005-01-04,19.938695907592773,20.19424109085085,19.938695907592773,20.078637649047625,1368000
2005-01-05,19.6953125,19.987365057804983,19.6953125,19.88393079236521,2057200
2005-01-06,19.561460494995117,19.743993090508834,19.543205610724232,19.70140222892323,2289800
2005-01-07,19.42151641845703,19.689231881361316,19.42151641845703,19.56754271808286,2197800
2005-01-10,19.810928344726562,19.902193510044707,19.36676354745056,19.36676354745056,2927000
2005-01-11,19.64055824279785,19.835260004927516,19.543207361733018,19.774416574647528,1339400
2005-01-12,19.877853393554688,19.890022545361013,19.597969865094363,19.683151606710254,1337100
2005-01-13,20.017793655395508,20.163818807123697,19.792667871520308,19.792667871520308,1557100
2005-01-14,20.32201385498047,20.382857276648913,20.00562295604348,20.00562295604348,1947000
2005-01-18,20.431537628173828,20.50455021180856,20.127315821829573,20.26117183832188,1351500
2005-01-19,20.547134399414062,20.644485252955626,20.382854398870027,20.382854398870027,1848200
2005-01-20,20.413278579711914,20.504546031419203,20.23074599732505,20.474124321192676,2292000
2005-01-21,20.687082290649414,20.827024039386316,20.43762050880918,20.5045496758199,4064900
2005-01-24,20.93045997619629,20.99130340548212,20.656659902353958,20.656659902353958,2427000
2005-01-25,20.827016830444336,21.137324257171827,20.729665981496506,20.91828426678238,1447200
2005-01-26,20.960874557495117,21.052139670364785,20.796594569097007,20.796594569097007,1296900
2005-01-27,21.027807235717773,21.137327246400755,20.68707805570098,20.851358071725453,1830400
2005-01-28,21.05214500427246,21.070399888293377,20.796599838258107,20.991301580277,1215100
2005-01-31,21.295522689819336,21.307691838451138,21.082568391332256,21.143411813463484,2038600
2005-02-01,21.277267456054688,21.478052580701682,21.198169160392546,21.356363430689346,3049900
2005-02-02,21.441553115844727,21.538903997326383,21.265103917837944,21.356369063648692,2173500
2005-02-03,21.32593536376953,21.447624477492578,21.15557199717334,21.386781081144452,2255800
2005-02-04,21.59973907470703,21.59973907470703,21.319855688813693,21.35027739231911,1706000
2005-02-07,21.551069259643555,21.648422455074805,21.484142419326467,21.484142419326467,1021300
2005-02-08,21.8796329498291,21.903971252712243,21.423300215397596,21.47806023637051,1498700
2005-02-09,21.569332122802734,21.940483194075497,21.538910398491428,21.80662482187121,2447400
2005-02-10,21.806615829467773,21.867459253000355,21.52064663260342,21.61191408893012,1329700
2005-02-11,21.757930755615234,21.952634741312284,21.64841310013685,21.691003944219258,1351600
2005-02-14,21.891796112060547,21.903965260172853,21.764023538422848,21.764023538422848,1574900
2005-02-15,21.818784713745117,21.976979005627825,21.794446416216147,21.89788302020037,1186500
2005-02-16,21.891796112060547,21.891796112060547,21.636250964785148,21.800530982759767,1613100
2005-02-17,21.903961181640625,22.013481173231007,21.78227204420384,21.843117773435853,2028300
2005-02-18,21.873538970947266,21.934382377742903,21.599738998312514,21.903960674345083,2480900
2005-02-22,21.2529296875,21.873542278987927,21.234677126906327,21.849203984177997,2525100
2005-02-23,21.295522689819336,21.490224425872608,21.167750110727088,21.417211855109574,2256700
2005-02-24,21.50847625732422,21.58149114663356,21.16774939132475,21.295521966074553,2316700
2005-02-25,21.605831146240234,21.630169447209816,21.246849330537362,21.447636831994217,2941700
2005-02-28,21.40504264831543,21.782276970765135,21.38070435111796,21.59974438383965,2972600
2005-03-01,21.697093963623047,21.83095226923529,21.295521367813944,21.38678881637277,2880200
2005-03-02,21.575401306152344,21.703173856586677,21.459797901620416,21.6727521523443,2366400
2005-03-03,21.660579681396484,21.80052367727812,21.49630203949993,21.678834557961466,2029400
2005-03-04,21.8005313873291,21.891796518323563,21.617996483284745,21.648420514643952,2332500
2005-03-07,21.78227424621582,21.897879982929833,21.751852539038047,21.812695953393597,4413200
2005-03-08,21.672752380371094,21.78227237361775,21.59973982521575,21.78227237361775,2246400
2005-03-09,21.271183013916016,21.624081338282686,21.216423009135934,21.624081338282686,6332300
2005-03-10,21.50847625732422,21.51456199194718,21.22859281138817,21.295521966074553,2764000
2005-03-11,21.307693481445312,21.563238659334395,21.28335518230503,21.514564382081787,1342800
2005-03-14,21.666669845581055,21.67883899210446,21.35636241180262,21.386786438624824,2073900
2005-03-15,21.666669845581055,21.873540694424218,21.49022070253272,21.757934962965543,1773300
2005-03-16,21.53281593322754,21.727517675136987,21.429381648287826,21.599745092201633,2048400
2005-03-17,21.59973907470703,21.733597355363496,21.368529950216917,21.57540078349182,1661300
2005-03-18,21.31376838684082,21.59973748500474,21.313768386840817,21.447626657645554,4399900
2005-03-21,21.33811378479004,21.478055514057083,21.204255469392084,21.32594463602406,3048300
2005-03-22,20.900033950805664,21.380704887898375,20.86352882512074,21.307692315500695,2885300
2005-03-23,20.772253036499023,20.906111299723527,20.50453883107691,20.906111299723527,2698000
2005-03-24,20.991296768188477,21.088647616881012,20.839185922042184,20.839185922042184,3172600
2005-03-28,20.991296768188477,21.070395058072197,20.77834251199459,20.869607627065978,2209800
2005-03-29,20.48185920715332,21.00357415358986,20.463446537281822,20.99743503604115,5344400
2005-03-30,20.78874969482422,20.801025588634168,20.512547937568726,20.56165151280852,2461500
2005-03-31,20.92991828918457,20.966745969431326,20.745784570725313,20.83171348324715,2356500
2005-04-01,21.021991729736328,21.365709809676904,20.837857963884822,21.08336887122421,2241300
2005-04-04,21.316598892211914,21.335011560048258,20.985156822835418,21.095637512627583,1875300
2005-04-05,21.451631546020508,21.525284559368583,21.31046229485875,21.31046229485875,2323800
2005-04-06,21.292049407958984,21.54369937492188,21.267499961987156,21.470046354231773,1674400
2005-04-07,21.390256881713867,21.53756528283932,21.26750261239486,21.316603851844942,1671400
2005-04-08,21.25522804260254,21.45163769542564,21.236813027946297,21.328881077064263,944800
2005-04-11,21.482324600219727,21.580529419022373,21.23067460570123,21.249087277543108,1399600
2005-04-12,21.6971492767334,21.740113743310072,21.414810684547305,21.49460284021305,2389800
2005-04-13,21.47004508972168,21.72783415903515,21.47004508972168,21.715558266078588,1508600
2005-04-14,21.310462951660156,21.543697891348682,21.267498497433998,21.420943645780888,2751700
2005-04-15,20.936058044433594,21.408669419089755,20.936058044433594,21.22453569502059,1853200
2005-04-18,21.206119537353516,21.267499002983612,20.8685406712432,20.979021367990168,1650600
2005-04-19,21.408668518066406,21.439357080555126,21.114054103677674,21.114054103677674,1433600
2005-04-20,21.16315460205078,21.47618401619565,21.16315460205078,21.35956420483742,1244100
2005-04-21,21.402528762817383,21.506872681833663,21.101777581449923,21.114053474356965,1913400
2005-04-22,21.672592163085938,21.727832506495503,21.365701886674348,21.40866633806101,1723300
2005-04-25,21.77693748474121,21.979486225931954,21.660320002514283,21.727836249577862,2483700
2005-04-26,21.224531173706055,21.789208119413917,21.224531173706055,21.776932228239378,2327200
2005-04-27,21.261363983154297,21.396396492176375,21.11405792002809,21.273639878646094,4776100
2005-04-28,21.126331329345703,21.377983673121328,21.083366866112705,21.236812046627026,1752300
2005-04-29,21.310462951660156,21.353427405886315,21.04039799208185,21.175430471871003,2362700
2005-05-02,21.53142547607422,21.59280260209687,21.298188182691053,21.298188182691053,1778400
2005-05-03,21.6971492767334,21.78921732876217,21.445499254760954,21.513015514063678,2259600
2005-05-04,22.022445678710938,22.040858345038313,21.629626521147816,21.697140411477147,2321800
2005-05-05,21.91197395324707,21.973351093680648,21.56211910172245,21.574394998086728,3526700
2005-05-06,21.991762161254883,22.120655537860884,21.801489313845494,21.819901984392807,2856200
2005-05-09,21.91197395324707,22.04700413047851,21.74011374553496,22.00403966389744,2389800
2005-05-10,21.666452407836914,21.85058609997976,21.6541765161758,21.7585204246018,2402900
2005-05-11,21.6971492767334,21.715564291971848,21.531430529302128,21.654184810156725,2112800
2005-05-12,21.623493194580078,21.801490154693845,21.51915160227114,21.758525694168107,1861100
2005-05-13,21.23680877685547,21.63576712132127,20.733508849571177,21.623491227803694,2763000
2005-05-16,21.611223220825195,21.623499118822593,21.08337131387784,21.292056897057304,1989700
2005-05-17,22.004032135009766,22.096100155546015,21.506871379997673,21.57438761620599,2652900
2005-05-18,21.85672950744629,22.09610358836493,21.76466147260648,22.083827694293795,2028600
2005-05-19,22.03473663330078,22.065425211954487,21.838326920250896,21.911979977297488,1949100
2005-05-20,22.03473663330078,22.08383789086902,21.948805335126547,22.03473663330078,2129100
2005-05-23,22.03473663330078,22.05314931221531,21.948805335126547,22.03473663330078,1442300
2005-05-24,21.97948455810547,22.034724906839667,21.881279753843252,21.94265687848693,1664400
2005-05-25,21.862865447998047,22.004034712338278,21.850589554396205,21.89969312880357,1086700
2005-05-26,22.04085922241211,22.175891691219707,21.869001419483872,21.9242417620518,1688300
2005-05-27,22.188175201416016,22.249552340282378,21.911973393741853,21.911973393741853,1358100
2005-05-31,21.954940795898438,22.304795685286056,21.9426648982056,22.139074578514858,3064200
2005-06-01,22.114513397216797,22.34775067161326,21.875139347272547,21.954931477716325,2081500
2005-06-02,22.0899658203125,22.163618840045324,22.010173683126027,22.096102596378866,1934000
2005-06-03,22.077686309814453,22.206579658577173,22.04085863528786,22.13292665091089,1834100
2005-06-06,22.2618350982666,22.304799576993872,22.077701283522792,22.188182040646776,1776300
2005-06-07,22.286380767822266,22.617820606639558,22.26182897490607,22.366170582718144,1667300
2005-06-08,22.292512893676758,22.439821279047905,22.243411659477946,22.384580927207146,1043200
2005-06-09,22.433677673339844,22.47050534766175,22.14520241933901,22.255680759530957,1214100
2005-06-10,22.59326934814453,22.691474170567243,22.36003201687022,22.40299648034343,1438400
2005-06-13,22.740568161010742,22.82036028547377,22.519606795658913,22.525745912133633,1796900
2005-06-14,22.648513793945312,22.74057951454901,22.56258251010522,22.593273425027864,1849400
2005-06-15,22.32933807373047,22.709881376340217,22.280234503645552,22.673053698776528,2078200
2005-06-16,22.249542236328125,22.372298799702445,22.1390615634299,22.372298799702445,1326400
2005-06-17,22.286380767822266,22.427550065008635,22.2556898559831,22.40299827209244,2908900
2005-06-20,22.58713150024414,22.697612224357716,22.151347722567145,22.15748449995666,2032700
2005-06-21,22.77739906311035,22.832639412275512,22.488921423982585,22.50119731728454,1916300
2005-06-22,22.936988830566406,22.961540625559376,22.752855050895217,22.851059889479053,1502400
2005-06-23,22.99835777282715,23.26228359451603,22.90015297927224,22.95539332198356,2097100
2005-06-24,22.740568161010742,23.07201020903849,22.709879602797855,22.961529526362572,1507900
2005-06-27,22.789670944213867,22.863323949671475,22.59326136873569,22.73443060477395,1277800
2005-06-28,23.154756546020508,23.19807333649759,22.876307313180963,22.894869965914424,2607400
2005-06-29,23.229015350341797,23.290892442342848,23.09288291538778,23.235202115358,1079700
2005-06-30,23.229015350341797,23.457963423297393,23.15476000738883,23.216639459849635,1588000
2005-07-01,23.47032356262207,23.482699444808656,23.266125047230698,23.309439454654655,1740000
2005-07-05,23.451765060424805,23.631209482669156,23.371322992237527,23.451765060424805,1570700
2005-07-06,23.00623893737793,23.532200955439404,22.993863055011303,23.396070970322928,1870400
2005-07-07,23.092876434326172,23.1547535089613,22.82061400128888,22.894866962942853,1581000
2005-07-08,23.34038543701172,23.34657219922688,23.012430388599643,23.09287246014887,1974500
2005-07-11,23.371326446533203,23.495082948083706,23.297073489786477,23.495082948083706,1788000
2005-07-12,23.34038543701172,23.433201032991274,23.278506012566663,23.328009552122708,1560000
2005-07-13,23.457963943481445,23.50746750654784,23.352772412655067,23.389897724495057,1504200
2005-07-14,23.1300106048584,23.575530860624024,22.956750498293108,23.47033933204845,1777300
2005-07-15,23.074312210083008,23.142378403814174,22.969118357827863,23.018621902526505,1713700
2005-07-18,22.987693786621094,23.14238889323238,22.962942003052888,23.01863233585135,1415400
2005-07-19,23.092876434326172,23.13619085866258,22.8391766515876,23.061937897008608,1403900
2005-07-20,23.383705139160156,23.4455822171322,23.06812590430878,23.06812590430878,1651900
2005-07-21,22.839168548583984,23.383695581927412,22.758726491730712,23.328005290330264,1486100
2005-07-22,22.931991577148438,23.055745709976144,22.87630127319246,22.944367462522965,1765600
2005-07-25,22.97530746459961,23.15475191285563,22.89486538475171,22.89486538475171,1826000
2005-07-26,23.08049964904785,23.14237908173381,22.90105283494706,22.987684040707407,1496100
2005-07-27,23.11144256591797,23.297078538704014,23.068128135057076,23.23519909428885,2072500
2005-07-28,23.27232551574707,23.358954372833757,23.08669191335284,23.222821962863637,1531900
2005-07-29,23.284698486328125,23.45795617879181,23.284698486328125,23.334199672549595,1621200
2005-08-01,23.018625259399414,23.340391265487856,22.981497595460997,23.340391265487856,1194400
2005-08-02,23.513639450073242,23.606457392085805,23.09286887107737,23.09286887107737,1536700
2005-08-03,23.42701530456543,23.934414805112016,23.35894911490158,23.40845265664212,2310800
2005-08-04,23.17331314086914,23.402261096428003,23.111433720138,23.389885212281772,2188600
2005-08-05,22.91961669921875,23.068122609323172,22.672103701766208,23.04955996067484,1829400
2005-08-08,22.115201950073242,23.099062409607416,22.028570752749378,22.969116793851,3665800
2005-08-09,22.39984893798828,22.492664573366735,22.177087636344492,22.39984893798828,3605600
2005-08-10,22.68448257446289,22.950558255596924,22.604040485630485,22.709234349558894,2729400
2005-08-11,22.88868522644043,22.91962377055267,22.684486586472357,22.74017691005823,2352300
2005-08-12,23.000062942504883,23.049566500223936,22.795866668062672,22.83299433635196,1856700
2005-08-15,22.90106201171875,23.05575711473362,22.7154283601929,22.752556034682048,1754600
2005-08-16,22.777301788330078,23.037188359580107,22.771112663990227,22.969122154597674,1835900
2005-08-17,22.66592025756836,22.795863538049527,22.486473426165283,22.622605830741303,1440100
2005-08-18,22.52359962463379,22.684481433749298,22.480285200623495,22.678294670516003,2354000
2005-08-19,22.597854614257812,22.678296706266103,22.560726950147995,22.678296706266103,1816000
2005-08-22,22.62879180908203,22.74635919775274,22.554538845735223,22.665919470985006,2119100
2005-08-23,22.67210578918457,22.74017198777381,22.535973392006085,22.634980488469783,1710700
2005-08-24,22.802047729492188,23.130002816206673,22.69066711294145,22.70923212267255,1905500
2005-08-25,23.061939239501953,23.068126003141977,22.808239441994882,22.863929756592007,1277500
2005-08-26,23.00623893737793,23.167120687227655,22.956735407911424,22.987676294057092,1217000
2005-08-29,23.191879272460938,23.216631044473438,22.802047124870196,22.802047124870196,1599400
2005-08-30,23.061939239501953,23.23519694693335,22.882492407971306,23.14856809321765,1293400
2005-08-31,23.216632843017578,23.241384616947546,22.99387159856602,23.11143898404475,1902900
2005-09-01,23.69927978515625,23.724031558201396,23.160941703948847,23.272322322193,1697300
2005-09-02,23.507457733154297,23.779720135445004,23.501268610114266,23.606462457665355,1695300
2005-09-06,23.5693416595459,23.754975276966682,23.488899559828404,23.51365133827371,2237400
2005-09-07,23.847797393798828,23.853984159251286,23.55078308242251,23.5879083960571,1424100
2005-09-08,23.464147567749023,23.884918355650218,23.45796080342378,23.761164185469447,2495100
2005-09-09,23.81685447692871,23.86635567284821,23.45177401024188,23.495088441843752,1722100
2005-09-12,23.53839874267578,23.891103258371505,23.464143421138417,23.823037060525124,1270500
2005-09-13,23.507457733154297,23.625025105867795,23.43939154246691,23.532207143937942,1246400
2005-09-14,23.581714630126953,23.736409685574692,23.482709889058768,23.563151978820176,824700
2005-09-15,23.736404418945312,23.847785022991314,23.581709397821278,23.637399699844277,934400
2005-09-16,23.909671783447266,23.959175343302515,23.64978517558615,23.83541880412404,2008100
2005-09-19,23.81685447692871,23.99629896765382,23.77353768486735,23.884918326260586,2044200
2005-09-20,23.823036193847656,23.971544471060607,23.761159121943333,23.804473544368157,1617700
2005-09-21,23.61884307861328,24.00867533119323,23.58790453549477,23.823041712022622,2424800
2005-09-22,23.3527774810791,23.730231609312856,23.2661462269107,23.730231609312856,2536800
2005-09-23,23.62502670288086,23.64977847579651,23.328012509270007,23.352764282185657,1988400
2005-09-26,24.02104949951172,24.126243371129345,23.6250305108652,23.6250305108652,2754200
2005-09-27,23.860179901123047,24.101503948501982,23.761175103212185,24.04581360214834,1939500
2005-09-28,24.206680297851562,24.249994722182386,23.91585521455304,23.91585521455304,1354400
2005-09-29,24.636947631835938,24.69306833900784,24.144335178551035,24.206690462652432,2360900
2005-09-30,24.474807739257812,24.717996531106817,24.375037917506937,24.643169759468705,1409800
2005-10-03,24.880130767822266,24.936251456540997,24.53716968192957,24.53716968192957,1532100
2005-10-04,24.375043869018555,25.004840576588457,24.350100812815587,24.817772412467747,1863700
2005-10-05,23.68382453918457,24.56984709697582,23.677541745300072,24.519577554605785,1697100
2005-10-06,23.457605361938477,23.72152582313867,23.030303512959154,23.658688302976074,1668300
2005-10-07,23.847206115722656,23.9414624072516,23.45132297942662,23.564432446939776,1673000
2005-10-10,23.608409881591797,23.9854396931553,23.507868438701724,23.87861545881457,1471100
2005-10-11,23.49530601501465,23.809498397985365,23.419900514289015,23.56442872280383,1121700
2005-10-12,23.507871627807617,23.866050716513072,23.331924678155087,23.564426346924133,2100200
2005-10-13,22.716108322143555,23.262802350986004,22.477321460138683,23.250234369080754,2099500
2005-10-14,22.76009750366211,23.061721910476525,22.678406811056842,22.841785799169678,1732800
2005-10-17,23.199962615966797,23.26908531841688,22.72239128546227,22.766378023912786,1533600
2005-10-18,22.728675842285156,23.262804331800538,22.703542273431992,23.187398831045744,2128300
2005-10-19,22.804079055786133,22.82921501657359,22.40819606322378,22.697252420988033,2968300
2005-10-20,22.44591522216797,23.093151070122932,22.345373707950703,22.810377312293507,2260500
2005-10-21,22.684680938720703,22.83549428306695,22.51501922233925,22.552720760603226,1169500
2005-10-24,23.130840301513672,23.155973866232724,22.502455638689476,22.527589203408528,2003500
2005-10-25,22.90462875366211,23.31307747667237,22.76010052271097,23.093143733289768,1549300
2005-10-26,22.408206939697266,22.753818178437154,22.345369404325766,22.747535383739333,4020400
2005-10-27,22.471038818359375,22.747529657427986,22.1505636332817,22.452188041912958,2033200
2005-10-28,22.665834426879883,22.760093084437855,22.47103431990545,22.559010185604933,1693100
2005-10-31,22.860637664794922,23.05543540135117,22.716109461283086,22.747528219073036,2576700
2005-11-01,22.74125099182129,22.854360477147047,22.56530396891385,22.747536183838502,1483200
2005-11-02,22.615571975708008,22.904628433570732,22.508745303916484,22.760100204639368,1601000
2005-11-03,22.345367431640625,22.665842669100513,22.238540754421923,22.552733197738647,2192800
2005-11-04,22.326509475708008,22.433336130058947,22.219685218454668,22.41448295746902,1676400
2005-11-07,22.200841903686523,22.427058476908712,21.955769754440286,22.32651697866605,2236200
2005-11-08,22.131710052490234,22.269953057409825,21.735827017594442,21.735827017594442,1916100
2005-11-09,22.320219039916992,22.471029986409455,22.02487754048215,22.02487754048215,1610600
2005-11-10,22.21968650817871,22.389350688750508,21.886643337295776,22.30765999504607,1588500
2005-11-11,22.024879455566406,22.238530312588523,21.874068495960785,22.163124832785712,1524700
2005-11-14,21.968334197998047,22.16313436815366,21.905496670643597,22.024888931456257,2390400
2005-11-15,21.899211883544922,22.16313477691687,21.804955590774846,21.99347057341306,1632500
2005-11-16,21.83637237548828,22.006036563611442,21.70441213931399,21.87407632743715,1869100
2005-11-17,22.477319717407227,22.55272520589488,21.955759295715914,21.99346323850837,1841400
2005-11-18,22.477319717407227,22.77266127653832,22.213396912054552,22.77266127653832,1977800
2005-11-21,22.936046600341797,22.95489737842143,22.55901665616165,22.653272943657726,2029100
2005-11-22,22.854345321655273,22.929753193265864,22.747521099185494,22.816643782946795,2041900
2005-11-23,23.30678939819336,23.3759121010402,22.785228929147184,22.785228929147184,1999000
2005-11-25,23.608409881591797,23.64611382158698,23.30678555292158,23.36334026436581,566900
2005-11-28,23.33820343017578,23.5644222674791,23.319352659432838,23.533003517208527,1388500
2005-11-29,23.375917434692383,23.61470435434767,23.344498670892534,23.350781464813295,1171000
2005-11-30,23.111997604370117,23.27537903311209,23.04916006845295,23.24396026515351,6217500
2005-12-01,23.068008422851562,23.31936333427217,23.01145368763683,23.16226711390881,3263200
2005-12-02,23.061710357666016,23.061710357666016,22.879478287412134,22.936032985177253,1716200
2005-12-05,22.973745346069336,23.068001612200053,22.60299827958814,22.60299827958814,1399900
2005-12-06,23.080570220947266,23.243951588702608,23.036583482804854,23.05543425712376,1162700
2005-12-07,22.76009750366211,23.199964932080402,22.67212401797845,23.061721910476525,1134100
2005-12-08,23.225107192993164,23.394771417264018,22.848077181567948,22.87321315488919,1975600
2005-12-09,23.350772857666016,23.489018243945413,22.71610543329604,22.71610543329604,1230400
2005-12-12,23.04915428161621,23.50159209734318,23.04286909134348,23.37591465996372,1212700
2005-12-13,23.33820343017578,23.39475813950161,22.942320464894976,23.099416613344836,1407200
2005-12-14,23.539287567138672,23.690100932437648,23.45131410283807,23.457599291486463,1104000
2005-12-15,23.558151245117188,23.752949032367308,23.29422833738405,23.595852805437502,1720600
2005-12-16,23.570709228515625,23.690103856601326,23.53300768036007,23.55814364386205,2187900
2005-12-19,23.451322555541992,23.595850784285766,23.388485028991823,23.470173334087445,1401000
2005-12-20,23.49530601501465,23.551860739833284,23.250236339833112,23.40733253131847,816300
2005-12-21,23.294221878051758,23.627265019720888,23.26908591340946,23.53300874795855,1100500
2005-12-22,23.507871627807617,23.595845102633884,23.256516787934796,23.43874892698772,1932400
2005-12-23,23.576993942260742,23.80321281501965,23.375911032496685,23.539289997768467,1190500
2005-12-27,23.63355255126953,23.84720347770461,23.50787511270223,23.514157905936603,1228000
2005-12-28,23.449705123901367,23.760337859650228,23.32925362291126,23.66524724227085,3404600
2005-12-29,23.61453628540039,23.785702341962402,23.418011757129126,23.418011757129126,1062300
2005-12-30,23.53211212158203,23.639884369833155,23.44970075221365,23.51943289129861,1194600
2006-01-03,23.753995895385742,23.79203116931527,23.234159526276958,23.532112984760875,1953200
2006-01-04,23.76034164428711,23.804717756462484,23.43068879790094,23.754003236112087,1666700
2006-01-05,23.652572631835938,23.893470844260044,23.475065758403073,23.72864562426898,1350900
2006-01-06,23.93149757385254,23.956856032472263,23.71595551221634,23.868103845618954,1255200
2006-01-09,23.67159080505371,23.887132970367777,23.551141696146423,23.861774499550386,1332500
2006-01-10,23.58283233642578,23.975878856843273,23.525777001339673,23.608190800534327,2051600
2006-01-11,23.424354553222656,23.49408914712638,23.329261485478092,23.424354553222656,1960000
2006-01-12,23.639892578125,23.747662445480294,23.418009598596335,23.418009598596335,1060800
2006-01-13,23.64622688293457,23.766678382390356,23.424346360226,23.696943812877286,1862900
2006-01-17,24.096328735351562,24.13436643277955,23.61452999284531,23.64622686487714,1933700
2006-01-18,24.045608520507812,24.22311289643775,23.969535562011515,24.121681479004106,1357800
2006-01-19,23.836414337158203,24.039277252667205,23.792038225535403,24.020259610062208,1904100
2006-01-20,23.58283233642578,23.893465057648623,23.570153104371506,23.836409722562514,3090200
2006-01-23,23.7286376953125,23.85542758587844,23.652564728299343,23.67158236547363,1160100
2006-01-24,24.121688842773438,24.147047309452116,23.734980690031332,23.734980690031332,1653800
2006-01-25,23.82373809814453,24.121691652213762,23.620872759403994,24.121691652213762,1693000
2006-01-26,23.55747413635254,23.95052066117535,23.544794904156156,23.8871269185097,1535000
2006-01-27,23.665252685546875,23.79204020454861,23.532121921288,23.55748039241511,1407400
2006-01-30,23.722309112548828,23.912495255700833,23.6335568688471,23.696953056003526,1107100
2006-01-31,23.652572631835938,23.855435557201936,23.55114116915294,23.709627980739928,1333500
2006-02-01,23.861772537231445,23.94418635145207,23.627212747252255,23.652571215984242,1248200
2006-02-02,23.37363052368164,23.86177011479157,23.32925441706405,23.86177011479157,1345600
2006-02-03,23.322912216186523,23.430682052352815,23.145405400271397,23.246836830087453,1398100
2006-02-06,23.4560489654541,23.52578355201183,23.234168388513055,23.246845205780904,928500
2006-02-07,23.55113983154297,23.620871993294603,23.468726017069798,23.519440536372503,1471000
2006-02-08,23.107376098632812,23.589174910221676,23.012283050586106,23.582836502233008,1926100
2006-02-09,23.322912216186523,23.519434251152354,23.08201166350488,23.088350069855114,1588900
2006-02-10,23.424354553222656,23.557482913411313,23.265867719193164,23.265867719193164,1242500
2006-02-13,23.297557830810547,23.424347744845598,23.284878597575393,23.341933937975345,942400
2006-02-14,23.043983459472656,23.36095711046027,23.031306641552145,23.27854570239176,2117700
2006-02-15,23.278545379638672,23.341939141630437,22.980589377979975,23.012286258975855,1792200
2006-02-16,23.55747413635254,23.570153368548922,23.170766018469784,23.25317981858814,1225700
2006-02-17,23.86811065673828,24.077311954260384,23.582833961647765,23.582833961647765,1899700
2006-02-21,23.925168991088867,24.051956499610004,23.868113644927668,23.868113644927668,1614700
2006-02-22,24.083656311035156,24.128032423631627,23.880790972758298,24.01392172886448,1811100
2006-02-23,23.912490844726562,24.05195759410968,23.773021677026623,23.975884601871904,1068800
2006-02-24,24.070974349975586,24.153385739282704,23.893467501377312,23.982222134834693,822600
2006-02-27,24.3879337310791,24.457668264754872,24.191409356021474,24.21676780796086,1459200
2006-02-28,24.121688842773438,24.406965547117327,23.988560520185118,24.273837224529007,2966100
2006-03-01,24.381601333618164,24.40695979431977,24.04561019342758,24.153380023935537,1558200
2006-03-02,24.749296188354492,24.755634595506354,24.178742812033004,24.28017425467723,2138200
2006-03-03,24.641529083251953,24.850732837841978,24.502062331842126,24.597152968941984,1972700
2006-03-06,24.223119735717773,24.654203986104243,24.166064396157314,24.628845520007054,2036500
2006-03-07,24.191425323486328,24.22946302650206,23.937845473348137,24.121690743782494,2398900
2006-03-08,24.552772521972656,24.647865560608953,24.096329805824723,24.210440484861707,2636100
2006-03-09,24.73027992248535,24.76831762617839,24.4767024861486,24.50206095527729,1653000
2006-03-10,24.920461654663086,24.964837758701847,24.66054343744335,24.685899483811003,1835200
2006-03-13,25.009212493896484,25.034570957192475,24.838046494122807,24.9394779289906,2376600
2006-03-14,25.351547241210938,25.35788564856385,24.977518331161964,25.028232844934546,1854200
2006-03-15,25.522714614868164,25.56075231955897,25.142347241227252,25.250119528692807,2137600
2006-03-16,25.6241455078125,25.763614670270908,25.541734110284104,25.649503977044343,2206000
2006-03-17,25.522714614868164,25.788973711070227,25.446641623803337,25.70655989339854,2007700
2006-03-20,25.199399948120117,25.52271193999899,25.09796849789179,25.52271193999899,2095600
2006-03-21,25.16769790649414,25.383239996268657,25.10430175166867,25.231091643003573,1665700
2006-03-22,25.332534790039062,25.3959309741886,24.99020265058301,25.104313363735027,2045600
2006-03-23,25.56709098815918,25.592447037496072,25.193062054378498,25.27547344677741,3029400
2006-03-24,25.57342529296875,25.70021519257763,25.39592088450603,25.48467308873739,2404200
2006-03-27,25.57342529296875,25.65583909046195,25.459314625152377,25.57342529296875,2056400
2006-03-28,25.45932960510254,25.630495707539087,25.38325658790328,25.484688083608166,2252700
2006-03-29,25.325090408325195,25.599946463291424,25.31230612223918,25.369834190449627,2369100
2006-03-30,25.178064346313477,25.37621704103573,24.97352073037216,25.312295637083917,2127100
2006-03-31,24.864864349365234,25.216423626623023,24.8137272131481,25.158895567555177,2215600
2006-04-03,25.152498245239258,25.22281057728833,24.928779405403553,24.992698377255902,2624000
2006-04-04,25.644685745239258,25.702213803354578,25.037445673655956,25.1461108671417,2069000
2006-04-05,26.066558837890625,26.13687118383872,25.561593008391764,25.567983931499334,2405000
2006-04-06,25.318695068359375,25.983463198763545,25.197245590902124,25.951501269946693,5677000
2006-04-07,25.05662727355957,25.26117097062102,24.90961164369373,25.235602398900035,2307200
2006-04-10,25.293132781982422,25.536029358865413,25.09497999053137,25.120548564593463,1393000
2006-04-11,25.063011169433594,25.401788553857564,24.967132709894845,25.37621998930622,1128900
2006-04-12,24.999099731445312,25.16529057441596,24.903218804654344,25.056627799849238,1153500
2006-04-13,24.679502487182617,24.960749496521178,24.615581049819188,24.8648709980063,1846300
2006-04-17,24.807323455810547,24.87763332420382,24.54525186416704,24.685874039305183,1531300
2006-04-18,25.241989135742188,25.286732905333405,24.717843306447417,24.768980436467423,1985100
2006-04-19,25.210033416748047,25.369833329872765,25.082195436930807,25.28673913066219,1052400
2006-04-20,25.178064346313477,25.452920287425663,25.107752021142606,25.120536301932965,2083400
2006-04-21,25.267562866210938,25.36983471867522,25.082196809987312,25.280347152563134,1615800
2006-04-24,25.165285110473633,25.31230071150704,25.08219092620653,25.28034122230025,1888900
2006-04-25,24.967134475708008,25.197244257887146,24.737022255176175,25.17167812988015,1578700
2006-04-26,24.832901000976562,25.075797507421907,24.730629172739476,24.94795711253737,1753000
2006-04-27,24.94156265258789,25.26755329687309,24.641138132971378,24.67949097750297,3588700
2006-04-28,25.465709686279297,25.523237742221713,24.960741466157252,25.12054135062478,2245300
2006-05-01,25.075801849365234,25.56159494637232,24.986314288956862,25.504066880630774,1937300
2006-05-02,25.395401000976562,25.478497635594742,25.024666483612442,25.17168210587348,2728100
2006-05-03,25.29952049255371,25.38261468216143,25.152502443718454,25.229208148768038,1475400
2006-05-04,25.222816467285156,25.414575865974076,25.20364125892218,25.280344530727138,922500
2006-05-05,26.079336166381836,26.143257572172764,25.631896079254595,25.791695936203446,2556900
2006-05-08,25.50406837463379,25.830059140696665,24.890434824660208,24.92878768351896,3647800
2006-05-09,25.331472396850586,25.536016005681375,25.2100229527402,25.280335275466815,2401100
2006-05-10,25.734174728393555,25.746959012948853,25.261168391612422,25.28673696072301,2417300
2006-05-11,25.152498245239258,25.561587955492733,25.094970195231152,25.542410313255044,1837700
2006-05-12,25.12054443359375,25.28034433767304,24.973528814443167,25.056625447303244,2138800
2006-05-15,25.088590621948242,25.248390562215427,24.928790681681054,25.126943485419655,1849000
2006-05-16,24.775373458862305,25.21642270844056,24.7689825362443,25.21642270844056,2923600
2006-05-17,24.506912231445312,24.999096205401646,24.500521308458854,24.653927843662984,2781400
2006-05-18,24.74341583251953,24.935175224087306,24.538872156400174,24.57722501005491,2346600
2006-05-19,24.91600227355957,25.08219554943248,24.737027150330142,24.96074605436693,2189800
2006-05-22,25.094974517822266,25.29952062735816,24.730630951130497,24.743415235373547,2098300
2006-05-23,24.647544860839844,25.22921657410859,24.641151497440863,25.190863708775794,1933800
2006-05-24,25.126930236816406,25.16528064171333,24.55164977983955,24.602786904171847,2263100
2006-05-25,25.42095947265625,25.42735039354045,25.043831743333584,25.190847307191287,1528900
2006-05-26,25.567977905273438,25.59993738998455,25.26755338461371,25.561586983672168,1552800
2006-05-30,25.107755661010742,25.574371004919048,24.9990929160682,25.574371004919048,1823600
2006-05-31,25.36343765258789,25.663862213229564,25.10775686416697,25.120541147423285,2781800
2006-06-01,25.62550926208496,25.663862111702187,25.32508470263178,25.427356529925014,1367100
2006-06-02,25.791709899902344,25.989862707606193,25.53603145337059,25.66387189581328,1610800
2006-06-05,25.66385841369629,25.989849054234988,25.504058554179757,25.66385841369629,1908200
2006-06-06,25.66385841369629,25.823658273212825,25.35704053767448,25.759736866394803,1927800
2006-06-07,25.631906509399414,25.900371646260616,25.529634656869742,25.631906509399414,1184900
2006-06-08,26.01542854309082,26.066563251668775,25.51685111392385,25.676651040554194,2106500
2006-06-09,25.913148880004883,26.07933968075202,25.804483694693083,25.951499290295107,1162000
2006-06-12,25.76613998413086,26.130483606740707,25.67664998069493,26.02821175545291,1281000
2006-06-13,25.165285110473633,25.798093725520033,25.139718982119838,25.574372424367063,3575300
2006-06-14,24.83930015563965,25.146115711916345,24.641147375431384,25.056628146129803,2840000
2006-06-15,25.101367950439453,25.184464579078924,24.717846737116982,24.896824278675297,2126100
2006-06-16,24.986316680908203,25.171685181415608,24.83930104068441,24.992707605112116,2341100
2006-06-19,25.082191467285156,25.13332616344856,24.781766897884523,25.056622900027065,1620600
2006-06-20,25.094974517822266,25.23559920614291,24.941567983611467,24.973527475042644,1832800
2006-06-21,24.979923248291016,25.293129708252412,24.941570391858686,25.01188274280806,1296900
2006-06-22,24.91600227355957,24.99270554946459,24.76259572174954,24.877649416430476,1095700
2006-06-23,24.986316680908203,25.280347961355787,24.83930104068441,24.86486961420682,879600
2006-06-26,25.05662727355957,25.12054626450882,24.807339795163003,24.928786853307862,1126400
2006-06-27,24.979923248291016,25.26117021373537,24.95435467733613,25.09497694088174,1125100
2006-06-28,24.9351749420166,25.19724667647699,24.871255958334725,24.92239309596257,2096400
2006-06-29,25.01898193359375,25.154358463214496,24.690207551193815,24.94806971546216,2459900
2006-06-30,25.321962356567383,25.360642411634448,25.038315996875067,25.07699605194213,2063000
2006-07-03,25.618499755859375,25.62494520092578,25.18013571669605,25.238154558913397,452900
2006-07-05,25.51535987854004,25.760326180340684,25.399322173832214,25.496018621651828,1148900
2006-07-06,25.29618263244629,25.502471378021,25.193038259658934,25.49602347144664,866500
2006-07-07,25.6120662689209,25.708765213434237,25.25105966311491,25.25105966311491,1015500
2006-07-10,25.55403709411621,25.766773702636442,25.502466147876817,25.676522702351004,873900
2006-07-11,25.657190322875977,25.747441354387345,25.47024035237033,25.541152579745308,1096800
2006-07-12,25.54759979248047,25.915051816016277,25.5089197261034,25.73454729874605,1437800
2006-07-13,25.73453712463379,25.9279349209035,25.55403513788087,25.579821838604182,1758600
2006-07-14,25.58627700805664,25.773226970616715,25.3735427941293,25.657189232417778,1125300
2006-07-17,25.657190322875977,25.844140293381628,25.560493843037868,25.605619358793554,1469100
2006-07-18,26.121339797973633,26.160019863185216,25.715207720298118,25.786119943608004,1824400
2006-07-19,26.2889461517334,26.38564507656295,26.01174519032155,26.153569624296676,1816700
2006-07-20,26.282499313354492,26.430769186865053,26.19869374688133,26.25671260687726,998200
2006-07-21,26.185792922973633,26.424316201105068,26.07620314044431,26.424316201105068,1809500
2006-07-24,26.617719650268555,26.65639725159911,26.160016667381633,26.17935546804691,1018900
2006-07-25,26.47589683532715,26.66284678367643,26.35985910594869,26.57259576286116,1815300
2006-07-26,26.71442222595215,26.798227813272238,26.37275688718328,26.379202335828072,1632700
2006-07-27,26.591941833496094,27.036751611596397,26.579048475690158,26.740211759529526,1267000
2006-07-28,26.907817840576172,26.985175513560762,26.611275585682428,26.656401099853113,1036200
2006-07-31,26.8691463470459,27.036755101847042,26.804682008850886,26.843359628105144,978200
2006-08-01,27.05607795715332,27.165667749332997,26.70796486583811,26.81755465801779,1199300
2006-08-02,27.04964256286621,27.2623792590027,26.869140487955015,26.991623687479564,2031600
2006-08-03,26.488794326782227,26.901371891608445,26.308292256959824,26.68863766062579,2408100
2006-08-04,26.45010757446289,26.75309522295386,26.256712197212426,26.514574339650142,2140400
2006-08-07,26.06976890563965,26.50813318392102,26.04398465215436,26.450114310055657,796200
2006-08-08,26.366310119628906,26.59193769825466,26.166466793448834,26.19869895337306,931100
2006-08-09,26.56614875793457,26.862688539009664,26.398540064896117,26.463004379336454,1378800
2006-08-10,26.824003219604492,26.894915420588568,26.43076462080571,26.57258902277386,1696900
2006-08-11,26.643508911132812,26.798224249596498,26.637061004189178,26.785330894865197,927900
2006-08-14,26.778881072998047,26.830452024343654,26.553251090788766,26.591931148664646,1307000
2006-08-15,26.99161720275879,27.10765492565409,26.83045397197707,26.978723849197564,1116900
2006-08-16,26.67574119567871,27.07542535763247,26.630615683481803,27.07542535763247,1514200
2006-08-17,26.591941833496094,26.688640787462337,26.372759669108287,26.624173998432656,820800
2006-08-18,26.907817840576172,26.946495447490424,26.566150071511746,26.585491334124956,1296100
2006-08-21,27.05607795715332,27.223686597885532,26.882021411495717,26.907808112886887,1184700
2006-08-22,27.217254638671875,27.313951128070524,26.985179129464854,27.010965843633727,1173100
2006-08-23,26.527475357055664,27.13989381876396,26.295399853641158,27.1205550131982,1714100
2006-08-24,26.617719650268555,26.75309617323696,26.55970078911699,26.624165097438404,1087900
2006-08-25,26.69508171081543,26.753100581527157,26.443667424116665,26.488792939208437,605000
2006-08-28,27.010961532592773,27.068980400634523,26.649954969315676,26.714419285292717,853500
2006-08-29,26.959396362304688,27.049647415952595,26.817571872768394,27.010969798193077,803800
2006-08-30,26.649951934814453,27.017403904186867,26.63061313405456,27.017403904186867,561700
2006-08-31,27.030290603637695,27.1076482467897,26.624158673568164,26.649945374337214,788100
2006-09-01,26.81756591796875,27.01740924892619,26.791781664906686,26.9207103076857,836000
2006-09-05,26.62417984008789,26.849809962462817,26.411445537504946,26.836916601827927,962500
2006-09-06,26.41143035888672,26.585486938691975,26.301838086051255,26.559700232241788,1459200
2006-09-07,26.463008880615234,26.546814470967526,26.25027463945189,26.430776717912472,1477100
2006-09-08,26.62417984008789,26.688646643262338,26.508142053530978,26.559715496070535,1438700
2006-09-11,26.617719650268555,26.817560481558367,26.540359529295984,26.624165097438404,1166800
2006-09-12,26.41143035888672,26.637057892436673,26.334070239536153,26.637057892436673,1274800
2006-09-13,26.74665069580078,26.753096142963336,26.366305375161097,26.372750822323653,1335800
2006-09-14,26.53390884399414,26.93359288682677,26.456551197448686,26.695072042137728,694700
2006-09-15,26.617719650268555,26.817560481558367,26.527468634956286,26.65639725159911,1223500
2006-09-18,26.327617645263672,26.630605215911245,26.250260006069297,26.553245117561858,783000
2006-09-19,26.482351303100586,26.59838660207114,26.288953400117858,26.35986563665733,1138900
2006-09-20,26.5983829498291,26.753100759139578,26.501686470771684,26.624169661240206,823000
2006-09-21,26.437217712402344,26.624167667398236,26.37919884565037,26.60482886486624,1164300
2006-09-22,26.785335540771484,26.798228897739133,26.443670188176153,26.4565635451438,1242600
2006-09-25,27.178565979003906,27.404193508792304,26.798220672249435,26.946490543132615,1727600
2006-09-26,27.0045166015625,27.191466581317375,26.965838991376177,27.191466581317375,1135800
2006-09-27,27.365516662597656,27.404194263537676,26.914259131437035,26.914259131437035,1154300
2006-09-28,27.352527618408203,27.605914169590406,27.28755823303216,27.48246886758347,1681900
2006-09-29,27.060165405273438,27.44998671038288,26.94321851805592,27.430496388654433,1693700
2006-10-02,27.287561416625977,27.501964874542736,27.07315795870922,27.12513545581273,1383500
2006-10-03,27.34602928161621,27.4369874045636,26.956208046577995,27.28755584851818,1672400
2006-10-04,27.55393409729004,27.55393409729004,27.242076615538213,27.35902348099802,832600
2006-10-05,27.307044982910156,27.573423393603417,27.24207560602804,27.449980586158247,934400
2006-10-06,27.190107345581055,27.346037372786842,27.060168547737216,27.14462827065097,1246700
2006-10-09,27.216087341308594,27.27456077289734,27.09264453169809,27.12512922070897,546100
2006-10-10,27.203094482421875,27.372018840146726,27.157615419593576,27.235579173238794,1121500
2006-10-11,27.534456253051758,27.651403171491722,27.18361549773186,27.20310582466383,1425100
2006-10-12,27.43048858642578,27.612404813276807,27.2940489378648,27.547435440379356,919300
2006-10-13,27.281055450439453,27.443481351606003,27.19009486391123,27.30054576548422,1416300
2006-10-16,27.482463836669922,27.540937264173543,27.24207418067625,27.281057291819575,831800
2006-10-17,27.547426223754883,27.677364926075807,27.417485043012082,27.417485043012082,744500
2006-10-18,27.93726921081543,27.943765159660302,27.612417243247812,27.612417243247812,1617200
2006-10-19,27.90477180480957,28.047704920134233,27.807315267541334,27.885279010302305,904000
2006-10-20,28.01523208618164,28.015232086181637,27.74235763186263,27.989245813215838,1830000
2006-10-23,28.13865852355957,28.158148834803914,27.742339005444045,27.937249553153723,734200
2006-10-24,27.982736587524414,28.086689074543244,27.768335667358052,28.034714070245226,1273500
2006-10-25,28.210140228271484,28.359574296113305,27.98274487011832,27.98274487011832,827900
2006-10-26,28.13217544555664,28.216637637722158,28.041217305573817,28.17765451554805,734200
2006-10-27,28.09967613220215,28.17114391313217,28.00221961667536,28.086681764903766,890700
2006-10-30,28.112682342529297,28.132172662476485,28.041214531492034,28.132172662476485,645100
2006-10-31,28.028215408325195,28.184145376744272,28.002226667184885,28.067198520035657,1353900
2006-11-01,28.242618560791016,28.346571046030256,28.028215165872286,28.06719827724553,1155900
2006-11-02,28.09967613220215,28.22961732676381,27.917759946869104,28.16464549027191,786800
2006-11-03,27.807321548461914,28.1061846952363,27.664388400852527,28.034719360643233,1066600
2006-11-06,28.09320068359375,28.184158842620207,27.800833402134465,27.813827778913094,1012100
2006-11-07,28.09320068359375,28.171164465841578,27.969755343408746,28.041223176479235,774100
2006-11-08,28.424537658691406,28.53498610109357,27.969744560467745,28.093189853061922,1124300
2006-11-09,28.567468643188477,28.664922698038808,28.33357494607153,28.418037109679894,1225600
2006-11-10,28.853343963623047,28.872834283382463,28.528492082709292,28.528492082709292,992300
2006-11-13,28.73639488220215,28.99627735835192,28.716904563938957,28.9118151818398,1079800
2006-11-14,28.97678565979004,28.996278457214917,28.599958781357646,28.755886290218267,1456500
2006-11-15,29.282140731811523,29.34711009972826,28.931300196847094,29.041751096412572,1791300
2006-11-16,29.840892791748047,29.918856546106962,29.35361498976447,29.3666093618948,2287700
2006-11-17,29.51604461669922,29.736944013706825,29.366613036138688,29.61350118065857,1325700
2006-11-20,29.34711265563965,29.704451645570785,29.34711265563965,29.425078878037024,766700
2006-11-21,29.418575286865234,29.529026176651747,29.15219693651485,29.171689727902063,1047000
2006-11-22,29.405590057373047,29.600503161286134,29.405590057373047,29.43807722697394,551900
2006-11-24,29.548534393310547,29.620002222047876,29.36661808628739,29.36661808628739,416300
2006-11-27,29.301626205444336,29.561508591019948,29.126208445366224,29.561508591019948,1263400
2006-11-28,29.5355281829834,29.561516924551732,29.249659461000167,29.31462883649819,867100
2006-11-29,29.821395874023438,29.827891819439678,29.51603439258733,29.561513445768554,1198500
2006-11-30,29.840892791748047,29.899366227123,29.61999342237857,29.788915303226727,867600
2006-12-01,30.13326072692871,30.139756673945815,29.691461977071857,29.691461977071857,1236700
2006-12-04,30.393146514892578,30.43212963967059,30.1592527230717,30.230720545952924,886400
2006-12-05,30.328166961669922,30.536071934010643,30.21122010492542,30.34765727831975,1066700
2006-12-06,30.172243118286133,30.458114372104678,30.107273730649155,30.451615946287017,1036400
2006-12-07,30.178733825683594,30.380140362901063,30.035798235331086,30.263195990748493,806800
2006-12-08,29.80840492248535,30.13325675583896,29.66546932271447,30.05529053136968,1869100
2006-12-11,30.08127784729004,30.21121907015805,29.87987130634617,29.87987130634617,1322800
2006-12-12,30.484094619750977,30.549066472979824,30.094273414069015,30.113763730826278,1473000
2006-12-13,30.542572021484375,30.614039830121396,30.321672648616826,30.45811231893436,1418100
2006-12-14,30.67900848388672,30.834935978769373,30.477599451371873,30.542568827835836,1354200
2006-12-15,30.730985641479492,30.886915625704848,30.575058135677157,30.821943766268024,1274800
2006-12-18,30.76996612548828,30.802450813216876,30.52957646218932,30.6335289499745,1323200
2006-12-19,31.17277717590332,31.21825622779901,30.60753576061227,30.65951075774058,2031800
2006-12-20,30.958370208740234,31.29621381981775,30.932381476065977,31.185765423585096,1535200
2006-12-21,30.841421127319336,31.08830663434513,30.834922705416577,31.003846976983464,923300
2006-12-22,30.71149253845215,30.89340877153607,30.685503797033647,30.86092408397434,745000
2006-12-26,30.97136688232422,31.101308087351953,30.73097726399744,30.815439419028813,834000
2006-12-27,31.246150970458984,31.272320876016966,31.076051575731206,31.206898607821568,861600
2006-12-28,31.154556274414062,31.350825558809742,31.128388866674165,31.27231834419134,474000
2006-12-29,30.964832305908203,31.08913561008717,30.866696410814637,31.082591886041204,762900
2007-01-03,30.925575256347656,31.370453623354297,30.8536092711408,30.945201435695232,1662400
2007-01-04,30.50031280517578,30.873225061488665,30.467601685370845,30.873225061488665,1763300
2007-01-05,29.76104736328125,30.441447491517128,29.741418684715963,30.408736354841324,3232100
2007-01-08,30.04891014099121,30.199383372674376,29.800300999397354,29.83301213746763,1728300
2007-01-09,30.192846298217773,30.31060840803606,29.662916804035483,30.16013265994587,1850900
2007-01-10,30.59844970703125,30.69004184389773,30.042350668529902,30.061979337643116,3009200
2007-01-11,30.683509826660156,30.82743930106104,30.552662807996285,30.565747759432604,1687300
2007-01-12,30.212474822998047,30.67697957228835,30.114338891987238,30.650809657925414,1204300
2007-01-16,30.20592498779297,30.441449178026815,30.186298803840113,30.290975944421834,1105600
2007-01-17,30.264799118041992,30.35639377885357,30.094699739361996,30.219003035485866,750200
2007-01-18,30.20592498779297,30.51341518012048,30.205924987792972,30.369483175933155,699400
2007-01-19,30.120872497558594,30.336767979259093,30.061991457876722,30.29097189236203,966900
2007-01-22,29.9638614654541,30.264807951720005,29.92460909506293,30.12087843411895,1559200
2007-01-23,30.20592498779297,30.238638621980922,29.93768965907107,30.003114431747075,1201800
2007-01-24,30.53958511352539,30.578839977162275,30.153587689378995,30.186298827893115,1127300
2007-01-25,29.996562957763672,30.546118427778694,29.96385182772572,30.50686607001285,1200800
2007-01-26,30.114328384399414,30.16666819486271,29.761044646570276,29.970398897024403,1303500
2007-01-29,30.271345138549805,30.36947853903068,30.140498108875796,30.23863400505618,813400
2007-01-30,30.297523498535156,30.356404553534997,30.19284634472436,30.264809860212864,861200
2007-01-31,30.53958511352539,30.6115511156764,30.11433282574211,30.297519693681007,1029000
2007-02-01,30.73584747314453,30.74239119678397,30.461070977072037,30.506867059750785,1460900
2007-02-02,30.77511215209961,30.82090824939766,30.66389127601853,30.73585728482979,696300
2007-02-05,31.200349807739258,31.35736671984323,30.650794358924074,30.755471468427007,1398100
2007-02-06,31.154556274414062,31.27231834419134,31.07604905979566,31.27231834419134,948800
2007-02-07,31.193809509277344,31.370452604767916,31.043336315866682,31.148013428487108,672800
2007-02-08,31.514387130737305,31.762996248982976,31.233069373193054,31.272321736911046,1325200
2007-02-09,31.20690155029297,31.579814004707366,31.12185059705992,31.534017913512603,1035700
2007-02-12,31.298477172851562,31.645219535781198,31.174173919048112,31.26576605297681,1083600
2007-02-13,31.67139434814453,31.67139434814453,31.370448005445922,31.429329028643377,823200
2007-02-14,31.599443435668945,31.920018602680823,31.573273524953677,31.6714094422859,1479800
2007-02-15,31.684494018554688,31.763001254061138,31.403173720981563,31.553646962243928,946200
2007-02-16,31.553634643554688,31.762988853639015,31.422787638327218,31.56671959364734,1082400
2007-02-20,31.403167724609375,31.59289579524678,31.34428668529775,31.488218669326063,1582500
2007-02-21,31.344303131103516,31.40972543324257,31.12840753748396,31.305048252399573,1121800
2007-02-22,31.305028915405273,31.566722953715804,31.0891334551435,31.403164803696548,1277000
2007-02-23,31.25269889831543,31.520934227114626,31.141478032584114,31.337749854968802,1334400
2007-02-26,31.383525848388672,32.2667385006656,31.32464483852366,31.63213233830914,2846800
2007-02-27,30.369470596313477,31.28539706878407,30.094694151991614,31.28539706878407,2252900
2007-02-28,30.376026153564453,30.729312430221636,29.76758950899925,29.76758950899925,2945200
2007-03-01,30.519954681396484,30.611546854767006,30.094702452805283,30.264801846822035,2132500
2007-03-02,29.872268676757812,30.454535452460295,29.852642491954356,30.454535452460295,1435800
2007-03-05,29.604015350341797,29.931131542058278,29.5974741246148,29.774114671927034,1855400
2007-03-06,29.904979705810547,29.931149615918148,29.50589731161964,29.70216914172664,2581900
2007-03-07,30.408729553222656,30.552661517242168,29.806836786775953,29.904970174853553,2409300
2007-03-08,30.33023452758789,30.70314704262379,30.271353472808528,30.56575874670534,1259300
2007-03-09,30.192846298217773,30.53304517580371,30.13396524330863,30.434911748088606,987100
2007-03-12,30.34986114501953,30.395657244309476,30.029288449989924,30.140506835208292,916800
2007-03-13,29.891891479492188,30.39565096328381,29.80029929983911,30.22555155759949,1335100
2007-03-14,29.957305908203125,30.133948977582023,29.610560996148767,29.937677236695123,1845300
2007-03-15,30.421823501586914,30.467619595374167,29.878809109966706,29.963860068014434,1967000
2007-03-16,30.10124397277832,30.526496205487096,30.094702744202607,30.395649172676737,2468000
2007-03-19,30.290969848632812,30.356394608142665,30.160122825312488,30.317139752436752,2128700
2007-03-20,30.958284378051758,30.958284378051754,30.179748534164645,30.251714514701103,1399000
2007-03-21,31.46858787536621,31.5274689107166,30.78818785050539,30.990998364501664,1804700
2007-03-22,31.61905860900879,32.34525460337876,31.52746396063426,32.34525460337876,2559000
2007-03-23,31.952726364135742,32.011607409168235,31.455510591627885,31.534017819771275,1687400
2007-03-26,32.19478988647461,32.19478988647461,31.74991146023663,31.91346963177413,2884900
2007-03-27,32.00505447387695,32.142445203214145,31.88729491340075,32.05739427470999,2490400
2007-03-28,32.03141403198242,32.26209445538309,31.8995995205542,31.932553148411255,1708200
2007-03-29,32.011661529541016,32.242339576891595,31.820526853620738,32.19620396742148,1544900
2007-03-30,31.813920974731445,32.136870077029286,31.484379637741316,32.08414477049532,1759000
2007-04-02,32.58504867553711,32.61800482280071,31.972101546609682,32.22914591858009,2240500
2007-04-03,32.75640869140625,32.84209014114734,32.400503451744015,32.58504579192407,1705900
2007-04-04,32.52574920654297,32.815747372742536,32.47302386718097,32.63779463826619,1215700
2007-04-05,32.52574920654297,32.618022950280746,32.367570674254516,32.45984190378986,1365900
2007-04-09,32.54551315307617,32.6839199537648,32.512559512083875,32.53233119383892,843000
2007-04-10,32.987091064453125,33.04640861239493,32.42687173382591,32.49937123844379,1409900
2007-04-11,32.91459274291992,33.19140881466528,32.84209574989736,33.02663812159343,1964400
2007-04-12,32.81574630737305,32.954153147182645,32.62461161571082,32.84211023329936,1238200
2007-04-13,32.88164520263672,33.38254961038385,32.749828120903175,33.38254961038385,1554600
2007-04-16,32.835514068603516,33.02005649961741,32.545518460695675,32.954149206884466,2008200
2007-04-17,33.2836799621582,33.290269683624935,32.736640054973456,32.95413857639426,1365200
2007-04-18,33.04642105102539,33.13869226828759,32.84210693114541,33.118920582932006,2327500
2007-04-19,33.1914176940918,33.29027862786161,32.914601548292104,32.95414743032118,1537900
2007-04-20,33.50117492675781,33.573671911999824,33.270494472693656,33.382539839342186,2025300
2007-04-23,34.0086784362793,34.173449170009725,33.600047720604366,33.77800041473745,1626900
2007-04-24,33.9757194519043,34.081172604348055,33.777995105347436,33.9427658131784,1401200
2007-04-25,34.34480667114258,34.384350031850836,34.01526525616589,34.07458281142975,1285500
2007-04-26,33.9757194519043,34.35139646462277,33.9427658131784,34.285489187170974,691800
2007-04-27,33.69890213012695,33.95594400354807,33.56049284011457,33.95594400354807,855100
2007-04-30,33.34959411621094,33.82413461418954,33.336414670557545,33.70549948969489,1276400
2007-05-01,33.80436325073242,33.83731689358062,33.217779859748354,33.41550423103935,1211800
2007-05-02,34.0152587890625,34.09434800964377,33.6857174367394,33.76480665732067,1029400
2007-05-03,33.79776382446289,34.1141232540755,33.61322145240585,33.995490667896874,1453800
2007-05-04,33.78458786010742,34.00867614344102,33.67913469819759,33.87686157670501,889500
2007-05-07,34.0086784362793,34.16026972380894,33.85708966295153,33.88345358375685,690100
2007-05-08,33.93617630004883,34.021855258423365,33.764813354896766,33.988901619494584,1020700
2007-05-09,33.85049819946289,34.23935721164199,33.63959187226762,33.942769403335596,1168700
2007-05-10,33.25731658935547,33.92299160738927,33.25731658935547,33.81094622702066,1443600
2007-05-11,33.54730987548828,33.7779878109559,33.382539203239716,33.382539203239716,1763800
2007-05-14,33.626407623291016,33.94276709254649,33.55390810684051,33.71208909856903,1231900
2007-05-15,33.751625061035156,34.18661955016703,33.54731102950718,33.88344210620866,2294600
2007-05-16,33.969120025634766,34.15366236114143,33.843892714368884,33.97570974581682,1348700
2007-05-17,34.048213958740234,34.10753150540463,33.78457985929821,33.837307684867056,1216500
2007-05-18,33.90980911254883,34.11412316272164,33.74503841959592,34.087761762642124,1540600
2007-05-21,33.89004898071289,34.05481974202916,33.77800606983493,33.850505607086454,865800
2007-05-22,33.76481246948242,34.002082686270114,33.7054949152855,33.92299345207469,1125400
2007-05-23,33.224361419677734,33.80435494527311,33.15845415017422,33.791172988532175,1474500
2007-05-24,32.51256561279297,33.4814159136116,32.47960945141508,33.224373945757634,2391300
2007-05-25,32.354373931884766,32.92118552777955,32.14346764237061,32.58505190035297,1414700
2007-05-29,32.30165481567383,32.59165292763283,32.25551920953526,32.40710798887657,1055200
2007-05-30,32.50596618652344,32.618011579186074,31.958928724610654,32.59164766159468,1785900
2007-05-31,32.46642303466797,32.82232840941409,32.446651351915996,32.763010846956405,1446000
2007-06-01,32.275291442871094,32.63778654654654,32.123702672759606,32.558697300010515,1362300
2007-06-04,32.248931884765625,32.39393095152978,31.94575430353344,32.130296741813524,1476300
2007-06-05,31.76119041442871,32.26209461140061,31.642555342209086,32.13027758513429,1631900
2007-06-06,31.069168090820312,31.655751480632293,31.023032488084656,31.635979797803238,1706300
2007-06-07,30.008039474487305,31.09552711448375,29.922360519584387,31.069163198728365,6179600
2007-06-08,30.034408569335938,30.40349591095209,29.75100271159889,29.99486268888362,3491900
2007-06-11,30.073951721191406,30.27826579948649,29.98827024508614,30.02781612195048,2248100
2007-06-12,29.843265533447266,30.429848767235434,29.592815903556414,30.073945999969194,2554400
2007-06-13,30.937362670898438,30.93736267089844,30.02123747942022,30.02123747942022,2915500
2007-06-14,30.79234504699707,31.049386901885793,30.614392413412336,30.89779818013606,1853400
2007-06-15,31.05598258972168,31.181209937898128,30.8780299219458,30.8780299219458,3523400
2007-06-18,30.739620208740234,31.016436281489923,30.660530979755148,30.983480131394984,1791300
2007-06-19,30.805532455444336,30.94393924577435,30.489170485830794,30.74621490041698,1065900
2007-06-20,29.797130584716797,31.12188832286479,29.783948627985836,31.016435183218285,2303900
2007-06-21,30.10031509399414,30.251906374790057,29.619184874577442,29.98827220685132,1658800
2007-06-22,29.625770568847656,30.218943544407175,29.46758960017773,30.08053676819674,2490000
2007-06-25,29.836688995361328,30.153048547267737,29.513737205218114,29.632372351458297,2595500
2007-06-26,29.757591247558594,30.647352076352746,29.750999011202232,30.113494070555348,3580100
2007-06-27,29.9421329498291,30.067357781503983,29.461002789139574,29.658727133858342,2590200
2007-06-28,30.02849578857422,30.480252115024157,29.91555543981993,30.05507028643212,2054800
2007-06-29,30.09493637084961,30.48690143376285,29.80262443051662,30.247735966997592,1889100
2007-07-02,30.652984619140625,30.65298461914062,30.22780274426712,30.327455854939796,1910700
2007-07-03,30.39388656616211,30.985155210816277,30.36731206804013,30.69284333432535,871000
2007-07-05,30.021846771240234,30.354020345964535,29.596665001078453,30.241082547014237,2226900
2007-07-06,29.64317512512207,29.962061517571584,29.45051633867058,29.895627802834348,1302200
2007-07-09,29.869050979614258,30.08164189137579,29.67638967386676,29.729538668948926,2486400
2007-07-10,29.729536056518555,29.882335602527444,29.397362469294887,29.397362469294887,2561300
2007-07-11,29.762752532958984,29.81590152270036,29.55016164256011,29.649814731183536,1911700
2007-07-12,30.174654006958008,30.174654006958008,29.6298894082212,29.862412490398654,2139800
2007-07-13,30.307510375976562,30.440380286978556,29.77603326625134,30.001911354669904,1374800
2007-07-16,29.902271270751953,30.320810785129865,29.902271270751953,30.22780256733119,1912300
2007-07-17,29.78269386291504,30.10822265555544,29.576745265531446,29.962065422942302,2113300
2007-07-18,30.12813949584961,30.31415840422662,29.66309856061464,29.84247004461497,3219300
2007-07-19,30.99844741821289,31.038309171771928,30.307525562227166,30.307525562227166,2644400
2007-07-20,30.45368766784668,31.05160139556193,30.413825907904183,30.486904533989872,3189200
2007-07-23,30.858930587768555,31.071521507219444,29.93548830622558,29.94877555547672,1796100
2007-07-24,29.649818420410156,30.92536392151522,29.590027066653132,30.659626542593482,2333800
2007-07-25,30.12813949584961,30.254367064798835,29.085114768051707,29.085114768051707,4202600
2007-07-26,29.99527359008789,30.925358040878454,29.523585207128466,30.633046219364243,4201200
2007-07-27,29.078489303588867,29.98200227565619,29.045272436674374,29.862419527336428,2771700
2007-07-30,28.89246940612793,29.34422330447631,28.427425721443317,28.56693806656344,3319500
2007-07-31,28.440704345703125,29.809257946203306,28.367625748728177,29.809257946203306,3135500
2007-08-01,29.47709083557129,29.483735728185955,28.327770238780577,28.958900720122664,2304400
2007-08-02,29.390727996826172,29.689682278096587,29.124988042047992,29.470448969546016,2859800
2007-08-03,28.45400047302246,30.506831514375055,28.45400047302246,29.56345941903312,3744700
2007-08-06,30.001920700073242,30.088286549269355,28.287906170519665,29.09840806496067,2807300
2007-08-07,30.79914665222168,31.184466836186502,29.596676915319538,30.048433361543314,3528900
2007-08-08,30.719430923461914,31.2243339315247,30.08165536816588,31.21769157130539,4118500
2007-08-09,29.078489303588867,30.719428378866567,28.812749299703945,30.526767002764224,4049200
2007-08-10,30.19459342956543,30.413826779823157,28.55365434534708,29.105063969413063,3751600
2007-08-13,29.988636016845703,30.586549586609234,29.6365327670315,30.294235159487613,2450200
2007-08-14,29.324281692504883,30.254368681233693,29.29106484311096,30.161360489217444,1747900
2007-08-15,29.31100845336914,30.04179216068649,29.218000216905057,29.31765334699336,1778900
2007-08-16,29.59003257751465,29.74283216906593,28.71973660725218,29.065197545044516,3637400
2007-08-17,30.09493637084961,30.526763189651785,29.357510359751466,30.46032692983689,3289000
2007-08-20,29.87569808959961,30.174652339143535,29.51694994900638,30.08828901714735,1878100
2007-08-21,29.5833797454834,29.89562373771467,29.41065059008353,29.596666993480834,2020900
2007-08-22,29.895618438720703,30.06170520782471,29.623236238761457,29.962052132649116,1603500
2007-08-23,29.882335662841797,30.12814340828411,29.702961621264965,29.988631109596582,1416500
2007-08-24,29.928852081298828,29.98200109369435,29.47709561307448,29.81591423138494,1606000
2007-08-27,29.131620407104492,30.16136047791226,28.965533625913967,29.948769600731044,2224100
2007-08-28,28.832672119140625,29.477087238506623,28.799452728688994,29.13162635893585,1678900
2007-08-29,29.61659049987793,29.629875209719675,28.885807278730383,28.89245216793394,1995500
2007-08-30,29.47709083557129,29.722901176634238,29.2644998890137,29.430586724404563,2723100
2007-08-31,29.563459396362305,29.922207601759858,29.21799844312217,29.55681703742571,3172100
2007-09-04,29.94879150390625,30.26103315759114,29.57011103430179,30.26103315759114,2866300
2007-09-05,29.603317260742188,29.895629166920994,29.423943181626594,29.862412308036745,2105300
2007-09-06,29.563459396362305,29.696329383652238,29.390730186884348,29.477093524481216,1518900
2007-09-07,29.21135711669922,29.64982631625531,29.058557512914373,29.297720457348717,1821700
2007-09-10,29.370790481567383,29.437226725254003,28.925679053143085,29.251207777215036,2159000
2007-09-11,29.483734130859375,29.57674234815396,29.171490086269973,29.497021381084867,1964500
2007-09-12,30.04842185974121,30.168004551749718,29.297708856417447,29.483727785254736,2846200
2007-09-13,30.25437355041504,30.39388586089272,29.89562543694366,30.29423276238948,2860900
2007-09-14,31.15790367126465,31.224337418014514,30.287607396845477,30.553347452414915,3268800
2007-09-17,30.57325553894043,31.0250117946966,30.45367285157655,31.011724547846924,1932500
2007-09-18,31.197751998901367,31.224326502024894,30.500187764755506,30.726065972737263,2820600
2007-09-19,31.862096786499023,31.92853303891825,31.323977080464715,31.483419017703067,2286400
2007-09-20,31.509994506835938,31.941821291109527,31.456845503233783,31.483420005034862,1867200
2007-09-21,32.021541595458984,32.10126256491825,31.50999385071787,31.888671623504266,2639700
2007-09-24,31.72257423400879,31.94845235086834,31.642853291082794,31.855444161740834,2141100
2007-09-25,31.935178756713867,32.22749069525904,31.729230153973575,31.729230153973575,1890900
2007-09-26,32.22085189819336,32.40686837653149,31.95511189975221,31.97504404692019,2133600
2007-09-27,32.307857513427734,32.48857299375224,32.013359630622524,32.348017360134016,1837300
2007-09-28,31.9932861328125,32.548819323095536,31.89289032173097,32.52204608551254,2121300
2007-10-01,32.2677001953125,32.40156380825421,32.10706590237129,32.25431357869472,2025300
2007-10-02,32.194061279296875,32.274380944571384,32.127130778136404,32.207447890175956,1378400
2007-10-03,32.37478256225586,32.441715628778795,32.127136599209535,32.19406711249706,1474100
2007-10-04,32.72952651977539,32.76968381269647,32.40156082591695,32.42833405668822,1290200
2007-10-05,32.769691467285156,32.970485638500996,32.622443770119624,32.96379360586292,2509000
2007-10-08,32.5019645690918,32.850008967283316,32.394874181435654,32.72953196201563,906000
2007-10-09,32.722835540771484,32.76968742316529,32.29447401417891,32.50196274566298,1530500
2007-10-10,32.26100540161133,32.76299199223837,32.180688262017036,32.54881125116303,2091700
2007-10-11,32.27438735961914,33.144496813828106,31.933035097440676,32.64251029564192,2459200
2007-10-12,32.495262145996094,32.58896589343988,32.32793329606487,32.42833162731785,1409200
2007-10-15,32.09367370605469,32.58227363809493,31.8727984001161,32.448410048426304,1573600
2007-10-16,31.892894744873047,32.26770991007124,31.75903109162934,32.06022367311847,1544700
2007-10-17,31.698776245117188,32.240920059265335,31.330653303269997,32.240920059265335,2685100
2007-10-18,31.344043731689453,31.792483857387836,31.297189301238458,31.685393487576594,1435600
2007-10-19,30.587709426879883,31.310568616255146,30.58101484413244,31.109774538830642,2021600
2007-10-22,31.036144256591797,31.089690696673713,30.172729612766613,30.172729612766613,1753500
2007-10-23,30.99601173400879,31.143259455360447,30.73497645999188,31.062942284328923,1525300
2007-10-24,31.05622673034668,31.14993045112365,30.634557433615406,30.855430124984714,1904400
2007-10-25,31.451128005981445,31.63853547852087,30.80858335840927,31.076310507667287,1770900
2007-10-26,31.846036911010742,31.846036911010742,30.875528797506956,31.56492303629354,1238400
2007-10-29,32.080284118652344,32.29446482097824,31.846024773369447,31.993272410446394,977300
2007-10-30,32.29446792602539,32.44171813049551,32.02674074575891,32.127139076667746,1325300
2007-10-31,32.74959945678711,32.762986069838966,32.25430498680988,32.39486314723669,1524400
2007-11-01,30.95583724975586,33.05748719722159,30.28652184976114,32.863385118446566,5338600
2007-11-02,30.560945510864258,30.989307020706462,30.11250535313445,30.11250535313445,4322000
2007-11-05,30.145957946777344,30.61447910870765,29.650663563425898,29.650663563425898,3398400
2007-11-06,29.77115821838379,30.38023532528182,29.275866093602417,30.145975881565825,4271000
2007-11-07,29.25577163696289,29.831383213057197,29.24907960727506,29.49003352780154,2822500
2007-11-08,30.42038917541504,30.52078496579944,29.563663622033015,29.71760842978046,4513100
2007-11-09,29.87823486328125,30.427073210162103,29.82469096646216,29.96524656800195,2144900
2007-11-12,29.7845401763916,30.273140191998014,29.717609646727833,29.884938524123292,2904700
2007-11-13,30.032180786132812,30.099113856966603,29.42310388434101,29.730988350469705,2647100
2007-11-14,29.824705123901367,30.32669184188952,29.730998791824934,30.273145366417275,2128700
2007-11-15,29.690839767456055,30.005418909530025,29.617214644567564,29.76446489034454,1589900
2007-11-16,29.764455795288086,30.038874999232053,29.342786390562043,29.878238184448374,2212800
2007-11-19,29.791234970092773,30.00541830199366,29.510123655559084,29.51681568785148,2083800
2007-11-20,30.373523712158203,30.440454209148225,29.717595139363755,29.717595139363755,2996500
2007-11-21,30.39362907409668,30.701513716132915,30.132596331794783,30.22630013126346,2726600
2007-11-23,30.467241287231445,30.64126219049961,30.18612745489246,30.554253015483507,813400
2007-11-26,30.41368865966797,31.183402335356018,30.41368865966797,30.52747359713036,3323700
2007-11-27,30.554241180419922,31.170009964645796,30.299900678866422,30.480616096820096,2678900
2007-11-28,30.79520034790039,30.882212064572762,30.393612130272782,30.721577798815968,2400200
2007-11-29,30.75504493713379,30.91567921270493,30.57432946218943,30.63456795383755,1951500
2007-11-30,30.969219207763672,31.270411603122604,30.768425128602797,31.062922941156398,2861600
2007-12-03,31.183406829833984,31.38420095362149,30.855441136833594,31.23695073800061,1436500
2007-12-04,31.083003997802734,31.29049267588782,30.386917972851545,30.96252703029984,1970700
2007-12-05,31.28380012512207,31.424355733790946,31.076311450490348,31.25702689873693,1678000
2007-12-06,31.404281616210938,31.44444146484106,30.92906823031637,31.270420560582476,1800600
2007-12-07,31.524761199951172,31.584999701229496,31.116480861549398,31.397592165357455,1401500
2007-12-10,31.631851196289062,31.866113166485082,31.344047863982436,31.551534046650847,1615800
2007-12-11,31.096403121948242,31.785799947403596,31.08971108916593,31.618471042244725,1729000
2007-12-12,31.210176467895508,31.85941064163316,30.848745554741235,31.85941064163316,2551600
2007-12-13,31.290494918823242,31.364120021267585,30.902290761656932,30.91567737603187,2081400
2007-12-14,30.76174545288086,31.357435949463877,30.76174545288086,30.98262083425828,1774800
2007-12-17,30.2932186126709,30.734966743546817,30.18612823407177,30.688114862486948,1446600
2007-12-18,30.74833869934082,30.835350388352047,30.393602468099775,30.56762329288742,1637100
2007-12-19,30.581010818481445,31.02275875195823,30.58101081848144,30.815272672334743,1839300
2007-12-20,30.60779571533203,30.9357614145407,30.373536325351456,30.7416593181363,2229100
2007-12-21,29.945171356201172,31.00268833356536,29.824694383012957,30.95583646101834,4098100
2007-12-24,29.791234970092773,30.11920072361836,29.563667573607095,29.958563863001764,944900
2007-12-26,29.30931854248047,29.777839778197023,29.309318542480472,29.66405484585492,1546600
2007-12-27,29.30257797241211,29.694000118780995,29.295830468757686,29.49154154194213,1730500
2007-12-28,29.295818328857422,29.660245160792755,29.22158294741881,29.660245160792755,2388700
2007-12-31,29.079866409301758,29.45104079505952,29.04612375139647,29.39705305729101,1432400
2008-01-02,29.18785285949707,29.47804443491926,28.80318078498869,29.12036752426422,2921000
2008-01-03,29.282323837280273,29.619755552527845,29.1068604780874,29.336314147431736,2368900
2008-01-04,29.255327224731445,29.565766343837183,29.01912606558534,29.181094413570925,3378100
2008-01-07,29.741241455078125,29.76823661948387,29.35656937269826,29.376814458802283,3495300
2008-01-08,29.55902671813965,30.1664050198112,29.55902671813965,29.7952305351899,3316800
2008-01-09,29.79521942138672,29.842459652295773,29.511775461532874,29.626503575454514,2636500
2008-01-10,29.84246253967285,30.105658872888462,29.565768628548785,29.565768628548785,1823200
2008-01-11,30.335115432739258,30.54432147421194,29.6130116795787,29.6130116795787,3350700
2008-01-14,29.916698455810547,30.827763098216952,29.795222826903053,30.51057644780296,2399300
2008-01-15,29.370058059692383,29.842462996114968,29.235084852943103,29.61300931696113,3335700
2008-01-16,29.552276611328125,29.882958321908827,29.113614257161615,29.18784966242674,3008200
2008-01-17,29.019123077392578,29.73447913120042,28.917892548525682,29.579260874830656,2898700
2008-01-18,28.776174545288086,29.39705020293965,28.674946581401098,29.26882451119012,4519800
2008-01-22,27.932601928710938,28.53998015360396,27.44669934879652,27.649160473360954,3623300
2008-01-23,28.587209701538086,28.614204851301,26.69084290827959,26.69084290827959,4485500
2008-01-24,27.615415573120117,28.7019463140129,27.554680324290253,28.7019463140129,3183000
2008-01-25,27.095766067504883,27.824617188113887,27.001283030656005,27.824617188113887,3863300
2008-01-28,27.46695327758789,27.84487530434775,27.05528600609528,27.089028676427308,3529300
2008-01-29,27.426456451416016,27.743643169066655,27.298233293455286,27.649162676421874,2026900
2008-01-30,27.547922134399414,27.979834272662703,27.33196606526777,27.3657087183697,2685600
2008-01-31,27.669408798217773,27.885364953617685,27.257741572486562,27.26449165044306,3458800
2008-02-01,28.07431983947754,28.07431983947754,27.41970401210887,27.763883255414054,1673000
2008-02-04,28.276777267456055,28.580463735548907,28.020328456640303,28.08106626513878,1693000
2008-02-05,27.379209518432617,28.195793661890594,27.379209518432614,27.844864364629377,1587200
2008-02-06,27.372465133666992,27.817874951217195,27.298229735008626,27.4804431932428,1646900
2008-02-07,26.92030143737793,27.250985646226788,26.677350194044017,27.143007601900564,2348600
2008-02-08,26.825820922851562,27.02153193234589,26.65710506799086,26.859563578943774,1833600
2008-02-11,27.041778564453125,27.203746927159013,26.643609021134257,26.86631519805488,2438400
2008-02-12,27.075517654418945,27.345464031888106,26.866311657559827,27.095765306088776,1771400
2008-02-13,27.068784713745117,27.460204339780386,26.88657119710081,27.230750567828387,1683900
2008-02-14,26.77182388305664,27.35895676393242,26.62335571869638,27.01477506488124,1714300
2008-02-15,26.8933048248291,26.900054900333377,26.447895094328832,26.79207686186057,1679900
2008-02-19,26.79882049560547,27.08901191482329,26.630104673939258,26.99453146659407,1435100
2008-02-20,26.839323043823242,26.866318203026903,26.434403378968533,26.53563393878223,1535000
2008-02-21,26.434402465820312,27.06202573642447,26.387162226045806,26.947300175372092,1516500
2008-02-22,26.522140502929688,27.062030899353605,26.198206265075335,26.38716726022359,2429900
2008-02-25,26.481647491455078,26.852821938279813,26.279186361914128,26.589625559156822,2904800
2008-02-26,26.866315841674805,27.06202429269983,26.40740847314744,26.40740847314744,2355500
2008-02-27,26.562623977661133,26.91355325646189,26.468143513060845,26.812322716161823,1193200
2008-02-28,26.319679260253906,26.522137816606588,26.083478040242486,26.420909825630357,1096500
2008-02-29,25.415363311767578,26.211702573200157,25.347877980893777,26.096974421434265,2425200
2008-03-03,25.584074020385742,25.732544807452445,25.21289962711881,25.42885573136138,2048700
2008-03-04,26.009241104125977,26.076726427469918,25.40186289643022,25.42210797855339,2523900
2008-03-05,25.631315231323242,26.130715350362156,25.158910269940467,26.130715350362156,2933500
2008-03-06,25.17240333557129,25.631310635847825,25.125163105342775,25.611065558435453,2496100
2008-03-07,25.543588638305664,25.6178240532081,24.497550474572776,24.976703057887757,4601300
2008-03-10,25.24663543701172,25.617809729589613,25.145404914309054,25.617809729589613,3762700
2008-03-11,25.96200180053711,25.98224688339144,25.503094376904414,25.75954067439315,3226200
2008-03-12,25.320878982543945,26.04973022827775,25.314128905839024,25.97549740532335,2061600
2008-03-13,25.192655563354492,25.3208787009223,24.841726236200568,25.02393968920741,2575000
2008-03-14,25.064430236816406,25.38836441123213,24.558282606591842,25.192655950755945,3494600
2008-03-17,25.02393913269043,25.23989524084397,24.470548709347117,24.558281682784454,3399400
2008-03-18,25.3073787689209,25.44909947217093,24.841723926356643,25.44909947217093,2139800
2008-03-19,24.72699737548828,25.698802429595588,24.72699737548828,25.38161577172447,2342800
2008-03-20,24.969953536987305,25.044188945893218,24.49080099237688,24.58528148574791,2282800
2008-03-24,24.983444213867188,25.104919835888555,24.73374546833422,25.104919835888555,1455400
2008-03-25,24.821483612060547,25.20615567713747,24.73375319328894,25.07793251357865,1496200
2008-03-26,25.050939559936523,25.05768963852999,24.632524791165356,24.740502879054713,2214900
2008-03-27,25.071388244628906,25.47378551245621,25.064569098480938,25.316919133707874,1566400
2008-03-28,24.866785049438477,25.39876961690702,24.79176141801759,25.296464191926717,1498400
2008-03-31,25.112316131591797,25.18051801414528,24.757660618496576,24.962268867892075,1791600
2008-04-01,25.97848892211914,26.026230751713726,25.235077087630376,25.37148343007259,2333600
2008-04-02,26.326322555541992,26.565034304631507,25.910286984685463,26.012589789951335,2385100
2008-04-03,26.326322555541992,26.544571662190673,26.14217698571651,26.22401975027612,2140300
2008-04-04,26.40816879272461,26.865127061797796,26.305863382350335,26.38088700306018,2033000
2008-04-07,26.74918556213379,26.90605196302614,26.380889176524853,26.64688014333079,2616600
2008-04-08,26.60594940185547,26.70143564464424,26.44908304844648,26.612771148635996,1262800
2008-04-09,26.831031799316406,26.960616425022614,26.585500843885523,26.605960889593025,1435100
2008-04-10,26.63323211669922,26.885582119985916,26.42862393560908,26.858302937112295,1570300
2008-04-11,26.5582218170166,26.76965185106379,26.374073581246886,26.374073581246886,871900
2008-04-14,26.551406860351562,26.701454172832214,26.428641350455734,26.59914871400706,997800
2008-04-15,26.667346954345703,26.762833250271726,26.51730226421874,26.667346954345703,1114500
2008-04-16,27.16521644592285,27.240237450817133,26.680973876339394,26.926504733765558,2357300
2008-04-17,27.199329376220703,27.410756795382863,27.08338304162037,27.11748398647859,1204800
2008-04-18,27.335723876953125,27.704017563786465,27.233418485106302,27.704017563786465,1462100
2008-04-21,27.069747924804688,27.240255287247553,26.912881463565554,27.240255287247553,990400
2008-04-22,26.987897872924805,27.02199881590992,26.6946250801295,27.008357918368837,1364500
2008-04-23,27.158401489257812,27.219784218961703,26.85148784073836,27.09019961258008,1717000
2008-04-24,27.0833797454834,27.32891068135717,26.906053292760674,27.247067903310914,1720300
2008-04-25,26.967432022094727,27.28116479279557,26.85830746699293,27.233422962546946,1250100
2008-04-28,27.117483139038086,27.376654994984833,26.91969662434725,27.062922149317068,1763000
2008-04-29,27.021991729736328,27.281163511582015,26.95378986165117,27.13793802756249,1255400
2008-04-30,27.28116798400879,27.56079985177548,26.912871591808287,26.912871591808287,2411000
2008-05-01,27.376649856567383,27.59489897795801,27.185682525784273,27.294807086479587,2158100
2008-05-02,27.89499282836914,27.997295638187772,27.417571910678127,27.55397825883766,2895800
2008-05-05,27.765411376953125,27.935918697030317,27.506242123685166,27.935918697030317,1462700
2008-05-06,27.717668533325195,28.467902275580922,27.322092917950656,28.467902275580922,1522900
2008-05-07,27.526697158813477,28.072319963392907,27.451673535358537,27.676744405723355,1678100
2008-05-08,27.485780715942383,27.683569840570378,27.25389064610775,27.683569840570378,1394300
2008-05-09,27.417577743530273,27.594904212648053,27.05610045374615,27.40393684563887,1513400
2008-05-12,27.724477767944336,27.751756948537718,27.349359765278248,27.5744305668779,1366600
2008-05-13,27.526697158813477,27.894993527555126,27.383471660436644,27.847251694762846,1267500
2008-05-14,27.806331634521484,27.901815309122565,27.526699758160458,27.6767470192393,1005900
2008-05-15,27.697208404541016,27.79951123153834,27.533520238916115,27.77223203871346,1380700
2008-05-16,27.601716995239258,27.792684300207146,27.41074708853697,27.792684300207146,1764700
2008-05-19,27.860885620117188,27.894989153965877,27.567612920812007,27.628995639311565,1944100
2008-05-20,27.758590698242188,27.997299892493196,27.622184329355143,27.77905074296796,2259500
2008-05-21,27.533510208129883,27.963189209839822,27.4107447790699,27.84042378077984,2920400
2008-05-22,27.17885971069336,28.004116932909522,27.1242987333542,27.49259508689847,3869100
2008-05-23,26.844667434692383,27.17886025716768,26.660519254217654,27.17886025716768,3440600
2008-05-27,26.940147399902344,27.131114700815015,26.680975633139184,26.680975633139184,1835800
2008-05-28,26.86513328552246,26.940156923612697,26.701447713084917,26.93333777548416,2487400
2008-05-29,26.91286849975586,27.12429846396505,26.783283903344522,26.871948417591554,4383300
2008-05-30,27.001535415649414,27.158401815279152,26.86512905892164,26.86512905892164,3149800
2008-06-02,26.592317581176758,26.9537921964621,26.510472210303508,26.9537921964621,3919100
2008-06-03,26.292221069335938,26.756001061676628,26.224019200588288,26.56503374779559,3565300
2008-06-04,26.783287048339844,26.810568840809328,26.33314787953308,26.394530611721954,2529100
2008-06-05,26.95380210876465,26.98790305830182,26.5514046600604,26.91970115922748,1475500
2008-06-06,26.4968318939209,26.974252827504156,26.44227091388169,26.708261870692922,2068000
2008-06-09,26.776456832885742,26.974245863148035,26.51728769157733,26.51728769157733,1614400
2008-06-10,26.981075286865234,27.02881712130776,26.53775527934479,26.735544365883747,1965700
2008-06-11,26.687803268432617,26.974254282998213,26.59231959691075,26.858310568074497,2045300
2008-06-12,26.892410278320312,26.933332964988228,26.612778423759867,26.694621195360902,1814000
2008-06-13,27.124296188354492,27.274343414994295,26.694617149535134,27.008349894568898,1715800
2008-06-16,27.158401489257812,27.17886153191417,26.769645068378114,26.994715944537322,1089200
2008-06-17,27.03563690185547,27.2538860363454,26.95379412685547,27.21978509690664,1110700
2008-06-18,26.926509857177734,27.22660173905705,26.646878016732224,26.91969071061136,1999200
2008-06-19,27.28116798400879,27.328909819842007,26.865129755975065,26.865129755975065,1747400
2008-06-20,26.940147399902344,27.308443710291936,26.701438273761504,27.144755593985114,2776900
2008-06-23,27.212961196899414,27.43121029327158,27.00835039253286,27.076554861233195,2284300
2008-06-24,27.438032150268555,27.54033756256004,27.103839326687826,27.21296388565588,2537300
2008-06-25,27.58808135986328,27.860891475850934,27.506238585240474,27.56761871490641,3430100
2008-06-26,26.706584930419922,27.11289977518627,26.623945379960446,26.68592569957104,4095400
2008-06-27,26.431116104125977,26.782336126903726,26.307155477954144,26.782336126903726,3288600
2008-06-30,27.333276748657227,27.526105890929696,26.376027080924604,26.451781105346193,4652700
2008-07-01,27.429689407348633,27.526102653613684,26.995827172091957,27.209312895374882,2779900
2008-07-02,27.16109848022461,27.58118689877581,27.161098480224606,27.477888147582302,1719600
2008-07-03,26.651487350463867,27.5192090214181,26.64459919020628,27.36081548731786,1670000
2008-07-07,26.747907638549805,26.98894076992585,26.513760042185602,26.713474709362384,2635700
2008-07-08,27.181760787963867,27.202420013136397,26.637711757205967,26.775446054837023,1631400
2008-07-09,27.285062789916992,27.491662947433323,27.126669248252355,27.18864955821361,1314800
2008-07-10,27.305734634399414,27.464128234012254,26.85809860679372,26.85809860679372,1382300
2008-07-11,26.768566131591797,27.174880989739194,26.64460548828825,27.050920346435646,1796300
2008-07-14,26.575735092163086,27.030256497613664,26.47243369803467,26.88563664748475,2043800
2008-07-15,26.64459991455078,26.72724207750806,26.24517330184451,26.424226067458324,5365300
2008-07-16,26.252056121826172,26.782331457540728,26.107436292193984,26.62393793550597,1674600
2008-07-17,26.045461654663086,26.265835526907953,25.63226130096991,26.134989361219997,2842300
2008-07-18,25.98347282409668,26.38290197856209,25.556498914924934,26.121207105880025,2044900
2008-07-21,26.128097534179688,26.252058148308546,25.77687754552353,26.06611722711526,1204500
2008-07-22,26.431116104125977,26.844316439989644,26.13498823350034,26.15564746217442,1779000
2008-07-23,25.708017349243164,26.362250856588485,25.61160147381519,26.25895207351164,2236800
2008-07-24,25.363683700561523,25.82509072723062,25.212175660967933,25.769995939355102,3157400
2008-07-25,25.349897384643555,25.563383013729773,25.157068350131873,25.508290880342702,1329900
2008-07-28,25.494525909423828,25.708014238586376,25.26037835155846,25.33613235955368,1631900
2008-07-29,25.694244384765625,25.70801808164774,25.391228307487243,25.391228307487243,1487600
2008-07-30,26.355356216430664,26.355356216430664,25.646028168190444,25.887061205826516,2387100
2008-07-31,26.53441619873047,26.61017021040075,26.231402779113147,26.355363411471096,2884700
2008-08-01,25.58405876159668,26.62394797293646,25.58405876159668,26.62394797293646,1696200
2008-08-04,25.66670036315918,25.887074288098177,25.5083067688008,25.65292666446744,1460100
2008-08-05,26.513757705688477,26.51375770568848,25.4945278545876,25.735560964722854,2581200
2008-08-06,26.031688690185547,26.782338034553874,25.44632106817356,26.782338034553874,1501400
2008-08-07,25.880186080932617,26.41045897697555,25.44632381165154,25.914619010575596,2051700
2008-08-08,26.947608947753906,26.98204185987288,25.790645236529436,25.790645236529436,1969200
2008-08-11,27.815345764160156,28.21477512089263,26.41734826972501,26.603289250231757,4375700
2008-08-12,27.236852645874023,27.959954417044216,27.085347284421545,27.794675363266386,2245600
2008-08-13,27.35392951965332,27.608736276805374,27.167988601602893,27.278175520403515,1568400
2008-08-14,27.002714157104492,27.25752360970799,26.851208745005845,27.25752360970799,1812400
2008-08-15,27.202423095703125,27.40213771854657,26.99582293937631,27.12666909206847,1572300
2008-08-18,27.71891975402832,27.74646713707404,27.298831357301783,27.381470879375893,2179100
2008-08-19,27.5467586517334,27.760246977027236,27.367705876405125,27.588079735453903,1617500
2008-08-20,27.891096115112305,27.90486981115756,27.340161408621633,27.663834070961457,1443400
2008-08-21,27.5467586517334,27.94618791317407,27.484778339684453,27.56741788006184,1484100
2008-08-22,28.02193832397461,28.11835418265589,27.629397236923204,27.959958014068413,1711400
2008-08-25,27.801570892333984,28.077039583763174,27.560537757631543,27.904872308385965,1047600
2008-08-26,28.173446655273438,28.173446655273438,27.56741724335457,27.56741724335457,1315200
2008-08-27,28.627965927124023,28.73126731282051,28.008162867071825,28.008162867071825,1711200
2008-08-28,28.93787384033203,28.93787384033203,28.476464210055866,28.74504734669874,4123400
2008-08-29,28.46269416809082,28.896553794424044,28.442032309410163,28.889668259573185,1879200
2008-09-02,28.469568252563477,29.082483063274957,28.407587955577878,28.875882949010624,2742100
2008-09-03,28.393827438354492,28.46958146171402,27.95996515815441,28.46958146171402,1895200
2008-09-04,28.042604446411133,28.373165273863858,27.836001630572234,28.297411258331454,1746200
2008-09-05,28.414480209350586,28.483348681772117,27.615624318706033,27.91864034323357,3758100
2008-09-08,29.36484718322754,29.37173534472186,28.49712535647892,28.882778334116583,3312000
2008-09-09,28.51778793334961,29.59899823321438,28.51778793334961,29.344191396364923,2722500
2008-09-10,28.545333862304688,28.71061297018028,28.15279269727009,28.442032449584403,1759000
2008-09-11,28.710615158081055,28.779483647497408,27.918647232774926,28.421375383725145,2096600
2008-09-12,28.66240119934082,28.84145659897021,28.33872857657991,28.78636182152622,2561800
2008-09-15,28.359392166137695,29.02051383476166,28.097697187158378,28.214772293700698,2100700
2008-09-16,28.7725830078125,28.917205459339282,27.539867793064857,27.601848093129732,3813200
2008-09-17,27.24374771118164,28.5384435931796,27.174879232098434,28.366276336067376,2965900
2008-09-18,27.760251998901367,27.94619296868522,26.54819292780604,27.601858423247883,4369200
2008-09-19,27.13356590270996,29.475039465974046,26.913191982098386,27.55365188276903,4893700
2008-09-22,26.286487579345703,27.340152659584426,26.26582835542087,27.106005155871717,2160700
2008-09-23,26.01791000366211,26.665260446064256,25.838857246930388,26.28649045229136,3106100
2008-09-24,26.245180130004883,26.307160454816408,25.563396557078075,26.031691760750917,2299000
2008-09-25,27.07157325744629,27.32637999465747,26.34846886815168,26.382904412070975,1941800
2008-09-26,26.68206024169922,27.398496348080815,26.34122984296725,27.036799702642874,1745000
2008-09-29,25.98649024963379,26.85595256979879,25.8195523166712,26.41078828641646,4628700
2008-09-30,26.04908561706543,26.38991328183127,25.673477344827802,26.38991328183127,2734600
2008-10-01,27.26633071899414,27.287196959339933,24.442316994270374,26.03517212422741,4377800
2008-10-02,27.04375457763672,27.662811275339262,26.73074763683537,27.12026768020907,3155700
2008-10-03,26.195161819458008,27.384585688559916,26.028223879207026,27.09244760985638,3570600
2008-10-06,24.880531311035156,26.52903094417062,23.92064427315141,26.014310793653518,4007500
2008-10-07,24.741418838500977,26.216026146933647,24.692729162283037,25.068337510297162,4389700
2008-10-08,24.296249389648438,25.388293586437893,23.997154211838556,24.28233767749591,3961600
2008-10-09,22.786865234375,24.650992490510536,22.76599898968462,24.35189726747018,3719800
2008-10-10,20.658422470092773,22.55732760268295,18.55084561280521,22.23736482215791,8462800
2008-10-13,23.218122482299805,23.218122482299805,20.52626656208675,20.790582523007366,3224800
2008-10-14,22.919029235839844,24.602307156947504,21.875674363070704,23.920648958478303,3474200
2008-10-15,21.180103302001953,22.953805959070618,21.138368154129235,22.953805959070618,2674400
2008-10-16,22.0773868560791,22.105210286862427,20.35932980603471,21.25661422168978,3051100
2008-10-17,21.423551559448242,22.946851279609596,21.40964117027475,21.875673038290063,3320400
2008-10-20,23.767614364624023,23.83717292369865,21.319210133033085,21.632217015399615,2522400
2008-10-21,23.385061264038086,24.045853255353496,23.11378940473958,23.301593611959046,2985100
2008-10-22,22.362567901611328,23.725883936863603,21.820023034097925,22.912065972246513,3916300
2008-10-23,23.809349060058594,24.24060150480062,22.153893858798124,22.50167736088701,4781700
2008-10-24,23.962383270263672,24.595351764796437,22.327792434746442,23.0929209067083,5172000
2008-10-27,23.969337463378906,24.685776245140964,23.079008864748612,23.72588906637485,4055500
2008-10-28,26.313417434692383,26.32037196801026,23.75371932464907,24.393642525465253,3697000
2008-10-29,24.762285232543945,26.362097986602066,24.720552740329524,26.22993801888742,4014600
2008-10-30,26.800302505493164,27.22460049157931,25.24222769981892,25.49263324264931,4781700
2008-10-31,25.506540298461914,26.855947250239414,25.172667152057926,26.494250678288118,4088400
2008-11-03,25.54132652282715,26.06300392629412,25.0474698976365,25.492636844107977,2264900
2008-11-04,25.736083984375,26.43165382179054,25.3256976741643,26.076914372199493,2564200
2008-11-05,25.249183654785156,26.035178285600892,25.054424956433323,25.49958921174509,1932900
2008-11-06,23.899776458740234,24.97095448474616,23.350275732665875,23.997155796852052,2890200
2008-11-07,25.117033004760742,25.32570347308781,24.031942854715435,24.27539394558782,2581500
2008-11-10,24.950090408325195,26.4247004381042,24.525792364539186,25.44394703090558,2952500
2008-11-11,25.3604793548584,25.71522150986615,24.14323196085331,24.6788211326222,3116700
2008-11-12,24.553613662719727,25.137892406885108,24.087583165536557,24.97095713905971,3975200
2008-11-13,26.4733829498291,26.51511543241965,24.324072534619933,24.504919483750406,3977400
2008-11-14,25.882160186767578,27.22461055731635,24.56753325424001,25.24919156542508,2553000
2008-11-17,25.652618408203125,26.50816905856718,25.019649911427024,25.040516159141966,1841000
2008-11-18,25.76390838623047,26.216027205566757,24.852710909635444,25.555237957814608,3244400
2008-11-19,25.450899124145508,26.355139334747257,24.936176303926423,25.520455042888635,4575000
2008-11-20,23.83022689819336,25.763913291598932,23.482441900153596,25.32570345111992,6069000
2008-11-21,26.229934692382812,26.341225746487844,23.475479113242187,24.289294448874998,5338000
2008-11-24,25.833471298217773,26.598599947198935,25.506552524801055,26.250814921313637,5512400
2008-11-25,25.41612434387207,26.598593684128325,24.922270360214284,26.209073591635516,4539700
2008-11-26,26.431655883789062,26.68901600076137,25.16571889320499,25.16571889320499,6153900
2008-11-28,26.459474563598633,26.779436019485843,26.09082078292259,26.60554357780087,1508000
2008-12-01,25.57611083984375,26.744668726197403,25.534375681977856,26.292547136178865,3304600
2008-12-02,25.610872268676758,26.30644186348794,24.92921438416829,25.868232275808417,3852100
2008-12-03,25.31178092956543,25.374382308629485,24.609256700857983,25.151800217154584,4574400
2008-12-04,24.024988174438477,25.249190193577917,23.684157710669506,24.97096378864979,4392600
2008-12-05,25.075288772583008,25.31873977532708,23.378099550272708,23.795440335851108,4427800
2008-12-08,25.436988830566406,25.805639996595716,24.922268634984544,25.23527294020048,3270500
2008-12-09,24.908355712890625,25.631746294695283,24.817930895144453,25.22136000294049,2689200
2008-12-10,25.57611083984375,25.652623969236657,25.01965533524419,25.06834502605983,2274900
2008-12-11,25.325702667236328,25.90998155199403,25.06834251960165,25.339614385134,2422900
2008-12-12,25.69434928894043,25.798685827735532,24.77619729974178,24.77619729974178,2800800
2008-12-15,25.506540298461914,25.82650438548015,25.110065771270435,25.701301623905167,1705900
2008-12-16,26.78639793395996,26.883779956995173,25.58306222417887,25.70826502897818,4095800
2008-12-17,26.431655883789062,26.765529113388194,26.202116545908595,26.299498559590003,3185700
2008-12-18,26.626422882080078,27.064632793018493,26.17430390396593,26.41775238038206,3056700
2008-12-19,26.85594940185547,27.447182648470083,26.13255619999684,26.84203768796725,4275100
2008-12-22,27.13418197631836,27.676728329511988,26.869867311658332,27.24547305969856,2363600
2008-12-23,26.466432571411133,27.66976810758044,26.396876646952872,27.66976810758044,2421900
2008-12-24,26.82117462158203,26.89768507694996,26.264716613677052,26.396876584579278,691100
2008-12-26,26.85594940185547,27.231557716673,26.675099774696754,27.231557716673,968100
2008-12-29,26.687314987182617,27.186208337269726,26.37111403273862,26.778662525236253,1229000
2008-12-30,26.743520736694336,26.94026674011487,26.43434538221834,26.82784006952267,2037900
2008-12-31,27.200254440307617,27.312681117211504,26.785680566637645,26.785680566637645,1559500
2009-01-02,27.270526885986328,27.460247434353537,27.003512483047615,27.045673498394933,1538000
2009-01-05,27.193233489990234,27.432140553392898,26.87000707493482,27.02459210622088,3099300
2009-01-06,26.78567886352539,27.46726705667849,26.58893286156913,27.221334554233167,2851600
2009-01-07,26.63812828063965,26.69434297456997,26.321927328441934,26.399221192364056,2718200
2009-01-08,26.673254013061523,26.91918921274449,26.378134989998074,26.638121178953508,2449000
2009-01-09,26.8700008392334,27.186199004667287,26.32894665413459,26.77162515792733,2348200
2009-01-12,27.200254440307617,27.495376142469954,26.926214582883357,26.94026825255427,2141700
2009-01-13,26.01275062561035,26.69433894405124,25.80897641157656,26.483536554105253,3433300
2009-01-14,25.75276756286621,25.92843445570851,25.007938972247814,25.87924794014979,3168600
2009-01-15,25.79492950439453,25.942489071680132,25.464677522440727,25.731689306920067,2463300
2009-01-16,26.420297622680664,26.5678598387141,26.054912871879008,26.104099383735534,2220700
2009-01-20,26.181394577026367,26.778663667671168,26.14626173180356,26.32895681570499,2843900
2009-01-21,26.497589111328125,26.581911135946545,25.914376516933974,26.209495561707577,2634000
2009-01-22,26.539758682250977,26.659210901619584,26.09005179445119,26.413278284999226,3356600
2009-01-23,26.588943481445312,26.66623735036096,25.907355016059313,25.907355016059313,2914500
2009-01-26,27.228368759155273,27.439168497326882,26.59596686417635,26.652181557269632,2907600
2009-01-27,27.33376693725586,27.446193630510606,26.806766310037283,27.144046389801517,2302500
2009-01-28,27.347816467285156,27.614830854672253,26.841897714902462,27.55159067556646,2149500
2009-01-29,27.354848861694336,27.73428999484694,27.087834433127977,27.29863416916918,2073300
2009-01-30,27.172149658203125,28.09264500480236,27.003510967208,27.48835055439856,2895800
2009-02-02,27.298635482788086,27.474302384686244,26.602996052331335,26.78568845090117,2276200
2009-02-03,27.495372772216797,27.69211876256655,27.09485261731161,27.516451933907675,1550800
2009-02-04,27.635913848876953,28.394793349193808,27.333766611765828,28.05048509744028,2823400
2009-02-05,27.502399444580078,27.783467454664738,27.38294728259518,27.614826112521303,3124300
2009-02-06,27.46025276184082,27.783479234153745,27.137023609063558,27.411063560827316,3126100
2009-02-09,26.84891700744629,27.586717139589624,26.70135751711023,27.33375916206911,3306200
2009-02-10,26.14626121520996,26.84892882763999,25.90735411976518,26.64515457672387,2936600
2009-02-11,26.293819427490234,26.49056817163691,25.914380973311538,26.357059616597365,1814500
2009-02-12,26.31489372253418,26.314893722534176,25.429531329220616,25.97761370428345,2598300
2009-02-13,26.56786346435547,26.76460953863095,26.265716175738564,26.265716175738564,2225400
2009-02-17,25.91438102722168,26.25868663938248,25.513860722198007,26.174367280552254,4011000
2009-02-18,24.986858367919922,26.06896432853303,24.754976796061744,26.02680599216893,4568100
2009-02-19,25.106307983398438,25.633308577543147,24.951720284700958,25.01496046321687,3228500
2009-02-20,24.656606674194336,25.57007403599458,24.37553855650308,24.881460096161653,2398200
2009-02-23,24.593364715576172,25.000913188914172,24.242030933925086,24.832271794317474,3924900
2009-02-24,25.83005714416504,25.872218160802724,24.59336347456258,24.74092301209862,3927100
2009-02-25,26.371109008789062,26.68730990299375,25.33818966167194,25.759789066969095,4993600
2009-02-26,26.673254013061523,27.137014392492247,26.29381297158272,26.673254013061523,5283600
2009-02-27,26.85595703125,27.29161020085531,25.970594337657023,26.23760878117315,5651500
2009-03-02,26.71541404724121,27.221335417415084,26.39921319088254,26.448399692931297,7531200
2009-03-03,26.70136833190918,27.256476369489206,26.50462226510679,26.891088902238966,9647000
2009-03-04,26.364084243774414,27.12999190629972,26.328951405770518,26.989457873820413,8561800
2009-03-05,25.75276756286621,25.991674644350297,24.38256526260349,25.991674644350297,6001100
2009-03-06,25.780874252319336,26.595968591872428,25.120367648350815,25.928436491042916,4633400
2009-03-09,24.96577262878418,25.738708400732012,24.797133948679427,25.59114620506099,3472300
2009-03-10,25.183603286743164,25.31710914666765,24.354455422980195,24.600387975594725,3963500
2009-03-11,24.97280502319336,25.45061916498894,24.853350147512494,25.289005952391015,3779300
2009-03-12,25.239824295043945,25.36630470448948,24.832278393858697,24.94470512664753,3721200
2009-03-13,25.45061683654785,26.237603659078626,24.958749067292228,26.237603659078626,3483300
2009-03-16,25.886268615722656,26.39219003064046,25.591146896866086,25.591146896866086,2871800
2009-03-17,26.392189025878906,26.420293685277166,25.710600776781167,25.85816029036002,2425800
2009-03-18,27.003515243530273,27.432142895088546,26.16031361363283,26.30084766535975,3949400
2009-03-19,26.96135139465332,27.340792490359707,26.645150481564663,27.20025845337988,2998400
2009-03-20,27.1440486907959,27.642942016875907,26.982435473071277,27.151074187016956,4283800
2009-03-23,28.338581085205078,28.35263207616072,27.27755167698298,27.572673415862678,3236100
2009-03-24,28.310476303100586,28.41587482758388,27.42511368684258,27.994275368722725,5077400
2009-03-25,28.331544876098633,28.85151984932666,27.966157564188148,28.436946041626594,2655000
2009-03-26,28.39478874206543,28.605588420147107,27.83968086809513,28.486136252070715,3095000
2009-03-27,27.549835205078125,28.01846632335435,27.393626638063083,27.67764393811851,4141900
2009-03-30,27.00310707092285,27.4007346682993,26.72618896378885,27.130915844771838,3461500
2009-03-31,27.138011932373047,27.436230534057408,26.946298813312033,27.045705013873487,5141500
2009-04-01,27.088306427001953,27.35812245925093,26.74748132874379,26.868190782005133,2624100
2009-04-02,26.612577438354492,27.351027418036097,26.399563750381414,27.102509191554173,4738500
2009-04-03,26.399559020996094,26.9107939474384,26.143941557774944,26.50606720021008,2567500
2009-04-06,26.122638702392578,26.449259783884287,25.916724351994,26.136839972276817,3323100
2009-04-07,26.861099243164062,27.35103106163049,26.122649165109106,26.186553550875715,4202100
2009-04-08,27.34392547607422,27.485935504517055,26.861095713154192,26.94630064677349,2198200
2009-04-09,27.294225692749023,27.769958939612977,26.932102649352803,27.564044508752215,1974100
2009-04-13,26.825586318969727,27.272916879579206,26.768783943043807,27.237415056048565,1779000
2009-04-14,26.53447723388672,26.70488984441367,26.293060948999862,26.6480847380325,1709700
2009-04-15,26.875289916992188,27.031501193791346,26.534467529206754,26.71197935880014,1679400
2009-04-16,26.974700927734375,27.216117143218277,26.87529202014566,26.967598937170152,2304500
2009-04-17,26.55577850341797,27.230321484893146,26.420867740229852,27.145116540353946,2926600
2009-04-20,26.740381240844727,26.960496879203042,26.285951401693172,26.293050682910632,1932600
2009-04-21,26.953397750854492,27.159312140023108,26.4421654818422,26.4421654818422,1986000
2009-04-22,26.49186897277832,26.896595766506522,26.349858953715696,26.839790675435143,1861800
2009-04-23,26.612577438354492,26.66228054192768,26.278854278406538,26.491870674995614,1684000
2009-04-24,26.236249923706055,26.83268980149224,25.99483371820651,26.74748216994017,2269600
2009-04-27,26.364063262939453,26.825592492279398,25.930933873790295,25.930933873790295,2879300
2009-04-28,26.797189712524414,27.116708871395655,26.28595472454509,26.293054006659982,2009700
2009-04-29,26.626771926879883,27.067000464325346,26.44926011403402,26.910791910879393,2082700
2009-04-30,26.356956481933594,27.003099452487536,26.14394282182203,26.790085792375972,3888200
2009-05-01,26.83979034423828,26.83979034423828,26.300155528798257,26.413763000923304,1565300
2009-05-04,26.88239097595215,26.995998434612595,26.477664235185838,26.924992080065145,2442000
2009-05-05,26.832683563232422,26.903687197736037,26.520261070740432,26.83978284323677,1995100
2009-05-06,26.45636749267578,27.024407634543824,26.065841926603603,27.024407634543824,3348000
2009-05-07,26.449262619018555,26.818487549740734,26.243348246547722,26.598371905863406,2989300
2009-05-08,26.24334716796875,27.102503738134377,25.994831700107767,26.633872635442632,3159800
2009-05-11,26.10133934020996,26.33565626536073,25.881226395679374,26.10844133052005,2111000
2009-05-12,26.48476791381836,26.548672289213904,25.966433628328268,26.165246036840653,1730200
2009-05-13,25.796022415161133,26.314356673500995,25.56170548144564,26.19364721135841,2301200
2009-05-14,25.760515213012695,26.04453521685327,25.419692833573308,25.874122672825827,2216800
2009-05-15,25.263486862182617,25.732118020587595,25.014968656161088,25.632709113009515,2876400
2009-05-18,25.270584106445312,25.54040284516894,24.986564096355643,25.419693392865387,2155400
2009-05-19,25.306087493896484,25.739216817163825,25.06467128299087,25.235083841295424,2257000
2009-05-20,24.816158294677734,25.490703896924735,24.773554473648158,25.41259824601184,2403000
2009-05-21,24.723857879638672,24.880069222593384,24.567646536683963,24.631550930745735,2183700
2009-05-22,24.887163162231445,25.071777020369694,24.688350738343605,24.716753287075047,1655300
2009-05-26,25.930931091308594,25.98063419207933,24.780655074218156,24.85165873000039,2471400
2009-05-27,25.405494689941406,26.143944623937838,25.384194135046684,25.88122784864489,1738600
2009-05-28,26.17943000793457,26.34984246590117,25.49068631566264,25.519086134811964,2489000
2009-05-29,26.065841674804688,26.449267954276838,25.803124872329082,26.143947328987842,2916000
2009-06-01,26.790077209472656,26.90368463904275,26.285944410043793,26.285944410043793,3322900
2009-06-02,26.328556060791016,26.83268901050929,26.271750974764153,26.790085195989143,2883100
2009-06-03,26.442163467407227,26.456362030267847,25.980631624585307,26.31435473273702,3282200
2009-06-04,26.640975952148438,26.69777832965365,26.136843001596475,26.37115721030581,3084500
2009-06-05,26.690673828125,27.12380304493161,26.513162031638036,26.974693785950173,2857000
2009-06-08,26.612577438354492,26.8184918437954,26.25755372219403,26.73328691032937,1939200
2009-06-09,26.28595542907715,26.747484620159035,26.243351609398363,26.640979133885942,1356400
2009-06-10,26.250459671020508,26.527377791433114,25.774726388078008,26.39246701889202,2756900
2009-06-11,26.81138801574707,26.960500024866672,26.26465391389985,26.385360668988874,2981700
2009-06-12,27.010196685791016,27.1664052311004,26.491862544313847,26.75457925522909,2799200
2009-06-15,26.562870025634766,26.889491141448627,26.427962010480922,26.811385503185406,3102200
2009-06-16,26.413768768310547,26.782993810490357,26.364065657691764,26.669386313559368,2643400
2009-06-17,26.406658172607422,26.889490554406695,26.378258339089907,26.413760162448426,1622500
2009-06-18,27.258712768554688,27.336818397354136,26.12973756276091,26.4563586389993,2512800
2009-06-19,26.77588653564453,27.414930272687823,26.71908415269393,27.414930272687823,3225000
2009-06-22,27.059907913208008,27.329726694248013,26.53447162472126,26.939198441973275,2354000
2009-06-23,26.60546875,27.209007770657447,26.463458772017354,27.123802867313874,2624600
2009-06-24,26.754587173461914,26.868194653044124,26.513170940772724,26.704884070433195,2054000
2009-06-25,27.251617431640625,27.436228546651193,26.44926318597583,26.626775019438757,2539300
2009-06-26,27.251617431640625,27.46698794363577,27.08649994782486,27.301870459820005,4035800
2009-06-29,27.510074615478516,27.55314983127738,27.122405889046078,27.280345608389467,1931100
2009-06-30,27.596202850341797,27.624919640626093,26.85676330131613,27.366474005235105,3550100
2009-07-01,27.890554428100586,27.955165863181133,27.287515280210496,27.423918720149956,2945700
2009-07-02,27.352121353149414,27.574672416705447,27.2587958730059,27.524419392448348,2533800
2009-07-06,27.61775016784668,27.825940113934198,27.136753370106934,27.273156795933048,3002100
2009-07-07,27.28750991821289,27.53877777796751,27.14393141387817,27.459807957432755,2785600
2009-07-08,27.108034133911133,27.682359107382247,26.89266363815168,27.33776576645024,4048300
2009-07-09,26.842409133911133,27.39519511032154,26.73472526126035,27.24443604545987,2777100
2009-07-10,26.655752182006836,26.74907764583039,26.268083715314695,26.698824630361106,3423600
2009-07-13,27.337770462036133,27.352126124112672,26.61268629085005,26.66293932387266,2754800
2009-07-14,27.158287048339844,27.344940728131338,27.02188364908438,27.301865538063694,3721600
2009-07-15,27.222902297973633,27.45981179266637,27.029070742332976,27.20854663640269,4493600
2009-07-16,27.08649444580078,27.309045481520723,26.835229355942847,27.309045481520723,3273900
2009-07-17,27.064964294433594,27.1152173236829,26.741907150270436,27.029069664767622,2794500
2009-07-20,27.165470123291016,27.330587609226445,26.81369618293489,27.21572315211551,1979900
2009-07-21,27.639293670654297,27.639293670654297,27.100865871875317,27.258805569197815,1977400
2009-07-22,27.603397369384766,27.76851488910261,27.431099279174482,27.495710720680183,2461300
2009-07-23,28.24950408935547,28.357190719165953,27.44545286614741,27.55313949595789,2439700
2009-07-24,28.393085479736328,28.529488909932887,28.077208896674144,28.077208896674144,2238900
2009-07-27,28.60127067565918,28.62998746802589,28.27103577919412,28.464870019793363,1629900
2009-07-28,28.285396575927734,28.601273103017526,28.14899316990146,28.50794488919707,1623300
2009-07-29,28.622812271118164,28.637170669995577,28.084384636845744,28.16335446137923,2089200
2009-07-30,29.261749267578125,29.326360700539823,28.536667843083414,28.665890709006806,3297600
2009-07-31,28.98175621032715,29.31917164647708,28.938683763896996,29.197126658229386,2918300
2009-08-03,29.189956665039062,29.283284888328122,28.701782058182594,28.974586159328165,2201500
2009-08-04,29.110977172851562,29.20430536514633,28.91714296050874,28.988934930959964,1672800
2009-08-05,28.81664276123047,29.319175701562727,28.701778323890316,29.319175701562727,2101800
2009-08-06,29.032024383544922,29.060741188549635,28.479238210837902,28.838190057641015,2292500
2009-08-07,28.852548599243164,29.254575655491536,28.42898530843006,29.09663596578945,2735700
2009-08-10,28.97458267211914,29.010477295653466,28.472049726885896,28.80946521299386,1149200
2009-08-11,28.701786041259766,28.88126194402296,28.629996775588463,28.787933707782315,1434900
2009-08-12,28.852548599243164,29.103816536367873,28.543849790417415,28.622819635268456,2129900
2009-08-13,28.565378189086914,28.881254712973004,28.35718553674678,28.86689631571669,1768900
2009-08-14,28.766393661499023,28.76639366149902,28.3715472754919,28.572559383586164,1402100
2009-08-17,28.701786041259766,28.802292108633562,28.31411743403088,28.52231013849657,2379000
2009-08-18,28.61562156677246,28.69459135577735,28.342817588005563,28.687410790276907,2059100
2009-08-19,28.716136932373047,28.909971185296673,28.44333286471192,28.44333286471192,3070500
2009-08-20,28.780750274658203,28.845361696620145,28.493587790697475,28.54384081460294,1656000
2009-08-21,29.189956665039062,29.20431506389773,28.866899537180437,29.024839186041223,2350900
2009-08-24,29.125341415405273,29.2832810435291,28.902790370192985,29.204311229467187,2245800
2009-08-25,29.154064178466797,29.548910591034534,29.08227217890054,29.154064178466797,1641600
2009-08-26,29.29764747619629,29.312005877107936,28.98176813330994,29.17560243773976,2146100
2009-08-27,29.189956665039062,29.283284888328122,29.046375415036945,29.24020969175212,1273900
2009-08-28,29.362255096435547,29.419685954036105,28.917152941754363,29.419685954036105,2249800
2009-08-31,29.139698028564453,29.383785285002794,28.981758410109048,29.254562458736377,1828700
2009-09-01,28.99612808227539,29.2761100685379,28.881263607434743,28.945875045694176,2254000
2009-09-02,28.680253982543945,29.103817284241245,28.68025398254394,28.945877590480624,2418300
2009-09-03,28.81664276123047,28.895612575386366,28.565377660356447,28.572555489559615,1968400
2009-09-04,28.730501174926758,28.87408243651826,28.48641385179664,28.85254346719943,2350000
2009-09-08,28.859718322753906,28.945865967219085,28.608450480069454,28.75203171323425,2057200
2009-09-09,28.70895767211914,29.168415401961965,28.457689843334787,28.8884335190005,2420700
2009-09-10,28.608449935913086,28.71613654338445,28.378721062652744,28.608449935913086,1804900
2009-09-11,28.694604873657227,28.845363957188386,28.55820145072316,28.66588807529378,1998800
2009-09-14,28.953044891357422,29.118162341618294,28.658701873858895,28.658701873858895,2414500
2009-09-15,29.017656326293945,29.075089917194077,28.795108008016815,29.01765632629395,2737000
2009-09-16,29.419677734375,29.45557235266971,28.759207994284097,29.082262297520305,2083800
2009-09-17,29.45557403564453,29.505827051845145,29.154055938440827,29.498649223209625,2012200
2009-09-18,29.47711181640625,29.807346692074454,29.455572854195626,29.63504868730885,2570600
2009-09-21,29.462759017944336,29.620695918849012,29.139701909255045,29.426864392219837,2273700
2009-09-22,29.046363830566406,29.520179849593642,28.881246417421828,29.477107408780647,2607900
2009-09-23,29.47711181640625,29.900674892096816,28.91714535485595,28.91714535485595,3369500
2009-09-24,30.05143928527832,30.101692308410808,29.06791231150541,29.110984766427904,3922800
2009-09-25,29.685304641723633,30.130406723710692,29.663768415963798,30.116048327009416,2265800
2009-09-28,29.70706558227539,30.127723610061164,29.663551142632823,29.953657551432467,1632600
2009-09-29,29.685304641723633,29.946402313597854,29.605524490130307,29.750579059692186,1731800
2009-09-30,29.366193771362305,29.757837605434638,29.242896389633156,29.6853116867844,2773900
2009-10-01,29.148611068725586,29.366194362428608,29.047073673896982,29.2501512302407,3129000
2009-10-02,29.010807037353516,29.322673434339958,28.822238008952628,29.032564257291963,2097200
2009-10-05,29.445960998535156,29.503983926751506,28.97453715686207,29.03981156776271,1674800
2009-10-06,29.35169219970703,29.63454719594505,29.293669243203414,29.474986832246948,1838500
2009-10-07,29.627288818359375,29.678057514888653,29.01806169332157,29.01806169332157,2124900
2009-10-08,29.663551330566406,29.881131830216155,29.569265432933257,29.750582977089074,1393600
2009-10-09,29.946399688720703,30.047937048508274,29.598270412298078,29.685302039732345,1624200
2009-10-12,30.352563858032227,30.60641014737883,30.20751199747633,30.425092554997068,1710300
2009-10-13,30.142215728759766,30.374301857629042,30.062435603207536,30.374301857629042,1433300
2009-10-14,30.309036254882812,30.446836569291538,30.06969580878347,30.381562153690417,2255900
2009-10-15,30.649921417236328,30.852998980970394,30.309046260290465,30.309046260290465,2776200
2009-10-16,30.7877140045166,30.903757101203443,30.497604879456663,30.671670907829757,1473300
2009-10-19,31.25189208984375,31.33892373655712,30.562884867204648,30.78771961845754,1949600
2009-10-20,30.809480667114258,31.208378761364386,30.635417352056912,31.208378761364386,1779000
2009-10-21,30.860239028930664,31.3244114025395,30.657164307148193,30.976282122332872,4191800
2009-10-22,30.780467987060547,30.954534061988245,30.439592855635347,30.86024815612381,1721500
2009-10-23,30.23651123046875,30.809475306776484,30.113216634311552,30.75870661816046,1955800
2009-10-26,30.27277183532715,30.794964368090927,29.92463979123722,30.207497422895983,2030500
2009-10-27,30.185741424560547,30.59914516895279,30.142226988320896,30.338050251457105,1553100
2009-10-28,30.134973526000977,30.56288301589368,29.917393039054147,30.251016636818356,3105800
2009-10-29,30.026185989379883,30.374315337177034,29.95365731274332,30.23651223491062,2627700
2009-10-30,29.656288146972656,30.214746346767132,29.64903666473248,30.040680339464373,3078400
2009-11-02,29.91014862060547,29.96091732066308,29.3009214532275,29.830368444318754,2836400
2009-11-03,29.49674415588379,29.88113932728405,29.373449522933022,29.85937933517926,1943600
2009-11-04,29.656288146972656,29.960902968081154,29.445959195098375,29.699805340469677,1813300
2009-11-05,29.960914611816406,30.20750660409546,29.670805409128196,29.736079841398723,1537800
2009-11-06,29.997180938720703,30.185750004961072,29.75058891875301,29.772346143057398,1852300
2009-11-09,30.345298767089844,30.38156171597119,30.04793815956575,30.09145535823476,1983600
2009-11-10,30.751461029052734,30.947281570289366,30.272782754136006,30.2872857250756,2654100
2009-11-11,30.468591690063477,30.96902976414876,30.425077260445978,30.852986674026255,1404500
2009-11-12,30.171239852905273,30.606403642141764,30.127725410662038,30.490360518349295,1126300
2009-11-13,30.410585403442383,30.64267168957881,30.127730415131538,30.17124486460289,1100900
2009-11-16,30.896520614624023,31.04157526054973,30.417842219750263,30.417842219750263,1480600
2009-11-17,30.62816047668457,30.96903835894776,30.548380311330522,30.940026886694238,1331000
2009-11-18,30.35980796813965,30.744200250227255,30.316290764499442,30.52661976539816,1602400
2009-11-19,30.12047576904297,30.39607926773802,29.989926888960404,30.338059080305065,1560100
2009-11-20,30.53386878967285,30.591891723185757,30.11321358844727,30.200245222030883,3312400
2009-11-23,30.860239028930664,31.041556535289462,30.678921522571862,30.693427255082838,3809000
2009-11-24,30.896520614624023,31.070586743072322,30.794983192482203,30.918280609859593,1806600
2009-11-25,31.143104553222656,31.18662176564699,30.693437758250674,30.773217931018685,1082900
2009-11-27,30.562885284423828,30.889257422412044,30.294536089494052,30.889257422412044,711100
2009-11-30,30.70793914794922,30.867499470893932,30.504864385427684,30.570138811479055,1676700
2009-12-01,31.106836318969727,31.186616478211665,30.86749860792997,30.86749860792997,1838900
2009-12-02,31.411455154418945,31.578266977956513,31.099588729248495,31.23013759404945,2379900
2009-12-03,31.571008682250977,31.81760064343486,31.346176706870942,31.396945395936502,2031400
2009-12-04,31.5057373046875,32.05694422025025,31.056070543760438,31.9046381383262,2362300
2009-12-07,31.64354133605957,31.897384813306296,31.534749693418746,31.60002412566596,1309000
2009-12-08,31.600013732910156,31.75231976916709,31.3461703391486,31.66528814368963,1273400
2009-12-09,31.897382736206055,31.969911415472467,31.549253375785938,31.621779288366128,3053500
2009-12-10,32.12947463989258,32.30354073412808,31.86112539602095,32.04244297611818,2060300
2009-12-11,32.59365463256836,32.62266611600241,32.02069305152633,32.21651364798779,1802100
2009-12-14,32.861995697021484,32.89825865582392,32.27452580435091,32.484854838766026,1991900
2009-12-15,32.738704681396484,32.77496764724835,32.426838195033866,32.77496764724835,1258400
2009-12-16,32.6444091796875,32.88374966412919,32.41957719735443,32.76045229638119,2002100
2009-12-17,32.622650146484375,32.803967679157154,32.22375212794145,32.45583834842773,2095900
2009-12-18,32.71693420410156,33.05055778151259,32.65165978533108,32.82572305759516,4745600
2009-12-21,32.69517517089844,33.057810195775204,32.67341518805957,32.782206802196875,2448100
2009-12-22,32.499366760253906,32.956285108151725,32.477606767482385,32.78222176610121,1683500
2009-12-23,32.45583724975586,32.66616624454101,32.339794143440926,32.6081433080406,1721200
2009-12-24,33.00704574584961,33.12308886774886,32.521116037485946,32.57913621509244,947900
2009-12-28,33.07231521606445,33.19561257085657,32.95627211156438,33.12308390136537,1117900
2009-12-29,33.28459548950195,33.51883916913789,33.167473649683984,33.233354859106896,1522300
2009-12-30,33.233367919921875,33.489571172585805,33.15284609982577,33.226046231328034,2396000
2009-12-31,32.68435287475586,33.35048400829127,32.66971229251924,33.29192167934482,1201200
2010-01-04,32.57455825805664,33.02840525416031,32.537958189281646,32.90396446184408,2041800
2010-01-05,32.20854949951172,32.80879951679196,32.13534936761161,32.655077564358095,2599300
2010-01-06,32.581871032714844,32.81611757215363,32.04750231027034,32.12802412188902,2541200
2010-01-07,32.025535583496094,32.67702603200983,31.98161384371575,32.596504238615076,2377700
2010-01-08,32.05481719970703,32.12069841411294,31.725411127677514,31.835214082489067,1521400
2010-01-11,32.53794479370117,32.5891854273721,32.06945740447832,32.1353386181131,2154700
2010-01-12,32.57455825805664,32.86004270387034,32.38423622498293,32.39887401856792,2476100
2010-01-13,32.77218246459961,33.02106669342855,32.52329823577066,32.6770201085285,1653100
2010-01-14,32.567222595214844,32.750225637283606,32.523300859852604,32.73558505882952,1249600
2010-01-15,32.947879791259766,32.95520147965049,32.24514849567132,32.428151611756185,3917900
2010-01-19,33.37245178222656,33.40173295397943,32.87468303205274,32.87468303205274,2618500
2010-01-20,32.962520599365234,33.226045535101036,32.58187378023641,33.05768300224893,2662700
2010-01-21,32.625797271728516,33.29192854258915,32.42815355939763,33.028403592814634,1793600
2010-01-22,31.923049926757812,32.779502791667674,31.915728241598657,32.5598997077732,2942600
2010-01-25,32.479400634765625,32.508681811065955,31.849869306341837,32.14999438240356,3052500
2010-01-26,32.259788513183594,32.457432210171,32.0841070885765,32.457432210171,1805700
2010-01-27,31.747385025024414,32.267116082528766,31.403341008960094,32.25979439293223,3879400
2010-01-28,31.286209106445312,31.84253726447659,31.220327883167414,31.74737487698507,3289100
2010-01-29,30.92022132873535,31.381387373672073,30.87629955628116,31.300865520376313,5139700
2010-02-01,30.90555763244629,31.110520165851685,30.744514046253432,31.03732005889407,2508400
2010-02-02,30.868967056274414,30.99341063845196,30.6127637876827,30.876288745323432,3802600
2010-02-03,30.898244857788086,30.934844921822858,30.459038504559036,30.722563433458824,3675400
2010-02-04,30.27604103088379,31.03001310156958,30.27604103088379,30.751847536766444,2775700
2010-02-05,30.685955047607422,30.76647684941795,30.027145636477044,30.224789297537775,5163800
2010-02-08,30.25406837463379,30.854318210958507,30.224787213738633,30.66399345754519,2358600
2010-02-09,30.297998428344727,30.8836078988585,30.276038945827402,30.459042079888345,3269100
2010-02-10,30.049114227294922,30.297998602746684,29.712389128862014,30.239439051561337,3008400
2010-02-11,30.22478675842285,30.23942733864988,29.705058726186564,29.9685807930576,3199100
2010-02-12,30.02714729309082,30.180869218261623,29.829503621125983,30.02714729309082,2000000
2010-02-16,30.583473205566406,30.671316692687437,30.261388796671966,30.276029377858805,1826400
2010-02-17,30.649354934692383,30.810398538021946,30.48099243685029,30.715236154926718,2021900
2010-02-18,31.11784553527832,31.205689032793995,30.561517346374078,30.66399863440336,2741800
2010-02-19,31.191049575805664,31.73273720134441,30.854324533724203,30.9348435540783,3088800
2010-02-22,30.72987937927246,31.31548872482871,30.715238796582852,31.31548872482871,2561400
2010-02-23,30.75916862487793,30.847009351685127,30.422443511778372,30.707927968206533,3352000
2010-02-24,30.7518310546875,30.898234052032304,30.524909061587724,30.788433898327387,3989200
2010-02-25,30.37851905822754,30.583481666737192,30.019831700929537,30.393159643464816,4052400
2010-02-26,30.685955047607422,30.795758012331845,30.202827029149656,30.444392434581232,4826000
2010-03-01,30.77381134033203,31.00073346631619,30.66400832992214,30.795770825451388,2362400
2010-03-02,31.2130184173584,31.439943340258086,30.898252759829337,30.898252759829337,2535700
2010-03-03,30.971437454223633,31.352084136593202,30.97143745422363,31.30816239894884,2437300
2010-03-04,31.044641494750977,31.10320381903658,30.737197669467523,31.022682019346536,2079400
2010-03-05,31.2130184173584,31.249618490753416,30.986096286865312,31.249618490753416,1441600
2010-03-08,31.176414489746094,31.403339384591956,31.066611490728942,31.18373338655765,1693600
2010-03-09,31.359411239624023,31.35941123962402,31.103208017305843,31.117845807947717,2379100
2010-03-10,31.454574584960938,31.48385295953626,31.16909018790964,31.396012250998734,2261300
2010-03-11,31.41065216064453,31.527774033650573,31.22764905954723,31.45457391017394,1802700
2010-03-12,31.322818756103516,31.56438145381513,31.15445619893327,31.56438145381513,1999300
2010-03-15,31.454574584960938,31.513134126517365,31.205690250433125,31.366731084017633,1764700
2010-03-16,31.637575149536133,31.681494104075384,31.330128505733605,31.44725037184753,1425200
2010-03-17,31.637575149536133,31.783975387874378,31.549731655646525,31.740056433335123,1828100
2010-03-18,31.60096549987793,31.637568343994424,31.344762345492185,31.57168713395167,1995800
2010-03-19,31.69613265991211,31.77665446129335,31.425288885415974,31.69613265991211,3506700
2010-03-22,31.476533889770508,31.6595369937808,31.264249618941186,31.6595369937808,2585200
2010-03-23,31.710773468017578,31.740054630984723,31.48384864363028,31.520451493541913,2276000
2010-03-24,31.381376266479492,31.68882298002612,31.366735680843348,31.60830115523043,2292200
2010-03-25,31.461894989013672,31.630257518618855,31.32281362779354,31.447254404821145,2780200
2010-03-26,31.454574584960938,31.58633704397012,31.337452709442307,31.48385295953626,1898500
2010-03-29,31.672828674316406,31.8060012658668,31.547053305723107,31.547053305723107,1728100
2010-03-30,31.458267211914062,31.813393122043486,31.45086716791499,31.6728233312495,1701900
2010-03-31,31.384286880493164,31.59144581770471,31.184530810985137,31.443475954636575,1918900
2010-04-01,31.62103843688965,31.732013710742056,31.487865850434584,31.50266311807295,1474400
2010-04-05,31.7838077545166,31.879988598206374,31.561854349478462,31.61364338324434,1451700
2010-04-06,31.93177032470703,32.01315387979837,31.606238926631733,31.635830637518563,1668800
2010-04-07,31.598840713500977,31.93177217531052,31.487865441091255,31.93177217531052,1704900
2010-04-08,31.42127227783203,31.613631067986518,31.24370792959825,31.576639318605604,1597800
2010-04-09,31.761606216430664,31.769003438632048,31.162329615677052,31.428674771567547,2142000
2010-04-12,31.909587860107422,32.042760487295205,31.783812457856254,31.95397685430929,1290600
2010-04-13,31.554443359375,31.902169174059118,31.495254305298893,31.8725774693105,1999400
2010-04-14,31.51746368408203,31.532260954594012,31.19932942380137,31.480471918947465,2345300
2010-04-15,31.665428161621094,31.7764062603716,31.169732384393495,31.517458304050518,2425400
2010-04-16,31.465669631958008,31.783803841519486,31.376888845330946,31.658031295655345,2494800
2010-04-19,31.628435134887695,31.680224159617747,31.362089966395896,31.362089966395896,1749400
2010-04-20,31.887378692626953,31.91697322595943,31.58404178169413,31.74680889273273,1682600
2010-04-21,31.916975021362305,31.953966778963753,31.732013411064848,31.835591461264993,2353100
2010-04-22,32.00576400756836,32.042758596942214,31.495270848325646,31.739421591196674,2309300
2010-04-23,32.523643493652344,32.545840802371,31.857783500176733,32.013150549758734,2714700
2010-04-26,32.301692962646484,32.553240845709475,32.24990394162969,32.54584362368849,1800200
2010-04-27,31.96877098083496,32.479266942253766,31.946576485917905,32.183327172669216,2423300
2010-04-28,32.16112518310547,32.294297766155644,31.842990992740056,32.10193611406532,3399100
2010-04-29,32.20551681518555,32.57544006028454,32.12413324969731,32.20551681518555,1927000
2010-04-30,32.405277252197266,32.73820875312786,32.22031562082366,32.26470742837792,2671500
2010-05-03,32.8565788269043,32.95275965006993,32.37567753336617,32.464461134268326,2720900
2010-05-04,32.60501480102539,32.81217078937263,32.39785881267816,32.42745333166738,3781000
2010-05-05,32.90836715698242,33.293087619257534,32.52364669470731,32.52364669470731,4691600
2010-05-06,32.01315689086914,32.767800624118465,30.62964479105719,32.76040057898321,4813700
2010-05-07,31.93916893005371,32.53844555253288,25.857633213337266,27.751638262039553,5200100
2010-05-10,32.723392486572266,32.886159530820564,31.90216286846695,32.55322822317126,4484400
2010-05-11,32.8565788269043,33.026743161865,32.427469378370795,32.494052845612316,3796600
2010-05-12,32.76780319213867,33.263499008017426,32.56064424647083,32.78999768470324,3452100
2010-05-13,32.368282318115234,32.841783596459514,32.27950153399824,32.66422202822553,2123100
2010-05-14,32.279510498046875,32.69382282050789,31.998367977597592,32.42748039419339,3281900
2010-05-17,32.494056701660156,32.619832073385524,32.005758127912486,32.397878689371204,2463800
2010-05-18,32.227718353271484,32.76780602323273,32.168529271598096,32.53845256518449,2585700
2010-05-19,31.71721839904785,32.19071970351463,31.569248535829384,32.013158125484786,3750000
2010-05-20,30.74062156677246,31.45087353072195,30.725824298070545,31.295506442787453,4538800
2010-05-21,30.89598846435547,30.94038027018772,30.341103591759147,30.452081695194575,3422700
2010-05-24,30.60005760192871,31.01436991568674,30.474282205044336,30.64444659423652,2341000
2010-05-25,30.51866340637207,30.563055205533008,29.623449957134756,30.15613743561606,3357600
2010-05-26,30.48907470703125,30.895989732512714,30.37809942133114,30.72582536994012,2322300
2010-05-27,30.60005760192871,30.88120011647235,30.363306901983847,30.762824766499918,2794500
2010-05-28,30.70362663269043,31.02915804361499,30.555656783255582,30.629643119118075,2726300
2010-06-01,30.126543045043945,30.81460034823325,30.111745779973347,30.452074409727913,2993600
2010-06-02,30.762821197509766,30.762821197509766,30.008177370627422,30.17834174007776,2211900
2010-06-03,30.814605712890625,31.080948063660973,30.65183859106689,30.69623039400706,2220800
2010-06-04,29.911991119384766,30.50386769355848,29.793615804550022,30.50386769355848,3438200
2010-06-07,29.97858238220215,30.45948094372149,29.875004317330003,29.875004317330003,2733800
2010-06-08,30.25972557067871,30.29671733438899,29.78622139939886,30.067363883720187,3427500
2010-06-09,29.593862533569336,30.318911826966904,29.49768169009385,30.311514603141404,4444500
2010-06-10,30.466867446899414,30.47426466726333,29.845396511624703,29.845396511624703,3302200
2010-06-11,30.644437789916992,30.65923505719858,30.074758522171766,30.23752281768891,2657400
2010-06-14,30.688825607299805,30.969968004567715,30.68882560729981,30.792403642532776,1893000
2010-06-15,31.354692459106445,31.354692459106445,30.792407592443272,30.9033856857371,2167900
2010-06-16,31.591440200805664,31.739410037565037,31.117938981007587,31.273306039574475,1872600
2010-06-17,31.9909610748291,32.02055278727342,31.56924601058805,31.695021372064545,2484200
2010-06-18,31.946569442749023,32.06494476002681,31.820794080603143,31.96136671019502,1978000
2010-06-21,31.820796966552734,32.39787916012365,31.672829923253442,32.1167366977322,1450100
2010-06-22,31.28069496154785,31.87997137138441,31.191914211964743,31.87997137138441,2227500
2010-06-23,30.814605712890625,31.3029042560716,30.725822107010284,31.288106988424875,1509700
2010-06-24,30.718433380126953,31.199332011341557,30.688838836648547,30.762825195344565,2119600
2010-06-25,31.080951690673828,31.15493803754133,30.422488726151084,30.718428469039992,2941800
2010-06-28,31.361434936523438,31.563381078363598,30.935105143702966,31.271682046769897,2010200
2010-06-29,31.02485466003418,31.256719357645174,30.83786782901672,31.196882202187133,2737200
2010-06-30,30.740636825561523,31.309078444147527,30.64340571840811,31.047295143706407,2169100
2010-07-01,30.54617691040039,30.688285912420508,30.306833931633154,30.643410887147507,3150800
2010-07-02,30.463899612426758,30.65836754923407,30.329268841773423,30.65836754923407,2055400
2010-07-06,30.957536697387695,31.017373847840833,30.53868805698522,30.643400217085837,1875700
2010-07-07,31.60824966430664,31.630690022073065,30.830386689417637,30.86778348143855,2526800
2010-07-08,31.82514190673828,31.847582255235444,31.52596484095731,31.802704411432277,2375800
2010-07-09,31.88499641418457,31.944830718683477,31.608253839649887,31.802721748954948,1834700
2010-07-12,32.154258728027344,32.206614815731065,31.712969665101138,31.862556856715887,1683200
2010-07-13,32.012142181396484,32.22904757172551,31.765321069071202,32.1542539869463,2599900
2010-07-14,32.094417572021484,32.109376859958594,31.64565034667787,31.870033959349676,1680000
2010-07-15,32.55066680908203,32.61050110936806,32.04206241728446,32.1467745826794,2565500
2010-07-16,31.8326473236084,32.52075766913062,31.76533193300789,32.46092335148203,2238100
2010-07-19,32.42351150512695,32.52822651473803,31.952306801242358,31.952306801242358,1504500
2010-07-20,32.73765563964844,32.73765563964844,32.042064380402465,32.086942248260904,1685400
2010-07-21,32.31132507324219,32.80497019457093,32.18417254408567,32.78253268779909,2826600
2010-07-22,32.857337951660156,33.03684377598911,32.48336415558225,32.48336415558225,2287800
2010-07-23,33.081695556640625,33.08917662444793,32.55813208459343,32.90218987394474,2124600
2010-07-26,33.343482971191406,33.35096118676094,32.93210978507335,33.06674049085894,1474500
2010-07-27,33.867042541503906,34.00167324285585,33.36591937228741,33.508028288962606,3414400
2010-07-28,33.51551818847656,33.76233930386221,33.433243532283875,33.73990179878872,2524800
2010-07-29,33.26868438720703,33.84460395714812,33.05926012657084,33.58282363135288,2381700
2010-07-30,33.2088623046875,33.47812094446579,32.804970065231146,32.917160451840616,2952500
2010-08-02,33.9493408203125,34.11389020394255,33.5678888029444,33.5678888029444,2759700
2010-08-03,33.72494125366211,34.18866774477739,33.69502267921795,33.82965341102437,2241800
2010-08-04,33.88201141357422,34.054038946607655,33.35844774384193,33.60527171723282,2806100
2010-08-05,33.82966232299805,33.85209983314588,33.28366103492071,33.328538908409435,2810200
2010-08-06,34.136314392089844,34.18119225733986,33.54543533899773,33.70998465838858,3588700
2010-08-09,34.21110153198242,34.442963306414974,34.11386761030877,34.24101724748898,1998700
2010-08-10,34.562660217285156,34.77956572052376,33.85959045352543,33.96430266800094,2239000
2010-08-11,33.85209655761719,34.20363273294821,33.829659049640405,34.15875486380187,2276200
2010-08-12,34.09892272949219,34.188675620307386,33.46316856866233,33.59031825955112,2892000
2010-08-13,34.18867111206055,34.33078292807092,33.964287488014136,34.05404036699419,2615000
2010-08-16,34.241024017333984,34.32329867092512,33.6725853656379,34.06151827603725,1784200
2010-08-17,34.398101806640625,34.58508865460342,34.083962418402834,34.3906207349341,2959200
2010-08-18,33.904457092285156,34.405580481946124,33.53048339139444,34.3233058112393,4163800
2010-08-19,33.73242950439453,33.88950064035106,33.39585542795676,33.82966347366416,2797400
2010-08-20,34.30086898803711,34.383143660388974,33.47064689894896,33.47064689894896,3842200
2010-08-23,34.55516052246094,34.779544107353836,34.28589907931263,34.308336581844294,3319000
2010-08-24,34.95158004760742,35.101170091346724,34.30834485676335,34.30834485676335,5608900
2010-08-25,35.19839859008789,35.36294504481397,34.682313161868265,34.77206888611049,7247000
2010-08-26,35.04133224487305,35.37043090527937,34.921660782868756,35.31059374768087,3546500
2010-08-27,35.624732971191406,35.699526564687154,34.85434526286026,35.18344392190402,2637800
2010-08-30,34.98149108886719,35.62472614110118,34.959053585758795,35.60976685463153,3119000
2010-08-31,34.97401809692383,35.11612992461271,34.54768832024283,34.93662129870832,3300700
2010-09-01,35.73691940307617,35.87155013901046,34.92913784066285,35.168480737169936,3609000
2010-09-02,35.677093505859375,35.8491210749039,35.41531018959706,35.8491210749039,2653900
2010-09-03,35.66212844848633,35.90147136264858,35.43026375211989,35.72196275043059,2322400
2010-09-07,35.86406707763672,36.15576601503068,35.63968349911767,35.714477074226686,2327700
2010-09-08,35.677093505859375,35.976270770339525,35.57985953963663,35.87155858511182,2676600
2010-09-09,36.080989837646484,36.140824155946525,35.849125077899544,36.021152666153064,2581800
2010-09-10,33.06675338745117,35.25076124729049,32.86480725001038,34.562648165655986,30810700
2010-09-13,33.10414505004883,33.358447237015525,32.29636347880853,32.96951716583579,15166600
2010-09-14,33.55290603637695,33.8296456535455,32.76756218305497,32.7899996821468,9283500
2010-09-15,34.01664352416992,34.076480678867796,33.37340837713062,33.395848736738614,5444600
2010-09-16,33.919410705566406,34.16623469713766,33.7773017382086,33.99420715143315,4542800
2010-09-17,33.85209655761719,34.12135806610964,33.65763149770195,34.03160518100975,5980500
2010-09-20,33.93436050415039,33.97923835911923,33.73241443657843,33.82964836241498,2788400
2010-09-21,33.65762710571289,33.88201071577916,33.582833520088265,33.84461392296685,8965900
2010-09-22,33.78477478027344,33.859571214681154,33.58283154035319,33.68006262529487,5545400
2010-09-23,33.822181701660156,33.9792499679247,33.605276274994154,33.702510234050095,6451400
2010-09-24,34.27094268798828,34.36817662915868,33.911928351196394,33.9568062132425,3013800
2010-09-27,34.338260650634766,34.52524747684236,34.09891774134445,34.36069815675807,2085000
2010-09-28,34.41002655029297,34.45535363882381,34.07763654632498,34.45535363882381,2565600
2010-09-29,34.13806915283203,34.29671251888694,33.91143947786416,34.25893850493174,2573800
2010-09-30,34.311824798583984,34.52334836387653,34.13807525399763,34.30427172349466,4374300
2010-10-01,34.538448333740234,34.70464187787885,34.2816006217961,34.43268801971955,2908200
2010-10-04,34.54600143432617,34.86328525839303,34.31181582327093,34.58377256339897,2036200
2010-10-05,35.278770446777344,35.32409464511602,34.863282298743734,34.863282298743734,4077200
2010-10-06,35.006813049316406,35.369421037738825,34.82550761422913,35.29387878747454,2034200
2010-10-07,35.12013626098633,35.2712207914328,34.96149289321321,35.12768933480757,1718400
2010-10-08,35.33921432495117,35.42986851246094,35.0823665571796,35.23345398794282,1971900
2010-10-11,35.195674896240234,35.512955835557726,35.12013263880818,35.30899116414071,1353800
2010-10-12,35.17302322387695,35.24856550370668,34.83307720113669,35.21079436379182,1932800
2010-10-13,35.09747314453125,35.324102834018944,35.02948394950966,35.10502910050746,1901700
2010-10-14,35.271217346191406,35.46763182739066,35.16545703250831,35.22589314418575,2054200
2010-10-15,35.42985916137695,35.56583752499948,35.135237452359966,35.4600743341524,4665300
2010-10-18,35.6640510559082,35.89823671612544,35.467639414446,35.61872684420702,2231200
2010-10-19,35.43742752075195,35.77737357645056,35.33922024204935,35.48275462209628,2373100
2010-10-20,35.88312530517578,36.207962249004964,35.54317933119723,35.565844317297696,2112700
2010-10-21,35.769805908203125,36.1852969967836,35.60361235452353,35.996438458975234,1939600
2010-10-22,36.00400924682617,36.02667136035232,35.777379466302676,35.86803080216127,1662500
2010-10-25,36.01155090332031,36.34394383230953,35.9284555528261,36.17774736781492,1445000
2010-10-26,35.94356155395508,35.99644171879,35.648939787621096,35.85290737273561,1398100
2010-10-27,35.84536361694336,35.8755816852054,35.452537374797664,35.70938519151779,1755100
2010-10-28,36.05686569213867,36.19284404727199,35.78490898187204,36.01909456721322,1698000
2010-10-29,36.1248664855957,36.200408759737094,35.716931289024885,35.98133501202584,2042300
2010-11-01,35.89822769165039,36.36659601258847,35.65648901750478,36.24572667551566,1219100
2010-11-02,36.328834533691406,36.404376808768134,36.08709579534217,36.09464887014862,1153800
2010-11-03,36.17018508911133,36.43458586829796,35.86801029996744,36.313716528990874,1568200
2010-11-04,36.646121978759766,36.73677618286596,36.34394994366653,36.6385689026277,2611200
2010-11-05,36.698997497558594,36.721659603051606,36.31372441365956,36.36660458097856,1985000
2010-11-08,36.16263961791992,36.6536730721906,35.973781040393234,36.41948739862635,2267400
2010-11-09,35.9284553527832,36.37416169273915,35.754705814394015,36.01910665938777,1877700
2010-11-10,35.86801528930664,35.86801528930664,35.47518916147733,35.747145933186296,1589400
2010-11-11,35.9208984375,35.9737786050874,35.48274806581107,35.68671566154235,1984700
2010-11-12,35.86045455932617,36.03420404154516,35.52050866726636,35.77735635440576,2606100
2010-11-15,36.13996505737305,36.404365822099756,35.8831173651733,36.056866850815446,1725800
2010-11-16,35.70936965942383,36.056868648028825,35.42230389930336,35.898228181285546,1938800
2010-11-17,35.64138412475586,35.80002460773856,35.505405744555645,35.784915578632685,1328000
2010-11-18,35.86045455932617,35.95110583662474,35.66404009646844,35.91333471122968,1302400
2010-11-19,35.88312530517578,35.93600546982213,35.47519013640152,35.79247400603245,1671000
2010-11-22,35.89067840576172,35.93600549624313,35.59605952201465,35.80758306250839,1173700
2010-11-23,35.49030685424805,35.67161237356087,35.37699342621182,35.62628527329429,2007000
2010-11-24,35.57341003417969,35.70938847209744,35.3996604483412,35.505420815220816,1627500
2010-11-26,35.4676399230957,35.72448769284705,35.29389038499231,35.422312828991444,1077300
2010-11-29,35.30144500732422,35.36943421058455,34.8708476805932,35.27878290015518,2158700
2010-11-30,35.45253372192383,35.65650133904625,35.0370454122685,35.07481655282748,3997400
2010-12-01,36.034217834472656,36.07954204959476,35.641391640146054,35.76981409199633,2299200
2010-12-02,36.132423400878906,36.15508550737208,35.8075864262955,35.8831287024415,2329400
2010-12-03,36.35905456542969,36.41193473719771,35.8906832129797,36.109759857020514,1959900
2010-12-06,35.981327056884766,36.34393507974962,35.91333787248808,36.27594589535293,4996500
2010-12-07,35.70182418823242,36.26839992018657,35.58851077089351,36.15508650284765,2517700
2010-12-08,35.35431671142578,35.76225183328996,35.21078526414136,35.64893556107685,2270900
2010-12-09,35.384525299072266,35.54316573231518,35.22588486582935,35.44495851479501,3273100
2010-12-10,35.528053283691406,35.61870742116573,35.293870632928055,35.444955098549,1215300
2010-12-13,35.67915344238281,35.84534987234379,35.46007685411652,35.46007685411652,1879400
2010-12-14,36.01155090332031,36.094649135567614,35.800030226147605,35.800030226147605,1468100
2010-12-15,35.64138412475586,36.1475236319157,35.611166066544115,36.01154525171549,2454000
2010-12-16,36.17018508911133,36.17018508911133,35.57339146551594,35.58850049314837,1787000
2010-12-17,36.336387634277344,36.374161653595586,35.94356434549596,36.102204852321485,2434000
2010-12-20,36.578121185302734,36.7367645513826,36.39681859800098,36.7367645513826,1638200
2010-12-21,36.306175231933594,36.70655450792248,36.245739101801455,36.67633644285641,1721900
2010-12-22,36.306175231933594,36.472368826290385,36.07954262569137,36.27595716686753,1118600
2010-12-23,36.517696380615234,36.517696380615234,36.18530630599116,36.32128471873586,908400
2010-12-27,36.44215774536133,36.66878749536253,36.20041607937261,36.36661257419185,1037400
2010-12-28,36.517696380615234,36.54791444605924,36.32883779422019,36.41948910879888,824900
2010-12-29,36.52912139892578,36.66639181208135,36.37659839440467,36.66639181208135,879500
2010-12-30,36.36897659301758,36.582509997928476,36.33847431443158,36.51387478012405,1107300
2010-12-31,36.483367919921875,36.60538575607674,36.26220968278659,36.353722332619064,1128300
2011-01-03,36.14019012451172,36.59775917013982,36.04104972825545,36.59775917013982,1985000
2011-01-04,36.30034255981445,36.48337078297735,35.80464633428166,36.16307211972601,2546200
2011-01-05,35.73600769042969,36.285089398176865,35.613989856389715,36.124938627327516,3163000
2011-01-06,36.00291442871094,36.323213004652786,35.842766595307076,35.842766595307076,3700600
2011-01-07,35.85802459716797,36.14781803644422,35.69787673959474,36.086807666434666,2505200
2011-01-10,35.47671890258789,35.6444945128267,35.01152500811453,35.560606707707294,2513700
2011-01-11,35.58348846435547,35.60636590157248,35.293694986688514,35.499600649046485,2151000
2011-01-12,35.629249572753906,35.850404941137576,35.46909876988511,35.65212701210579,2474300
2011-01-13,35.797019958496094,35.797019958496094,35.491976787012604,35.636872075282135,1907000
2011-01-14,36.094444274902344,36.102069118457415,35.69025774723728,35.713138096173026,1765900
2011-01-18,36.117313385009766,36.20120119044492,35.86564996870432,36.056303014098894,1946200
2011-01-19,36.10206985473633,36.26221775487629,35.91904160519399,36.086817258179856,1752200
2011-01-20,35.84278869628906,36.09445222607378,35.728395653816754,35.728395653816754,3099500
2011-01-21,35.797019958496094,36.178326104701725,35.69025470302012,36.178326104701725,5152400
2011-01-24,36.193572998046875,36.29271339500049,35.7665120434182,35.85802468953369,1493200
2011-01-25,35.84278869628906,36.20121751417545,35.7131459633473,36.20121751417545,2308700
2011-01-26,35.629249572753906,35.91141532492287,35.30132603274597,35.91141532492287,3114100
2011-01-27,35.82752227783203,35.99529789964329,35.225057916905044,35.37758094499393,2983500
2011-01-28,35.2631950378418,35.903789504479064,35.209809498914815,35.903789504479064,1626300
2011-01-31,35.2936897277832,35.51484795171068,35.15641930666508,35.16404705735748,2001600
2011-02-01,35.5377197265625,35.606354926192225,35.30893669750809,35.446207096767544,1576900
2011-02-02,35.225059509277344,35.53773042188342,35.14879944635291,35.42334032749676,3730500
2011-02-03,35.35470199584961,35.50722501741075,35.1335437600427,35.25556159546467,2320300
2011-02-04,35.270816802978516,35.47672246097858,35.09541633337881,35.354704616512045,1494600
2011-02-07,35.51485824584961,35.545363439192265,35.17168209358318,35.270822517379116,1859700
2011-02-08,35.491981506347656,35.6597542547749,35.45385146848398,35.56061673815643,1384700
2011-02-09,35.629249572753906,35.76652002713561,35.30132603274597,35.408091295235025,1514800
2011-02-10,35.621612548828125,35.77413555945836,35.49959472215083,35.57585768203318,1394100
2011-02-11,35.484344482421875,35.69025012405195,35.39283183363117,35.45384220558141,1433400
2011-02-14,35.24030303955078,35.446208647447804,34.866624754545725,35.35469601364941,1621000
2011-02-15,35.24030303955078,35.2784330612056,34.775109211613156,35.07253036244275,1469300
2011-02-16,35.080162048339844,35.29369253858054,34.61496812962856,35.23268507385523,2372700
2011-02-17,34.7446174621582,35.339454125695,34.54633663488924,34.93527053730565,5947200
2011-02-18,34.60734939575195,34.85900995950656,34.50058413178726,34.83613251983848,2308600
2011-02-22,34.47768783569336,34.561575621188574,34.172644781050856,34.40905263930036,2208100
2011-02-23,34.6836051940918,34.87425825886306,34.41669206706599,34.477699535042646,3296000
2011-02-24,34.706485748291016,34.99627924733047,34.55396561008251,34.59209564463463,2159100
2011-02-25,34.95814514160156,35.00390292321632,34.51582864673,34.683604270182634,1530100
2011-02-28,35.12593078613281,35.57587225173658,34.82088463994408,34.94290251659244,2654100
2011-03-01,35.400455474853516,35.81226674414595,35.11828978699072,35.278437644226265,3573100
2011-03-02,35.20218276977539,35.49960109386308,34.98102451012328,35.438593624141625,2328400
2011-03-03,35.2784423828125,35.461470607904936,35.01152925156827,35.14879969310386,3574600
2011-03-04,34.6836051940918,35.2326869515562,34.5463347547257,35.186929168722536,4025900
2011-03-07,34.828495025634766,35.240306279287736,34.6683471744812,34.74461013393607,2656500
2011-03-08,35.286075592041016,35.491981286190104,34.843759009986954,34.85138676299362,1819100
2011-03-09,35.67499542236328,35.720753198621274,35.17929927067347,35.19455186275947,1602400
2011-03-10,35.07253646850586,35.491972598000245,34.99627350278481,35.476720004856034,1765900
2011-03-11,34.889503479003906,35.41570477926775,34.82086827382738,35.148791708655864,1862900
2011-03-14,33.867618560791016,34.637855850100955,33.699842891993846,34.607353563248786,5195800
2011-03-15,32.792327880859375,33.341409650717885,32.15173345240277,32.15173345240277,8345000
2011-03-16,32.38814163208008,32.899090418642785,32.18986082749251,32.87621298316527,5376400
2011-03-17,32.5711669921875,32.64742995913961,31.610276881668767,32.64742995913961,4994300
2011-03-18,32.86096954345703,33.25752835396169,32.677941281248906,32.944857375755106,4371500
2011-03-21,33.364295959472656,33.49393868453002,32.998242318613585,33.02874751596911,3143900
2011-03-22,33.37191390991211,33.570194742624274,33.204141177388514,33.402419100965545,2064000
2011-03-23,33.24989318847656,33.44817400409563,33.14312793812855,33.280398376900244,3405800
2011-03-24,33.30326843261719,33.5320543859539,33.18887836508307,33.50917404513969,3114600
2011-03-25,33.47867202758789,33.48629686849454,33.173626026905175,33.3642790500483,2575600
2011-03-28,33.463436126708984,33.64646149109609,33.463436126708984,33.63120889254121,2320300
2011-03-29,33.56745910644531,33.68304776295159,33.31315877082199,33.31315877082199,1807500
2011-03-30,33.8988151550293,34.07605342896706,33.62910243759836,33.67533965934495,1665100
2011-03-31,34.04523849487305,34.14541770125601,33.76782096311529,33.76782096311529,1976000
2011-04-01,34.291831970214844,34.44595315126281,34.10688596503388,34.10688596503388,2271800
2011-04-04,34.28411102294922,34.36887483980935,34.052927890882344,34.26869861817039,1656000
2011-04-05,34.276405334472656,34.43823118459251,34.160816701365256,34.160816701365256,1733200
2011-04-06,34.73107147216797,34.76960102814005,34.36118244352588,34.42282914515788,2337300
2011-04-07,34.54612350463867,34.646299747967085,34.384294689230714,34.515298688407036,2522000
2011-04-08,34.47675704956055,34.77729155340384,34.24557394849779,34.70793721100806,1422600
2011-04-11,33.952762603759766,34.523007066146164,33.92193778427494,34.45365269211359,3025500
2011-04-12,33.7061653137207,34.09146668569475,33.61369086792328,33.85257877680902,2783400
2011-04-13,33.798641204833984,34.122292988266004,33.713874421663725,33.752403975936595,2392100
2011-04-14,33.952762603759766,34.02211697779234,33.59828305891741,33.67534510762948,2261100
2011-04-15,34.56922912597656,34.65399587255487,34.04521918314274,34.083748720783255,3192600
2011-04-18,34.40742111206055,34.71566051233269,34.30724191065411,34.692543365706904,2392700
2011-04-19,34.47675704956055,34.53840372079277,34.30722355934526,34.51528658653259,1461000
2011-04-20,34.777313232421875,35.22426143121765,34.74648840778298,35.031610686650126,2213700
2011-04-21,34.815826416015625,34.89288550174714,34.57693854686282,34.777296873149865,1729200
2011-04-25,34.962249755859375,35.224254837006825,34.754186637923176,34.81583627565976,2082800
2011-04-26,35.44002151489258,35.46313865655164,34.977658104397996,34.977658104397996,3191400
2011-04-27,35.601844787597656,35.67119914712971,35.31672261601741,35.44772366201354,6087200
2011-04-28,35.6480827331543,35.78679146648152,35.40919775657007,35.59414077459552,1572200
2011-04-29,35.509368896484375,35.809903437416125,35.42460214091581,35.809903437416125,1200000
2011-05-02,35.49397277832031,35.83303701655898,35.44003080722818,35.69432825100294,2350100
2011-05-03,35.524803161621094,35.994871541848326,35.33215237887994,35.33215237887994,5154900
2011-05-04,35.1009521484375,35.14718936837174,34.02981487336351,34.076052093297754,5674400
2011-05-05,35.37837600708008,35.99485768663079,34.815836290764025,34.97766218046799,5747600
2011-05-06,35.262786865234375,35.84073903129642,35.15490293124147,35.62497116331061,2765500
2011-05-09,35.19342041015625,35.30130724674162,35.02388983189639,35.21654048780383,1618100
2011-05-10,35.61725997924805,35.69431907825785,35.23966333902117,35.26278048080087,2711400
2011-05-11,35.470848083496094,35.67891120480378,35.332139335957635,35.501672902863874,1828000
2011-05-12,35.84843826293945,35.89467548359614,35.37066540795123,35.41689968899187,1500000
2011-05-13,35.463138580322266,35.956323865430086,35.32442985143367,35.91008664259517,2457000
2011-05-16,35.131778717041016,35.5170800835628,35.1009539022114,35.45543045390357,3722700
2011-05-17,35.29360580444336,35.42460980218578,35.108662788310376,35.108662788310376,2668100
2011-05-18,34.962249755859375,35.35525884738881,34.85436582943687,35.35525884738881,2340000
2011-05-19,34.74647521972656,35.047009796844996,34.677120860421084,34.99306784400917,3281000
2011-05-20,34.507591247558594,34.723362023020805,34.44594455429531,34.723362023020805,3257000
2011-05-23,33.266910552978516,34.22245900497665,33.174439070403025,33.97586642503173,5768900
2011-05-24,33.11280059814453,33.305451282677154,32.98179660406194,33.274626467644055,3464900
2011-05-25,32.920162200927734,33.17445967082588,32.82768772131272,33.03575089102062,3491000
2011-05-26,33.051151275634766,33.1898600049583,32.8276757739895,32.858500589309436,4417200
2011-05-27,33.212974548339844,33.29774131403015,33.04344395657519,33.159032595558,2550700
2011-05-31,33.428749084472656,33.45957096125536,33.22839071749549,33.343982309183566,2997800
2011-06-01,33.228389739990234,33.474982384695394,33.18215545636814,33.36709847008891,2532000
2011-06-02,32.95867919921875,33.1744470234939,32.86620769447457,33.1744470234939,3269800
2011-06-03,32.63503646850586,32.87392446111869,32.59650690572759,32.67356897090134,2678600
2011-06-06,32.54255294799805,32.71979122321411,32.388431814013956,32.61961498479816,1570000
2011-06-07,32.411556243896484,32.758325167370536,32.388436159946096,32.59649927780044,2245700
2011-06-08,32.303672790527344,32.53485601675475,32.280555643751335,32.44238155041705,3187500
2011-06-09,32.33448791503906,32.46549189991898,32.11101243117188,32.280545962328496,2989600
2011-06-10,32.018531799316406,32.35759876491522,31.980002264029757,32.31136155880216,2159000
2011-06-13,32.141845703125,32.28826213297263,31.94149024598708,32.12643329263489,2086100
2011-06-14,32.3267822265625,32.39613658365792,31.941480895947013,32.29595741460545,2820300
2011-06-15,31.949190139770508,32.32678679051442,31.910660589192464,32.211195199164,2653100
2011-06-16,32.28055953979492,32.49632744139093,31.956907687400903,32.010849662799906,2337100
2011-06-17,32.50402069091797,32.71208376351664,32.41154919407941,32.50402069091797,3178200
2011-06-20,32.63503646850586,32.71980327038839,32.29597220059296,32.35762185273197,2051300
2011-06-21,32.51944351196289,32.74291906220959,32.45008913221794,32.735211386895244,4740900
2011-06-22,32.31136703491211,32.488605278961025,32.234307951278886,32.457780469661486,2045100
2011-06-23,31.972320556640625,32.157263635043314,31.733432562451817,32.05708441946514,2357300
2011-06-24,32.218894958496094,32.6658429267182,32.16495301301438,32.180362477767254,4038800
2011-06-27,32.09561538696289,32.51173876327413,31.941494202587535,32.28055845651964,2176700
2011-06-28,32.247535705566406,32.411148971440525,32.09171227384044,32.247535705566406,2931000
2011-06-29,32.34882354736328,32.465688899916906,32.224165388055106,32.372196023457015,1743900
2011-06-30,32.74617004394531,32.77733532635824,32.26312005488455,32.457898611838,2851400
2011-07-01,33.23701477050781,33.26818005473124,32.831874991858456,32.831874991858456,1968900
2011-07-05,32.83186340332031,33.205837765745926,32.81628076670874,33.151300023647444,1909200
2011-07-06,33.19805145263672,33.221423923989654,32.6994189165451,32.847449521920936,2762100
2011-07-07,33.13571548461914,33.455152086606496,32.95651963200027,33.346076608671865,1702600
2011-07-08,33.05781173706055,33.06560157039908,32.769540350183654,32.979901515337424,1446800
2011-07-11,32.85524368286133,32.91757424412544,32.62930282849079,32.82408137431402,1522600
2011-07-12,33.14350509643555,33.29932846651346,32.72278288885027,32.73836552306642,2827600
2011-07-13,33.05781173706055,33.307128013075875,33.00327398743747,33.22921779135275,1937600
2011-07-14,32.715003967285156,33.15909878824556,32.68383868846014,33.073395757519066,1839000
2011-07-15,32.863037109375,32.87861974998516,32.55139024134138,32.87861974998516,1793400
2011-07-18,32.44232177734375,32.87862689296241,32.41115648935268,32.85525144092638,2001400
2011-07-19,32.652671813964844,32.668254452615855,32.2553249306595,32.574761592794204,1619100
2011-07-20,33.034446716308594,33.13572943297739,32.566976364272506,32.7227998149512,1827700
2011-07-21,33.72785186767578,33.76680698029787,33.1513060957812,33.29933968466358,2628700
2011-07-22,33.31491470336914,33.743429798672054,33.22921465639272,33.665516612215086,1416700
2011-07-25,33.470733642578125,33.55643665021457,33.0889694821224,33.11234194890188,1682700
2011-07-26,33.11235427856445,33.51749402874061,33.065606355514745,33.46295627122505,1571600
2011-07-27,32.8162841796875,33.24479632877797,32.761746431916954,33.088975890624596,2279200
2011-07-28,32.75395584106445,33.01885474071471,32.70720792744937,32.839658863316636,1174300
2011-07-29,32.27870559692383,32.60593217541215,32.200795355974755,32.55918721967678,1974200
2011-08-01,32.341026306152344,32.63709050844612,32.10729266100864,32.49684972694299,1698500
2011-08-02,31.34375762939453,32.2163645263775,31.3359677966726,32.05275129045898,2654500
2011-08-03,31.538536071777344,31.600866621754104,31.110023942981858,31.335967728521293,2956700
2011-08-04,31.670991897583008,31.84239499233234,31.219104256687793,31.3437624038167,5935500
2011-08-05,32.691627502441406,32.97990186445435,31.670989915475815,32.23195005640627,7082000
2011-08-08,30.884090423583984,32.7228006499228,30.650356727644432,32.2241679726957,8202500
2011-08-09,31.102243423461914,31.265859695736612,29.2713258899101,31.11782606711119,6912100
2011-08-10,30.54906463623047,31.172355352183985,30.15171773358653,30.658140140011763,6289600
2011-08-11,31.164573669433594,31.484010430661872,30.4633695730372,30.549072626161795,5729000
2011-08-12,31.05548667907715,31.554119198281953,30.80617041947475,31.273637663208188,3130500
2011-08-15,31.764484405517578,31.834604798239525,31.125611037199697,31.14898351074547,3662700
2011-08-16,31.632036209106445,31.694366773437125,31.14119638938435,31.15677903046702,3401400
2011-08-17,32.138465881347656,32.185213810762136,31.678788311070424,31.70216078973502,3872200
2011-08-18,32.17742156982422,32.247541979138184,31.421682682868543,31.717743991451645,5640600
2011-08-19,32.09170913696289,32.38777333109427,31.943678525939433,32.09950194243408,3699200
2011-08-22,31.94367027282715,32.52800570464716,31.881339733499505,32.457885333945406,2752600
2011-08-23,32.395565032958984,32.395565032958984,31.702151001784284,32.02938046248389,2409800
2011-08-24,32.97991180419922,33.08898733747406,32.31766282461068,32.32545563246481,3002100
2011-08-25,32.302066802978516,33.03443588951425,32.20857395204694,33.03443588951425,2252900
2011-08-26,32.0138053894043,32.38777988137541,31.452842165405094,32.12288091138524,2852600
2011-08-29,32.839656829833984,32.85523649465669,32.309859063339374,32.31764889575072,1611300
2011-08-30,32.66825485229492,32.901988490750874,32.59813446354969,32.87082321306756,2345700
2011-08-31,32.995479583740234,33.096765244741654,32.769538762853784,32.78512140086049,3355300
2011-09-01,32.792903900146484,33.14350574667935,32.70720089631805,32.972099739022475,1967100
2011-09-02,32.20858383178711,32.465689993735346,32.193001189837965,32.37998992114264,2002800
2011-09-06,31.64761734008789,31.741113182122653,31.390511204704172,31.54633463601069,2750700
2011-09-07,32.247535705566406,32.247535705566406,31.819023497383576,31.982636763257695,2806600
2011-09-08,32.45790100097656,32.69942749932751,32.01380609620088,32.083926500748895,2750500
2011-09-09,31.67878532409668,32.239748535836426,31.476216926571215,32.239748535836426,3124000
2011-09-12,31.608671188354492,31.647626314206196,31.18015885981458,31.561923254081094,2232600
2011-09-13,31.616456985473633,31.670994743988775,31.203524421178336,31.57749889617573,2070500
2011-09-14,31.850177764892578,32.1306592505966,31.49178310422425,31.65539928560742,1956700
2011-09-15,32.35660934448242,32.45010518136059,31.990427719005638,32.04496547114228,2393700
2011-09-16,33.15130615234375,33.24479901721321,32.44231240190746,32.48126751459602,4075500
2011-09-19,32.88640594482422,33.050019194997205,32.69942022236495,32.86303347253793,2093000
2011-09-20,33.470733642578125,33.8758732418971,33.05001140804492,33.05001140804492,1986500
2011-09-21,33.042232513427734,33.836929339895335,33.01106723268357,33.54865792322373,2961800
2011-09-22,33.11235427856445,33.19026451156242,32.41115029324325,32.47348085730953,5285200
2011-09-23,33.54085159301758,33.84470552754459,32.808485623334946,32.99547128823608,4832200
2011-09-26,33.626556396484375,33.852500144757975,33.32270244567409,33.78237977364147,3758700
2011-09-27,33.751216888427734,34.14077387280209,33.5953935002612,33.94599538061491,2372200
2011-09-28,33.08119201660156,34.055084878409794,33.034447061369264,33.7044828537418,3051000
2011-09-29,33.68366241455078,33.778167990151715,33.31351132071985,33.45527118626028,2253000
2011-09-30,33.313507080078125,33.746660834412026,33.28988144025484,33.510395423346054,2361500
2011-10-03,32.61259460449219,33.57341096224118,32.58896895775363,33.203259807184715,2379600
2011-10-04,32.61259460449219,32.62834603707742,31.754161056407906,32.423580417748006,3300000
2011-10-05,32.596839904785156,32.7937282859489,32.10855756069699,32.68347127318173,2076000
2011-10-06,33.856929779052734,34.03806674222271,32.75435356361633,33.19538465064659,7302300
2011-10-07,33.841182708740234,34.10107386181967,33.431654433201565,34.014442476033565,3798900
2011-10-10,34.05381393432617,34.3058308085996,33.833296916128326,34.14831951110918,3103200
2011-10-11,33.282012939453125,33.95143528442758,33.163881705124794,33.888429556029685,3223300
2011-10-12,32.93548583984375,33.48677386910993,32.91973440994722,33.36863964702501,3108600
2011-10-13,33.289878845214844,33.368632974671826,32.596831089739005,32.75434235293044,3397400
2011-10-14,33.47102355957031,33.55765492476194,33.27413518569048,33.55765492476194,2457100
2011-10-17,33.305641174316406,33.60490936763815,33.25051266479512,33.408020975268265,2214600
2011-10-18,33.872676849365234,34.01443672864786,33.16388045723049,33.38439448976863,3355700
2011-10-19,33.34502410888672,34.06169786282352,33.30564702435196,33.88843508573584,3682100
2011-10-20,33.56553649902344,33.738799267404595,33.32927099940838,33.526159416467394,2311100
2011-10-21,33.86480712890625,33.998689808059744,33.71517301615609,33.833304261712925,2052200
2011-10-24,33.52615737915039,33.73092300284472,33.45527743314522,33.69942013700272,2149400
2011-10-25,33.25050735473633,33.66003550597804,33.195378854018976,33.45526992821819,2519700
2011-10-26,33.321388244628906,33.589156543373655,33.234756882641186,33.47102232170348,3312200
2011-10-27,33.990814208984375,34.2349569133708,33.61278883089738,33.715171642966354,4716000
2011-10-28,33.817543029785156,34.10106274382027,33.62853188994701,33.98293153249091,3305400
2011-10-31,33.786041259765625,34.17981795041894,33.66790705085854,33.69153269092886,2423200
2011-11-01,32.903987884521484,33.37652183901617,32.77797943084527,33.17963344237968,2629700
2011-11-02,33.3528938293457,33.57341088072493,33.18750829402021,33.25051402420815,2298400
2011-11-03,32.17942810058594,32.53382768403945,31.25011497254223,32.392067850658044,8758200
2011-11-04,32.17942810058594,32.218805164463575,31.51788321289851,31.895908433823127,3606800
2011-11-07,31.762035369873047,32.132183486797054,31.407635679815332,32.03767790420776,3980300
2011-11-08,31.91954231262207,31.951045173568886,31.549394211470638,31.793533873113,2401800
2011-11-09,31.510021209716797,31.769915364478166,31.470644126829004,31.549401296883442,4601900
2011-11-10,31.573022842407227,31.72265693964535,31.447014390975525,31.588774274370994,3445700
2011-11-11,31.76990509033203,31.93529058754366,31.667522304510502,31.699025162344494,1546700
2011-11-14,31.517894744873047,31.80141451537194,31.470640448363735,31.580897469273637,2826500
2011-11-15,31.431270599365234,31.588781953012536,31.17925363524123,31.53365342987786,2670200
2011-11-16,30.635833740234375,31.321004475090817,30.62795652248157,31.108364659939856,5507200
2011-11-17,30.501949310302734,30.935103171593934,30.391692291531715,30.667334838459265,3448600
2011-11-18,30.714588165283203,30.816970967032084,30.50194834824092,30.651582439813634,2668500
2011-11-21,30.116052627563477,30.462575148912766,29.950664079296136,30.462575148912766,2612800
2011-11-22,29.54901123046875,30.123924994024282,29.47025406844012,30.05304505033779,2797100
2011-11-23,29.029220581054688,29.454500164105276,29.013469151577485,29.43087151775048,2743900
2011-11-25,29.304866790771484,29.541132254240978,29.029224250770135,29.068601327301987,1080600
2011-11-28,29.966411590576172,30.01366588450759,29.63564054589123,29.86402878919726,3956100
2011-11-29,29.93490982055664,30.257806663510998,29.84828145160467,30.06879548944322,2487900
2011-11-30,30.588579177856445,30.706713408884262,30.068793969034985,30.5098250266901,5718900
2011-12-01,30.33655548095703,30.580698101628272,30.297178414210734,30.501940963858058,3137200
2011-12-02,29.950658798217773,30.478321208165895,29.840401788333203,30.375938411439567,3015300
2011-12-05,30.399553298950195,30.50981327409979,30.218416417620137,30.24991926766288,2812200
2011-12-06,30.40743064880371,30.65157022702767,30.31292510253241,30.486184769983605,2392400
2011-12-07,30.21055793762207,30.368069265573418,30.013669528752562,30.352317832350412,3401100
2011-12-08,29.848291397094727,30.163311126932154,29.79316286926619,30.13180825266458,9702900
2011-12-09,30.116052627563477,30.155429708854278,29.793155754132922,29.927038431377397,9294800
2011-12-12,30.005779266357422,30.108162035661362,29.808890943076133,30.053033545484794,10819500
2011-12-13,30.352325439453125,30.6909738279253,30.05305414176806,30.05305414176806,3642300
2011-12-14,30.40743064880371,30.8090814736646,30.273545037665315,30.368053588213765,4146700
2011-12-15,31.15561866760254,31.250124249820377,30.60433059682161,30.706713396719937,3949700
2011-12-16,31.48638343811035,31.699023208969557,31.18711231568506,31.320997951090202,9067200
2011-12-19,31.06110191345215,31.628141266210257,30.887842225658563,31.510007066293152,3590700
2011-12-20,31.79353141784668,31.84078570561767,31.26587205698803,31.32100055724855,3470800
2011-12-21,32.336952209472656,32.41570636852092,31.80141551596442,31.86441824234731,3301000
2011-12-22,32.25032424926758,32.518092624395024,32.17944429690211,32.49446397075393,3345200
2011-12-23,32.36058044433594,32.76223149444945,32.28182627898939,32.39995752700921,2231800
2011-12-27,32.848854064941406,32.91973399644643,32.34482033169591,32.407826050490605,1800300
2011-12-28,32.52638244628906,32.83691840353917,32.34324772529294,32.741367476348685,1618200
2011-12-29,33.004119873046875,33.02004502367168,32.606000219662505,32.629886426893755,1674300
2011-12-30,32.820987701416016,33.10763435971151,32.79709845494997,33.04393375235156,1649100
2012-01-03,32.50248336791992,33.05985140626059,32.34323492304952,32.98022566511967,3242100
2012-01-04,32.52638244628906,32.6537806451304,32.43879865248343,32.52638244628906,2084300
2012-01-05,32.68563461303711,32.71748492566594,32.16808070117704,32.5821226156999,2546600
2012-01-06,32.69359588623047,32.789143778451724,32.45472159955823,32.61397011153548,2709100
2012-01-09,32.68563461303711,32.70952386621523,32.43083818683243,32.64582324095757,1682900
2012-01-10,32.74932861328125,33.09171181124644,32.701553154002724,32.90857710679731,1967800
2012-01-11,33.16337203979492,33.25095582187959,32.613964912918725,32.72543794231035,3349900
2012-01-12,33.370399475097656,33.378360534149394,33.004130010461054,33.2111509573474,2579500
2012-01-13,32.868770599365234,33.075794601880226,32.39898910124349,33.05190534779736,3874500
2012-01-17,33.23503494262695,33.657040865989636,33.14744811987341,33.2031846366416,1644300
2012-01-18,32.99616622924805,33.28281295645462,32.89265727352235,33.107642318927276,2082600
2012-01-19,32.80506134033203,33.01208223179649,32.60600150578804,32.996157080543526,2575400
2012-01-20,32.1362190246582,32.45471292608293,31.817722085821558,32.39101536076275,6081300
2012-01-23,32.359161376953125,32.55822118172022,32.255649427998996,32.255649427998996,2763600
2012-01-24,31.976972579956055,32.24769408388516,31.857535460976823,32.19991862881104,2901300
2012-01-25,32.717472076416016,32.78913373298045,31.730134034573947,31.897346591498838,3127300
2012-01-26,32.85283279418945,32.948383698907875,32.62192570131645,32.717473568622935,1977000
2012-01-27,32.51045608520508,32.84487517447825,32.446755475393665,32.83691411695795,1618800
2012-01-30,32.168067932128906,32.470636669759806,32.00881946961108,32.422864257192714,2476900
2012-01-31,32.37510299682617,32.45472574427687,32.176043090786315,32.27159099520977,2636900
2012-02-01,32.77322006225586,32.828956588282814,32.46268712084485,32.478612276482956,2459700
2012-02-02,32.70155715942383,32.78117989722819,32.47064696741334,32.77321883841285,2760700
2012-02-03,32.972267150878906,32.996153356356366,32.63784812454775,32.86079414210185,2508000
2012-02-06,32.7652473449707,32.98022927606053,32.66969644513991,32.828944907446115,2306700
2012-02-07,32.86079788208008,32.908573335884135,32.590076385347814,32.701549406811914,1421400
2012-02-08,33.22706985473633,33.26688121732244,32.73340227636154,32.94042318425669,2331600
2012-02-09,32.86079788208008,33.19521694647239,32.70951350115194,33.187255889544396,2396600
2012-02-10,32.8369140625,32.99615951193993,32.613964965942046,32.725437995514895,2402300
2012-02-13,32.908573150634766,33.06781858759447,32.813022243564525,33.00412102029299,2357600
2012-02-14,33.07577896118164,33.155401670704705,32.661734189356046,32.74135689887911,2477800
2012-02-15,33.004119873046875,33.18725454911426,32.91653306331641,33.05985638152774,3213000
2012-02-16,33.68092727661133,33.93572365118123,32.75728965944237,32.996160880925096,5594700
2012-02-17,33.71277618408203,33.98349770050717,33.434093610149795,33.919797090801374,3477800
2012-02-21,33.68092727661133,33.93572365118123,33.609265606425275,33.72870273587283,3363900
2012-02-22,33.370399475097656,33.65704619956555,33.338549164065036,33.362438416045926,3879100
2012-02-23,33.17133331298828,33.44205483073357,33.17133331298828,33.34650695312119,4375500
2012-02-24,33.24299621582031,33.36243334533312,33.075786664432286,33.314657886045524,1807800
2012-02-27,33.123565673828125,33.37836209921042,33.043942929926025,33.08375430187708,4721000
2012-02-28,33.17928695678711,33.362424650956996,33.08373910052443,33.21910134785718,1576500
2012-02-29,33.187255859375,33.39427675084699,33.051893592425905,33.26687857823068,3160200
2012-03-01,33.402252197265625,33.537611472805885,33.059868922482195,33.29874019764404,2223600
2012-03-02,33.50575637817383,33.63315456435876,33.28280727429093,33.3942803075262,2302100
2012-03-05,33.402252197265625,33.47391388355548,33.23504260839364,33.29077913801763,2014800
2012-03-06,33.32262420654297,33.39428588808574,33.091717043716585,33.19522599906836,1835900
2012-03-07,33.44205856323242,33.44205856323242,32.83691788759738,33.35447173339032,2648400
2012-03-08,33.657047271728516,33.728708955128305,33.505762845623586,33.54557421697615,1838100
2012-03-09,34.11089324951172,34.118854306404316,33.52167480486343,33.6809232794234,2372400
2012-03-12,34.445308685302734,34.453272778768714,34.01534179790223,34.0870034520376,2560600
2012-03-13,34.64436721801758,34.73991811160842,34.38957090993183,34.516969063974706,2545200
2012-03-14,34.30995178222656,34.80361930097037,34.22236497266952,34.58863432407905,3005700
2012-03-15,34.43736267089844,34.5727219448258,34.10294349713929,34.5090243563344,5260800
2012-03-16,34.46919631958008,34.548819026053664,34.222361069653466,34.29402272044432,4668700
2012-03-19,34.35774612426758,34.79567737542023,34.32589580556939,34.48514436164678,2539100
2012-03-20,34.787689208984375,34.82750359851809,34.174584666584984,34.2303242044499,2936500
2012-03-21,34.73196029663086,34.87528362551285,34.53290045511833,34.73196029663086,2759200
2012-03-22,34.50104904174805,34.676219615782635,34.23032756833631,34.60455795995565,11245900
2012-03-23,34.54883575439453,34.70808428186045,34.41347648036696,34.46921300936808,9672500
2012-03-26,34.71604537963867,34.87529390728001,34.48513820384241,34.787707065206625,10123000
2012-03-27,34.81158447265625,35.002680210867574,34.7160335661386,34.75584796256028,3139900
2012-03-28,34.4857292175293,34.84780584462723,34.31676114800239,34.76734266674081,2571200
2012-03-29,34.5903205871582,34.61445799940729,34.17996616279018,34.35698203756506,1736600
2012-03-30,34.928245544433594,34.94433817060789,34.49375384579144,34.702954916702666,3414800
2012-04-02,34.992645263671875,35.1616133755376,34.775399232977165,34.94436734484289,2247800
2012-04-03,34.7512321472168,35.00066326626597,34.4696188429313,34.89606272352214,2895600
2012-04-04,34.82365036010742,34.960436168930634,34.566174440463215,34.6627302123461,2570500
2012-04-05,34.50182342529297,34.77539210386007,34.33285227870996,34.727114194928276,2709100
2012-04-09,34.23627853393555,34.36501647611198,34.17191109752465,34.20409328105277,1844300
2012-04-10,33.82593536376953,34.21214928234079,33.69719739091245,34.11559657003682,1940900
2012-04-11,33.946632385253906,34.115603502817436,33.86617228687585,34.115603502817436,2677300
2012-04-12,34.3167610168457,34.34894321852088,33.8742212135527,33.99491444524286,1912700
2012-04-13,34.00294494628906,34.43743671464926,33.97880753783186,34.26846871673866,5064000
2012-04-16,34.606407165527344,34.63859242532169,34.01903998637935,34.22824110568731,2303300
2012-04-17,34.66273880004883,34.78342894077084,34.25238434126884,34.78342894077084,2464600
2012-04-18,34.51790237426758,34.839745764789825,34.48571711440876,34.52594715455462,1952700
2012-04-19,34.429386138916016,34.63053936047638,34.244325543403036,34.50180142145193,1474900
2012-04-20,34.759281158447266,34.80755597259425,34.35697467066282,34.461575216906155,1685500
2012-04-23,34.6707763671875,34.735143814974116,34.4535304758667,34.58226844079512,1498400
2012-04-24,34.984580993652344,35.04895152188693,34.63055229642931,34.67078234189806,1634400
2012-04-25,35.03286361694336,35.12137157053076,34.81561765887142,35.0730936678405,1672300
2012-04-26,35.12136459350586,35.20986946015521,34.879978197363265,35.04894928853419,1196600
2012-04-27,35.306427001953125,35.36274967869221,35.03285839949655,35.193781648474946,1417200
2012-04-30,35.54780197143555,35.57193937882495,35.121358070996266,35.27423343338743,1660500
2012-05-01,35.55585479736328,35.66850321916868,35.394934619209735,35.57999527957084,2156500
2012-05-02,35.49148941040039,35.83747333845397,35.37079620038884,35.50758204302566,2326200
2012-05-03,35.70068359375,36.15931283069664,35.684590962883654,35.78919152883716,3008900
2012-05-04,35.748958587646484,35.92597444346748,35.52366791249631,35.65240587963287,1402000
2012-05-07,35.65241622924805,35.77310638196165,35.507585590506814,35.64436837745345,1690900
2012-05-08,35.748958587646484,35.797236476330916,35.41906735502434,35.55585010226402,1853200
2012-05-09,35.49148941040039,35.7650580263182,35.43516673088989,35.50758204302566,2374600
2012-05-10,35.62022018432617,35.95011141290867,35.563897516228316,35.7730955592553,2296400
2012-05-11,35.54780197143555,35.81332266078389,35.49147930795696,35.52366456404614,2516800
2012-05-14,35.46734619140625,35.70872950256773,35.26619292054579,35.298375111173414,1667700
2012-05-15,35.209869384765625,35.612175951667844,35.18573197294526,35.34665521357725,2119200
2012-05-16,35.266197204589844,35.402979972100404,35.177689263562684,35.322519881724276,2147200
2012-05-17,35.040889739990234,35.370780892648504,34.94433705538049,35.33055086317398,2524900
2012-05-18,34.952392578125,35.411021807700024,34.8880251250497,35.008715250574184,2486000
2012-05-21,35.11331558227539,35.12940821277649,34.79951696089253,35.04090027969816,1666300
2012-05-22,35.5075798034668,35.52367243507705,35.048950545319194,35.10527322127728,2132400
2012-05-23,35.443214416503906,35.70873827254225,35.217923680003075,35.443214416503906,2224700
2012-05-24,35.290340423583984,35.596094342154316,35.00067913960748,35.41103057900339,2645100
2012-05-25,35.19377517700195,35.53171117529641,35.0972194037563,35.419065842531595,1679600
2012-05-29,35.282291412353516,35.32252453219427,35.04090804008953,35.201831311384225,1793800
2012-05-30,34.92020797729492,35.33860406680995,34.92020797729492,35.1133133925549,1593700
2012-05-31,35.161590576171875,35.27423591104123,34.839744131383576,34.88802201890837,2487700
2012-06-01,35.08918380737305,35.25010706887677,34.89607527969739,34.952397960820306,2146100
2012-06-04,35.24204635620117,35.2661868316981,35.04089312007062,35.14549366227785,2340400
2012-06-05,34.90412902832031,35.16964984571133,34.83171370187613,35.16964984571133,2950900
2012-06-06,35.748958587646484,35.748958587646484,34.912160266581196,35.024805604156285,2027500
2012-06-07,35.89379119873047,36.01448132318189,35.67654529149141,35.86160593780125,3345400
2012-06-08,36.28001022338867,36.304147637802,35.821380933400434,35.821380933400434,2089900
2012-06-11,36.25586700439453,36.65817355010499,36.239774374243474,36.40069760639873,1658000
2012-06-12,36.13516616821289,36.32022677176579,35.80527499329604,35.80527499329604,1701700
2012-06-13,36.207584381103516,36.352414964176326,35.934015843005426,36.08689120542452,1510400
2012-06-14,36.400691986083984,36.42482939290605,36.20758352344281,36.26390618559755,1812200
2012-06-15,36.432884216308594,36.650130145664754,36.33633149304666,36.47311733124382,3924100
2012-06-18,36.360469818115234,36.561623120411554,36.328287622458234,36.43288512971614,2197300
2012-06-19,36.304134368896484,36.545517632873384,36.223674304022424,36.47310541609957,1572600
2012-06-20,35.93402099609375,36.40069806833068,35.79723824210697,36.35242017726484,2400400
2012-06-21,35.43516159057617,36.263912099743685,35.41102111046224,36.05471404467372,9220900
2012-06-22,35.27424621582031,35.64436758690299,35.15355299642741,35.580000120754555,6385700
2012-06-25,35.3144645690918,35.402972491417145,35.07308127961223,35.18572661007903,5448500
2012-06-26,35.765052795410156,35.837468096954645,35.37883887695803,35.39493150722962,2898200
2012-06-27,36.360469818115234,36.43288512971614,35.805287808745476,35.89379575285279,2341400
2012-06-28,36.510833740234375,36.510833740234375,36.06379608395379,36.356403451868054,1690100
2012-06-29,36.79531478881836,36.966001387899446,36.535220037673646,36.86033692631753,2093900
2012-07-02,36.998504638671875,37.234216416142374,36.779049166603464,37.0228875464884,3792700
2012-07-03,36.77092361450195,37.09604043011066,36.68151548252323,36.81156282888138,1216800
2012-07-05,36.608367919921875,36.83595002741014,36.583981907995515,36.738415281425695,1167800
2012-07-06,36.58397674560547,36.673384875380464,36.30762575383422,36.41329018907497,2024500
2012-07-09,36.649017333984375,36.69778627082988,36.372666226342254,36.49458701816875,1783000
2012-07-10,36.51896286010742,36.8034405184806,36.49457994669656,36.6408836283096,1404700
2012-07-11,36.917232513427734,37.0147703706804,36.55147640073929,36.61649853833372,2319300
2012-07-12,36.860347747802734,36.98226855469653,36.73030033405097,36.80345219807227,1171400
2012-07-13,36.87660217285156,37.19359253384567,36.803450312577944,36.86847556640994,2596600
2012-07-16,36.42142105102539,36.82781939888099,36.38077873578116,36.81968969560281,2198000
2012-07-17,36.5677375793457,36.74655080697022,36.348282022167304,36.52709524979182,2083300
2012-07-18,36.77906036376953,36.84408560517445,36.38078851159984,36.54334851453796,1437400
2012-07-19,36.8196907043457,36.94973805519945,36.51082708335303,36.714026262847845,1756900
2012-07-20,36.965999603271484,37.07979066383199,36.72216117341699,36.795313012430725,1620800
2012-07-23,36.49457931518555,36.86846511702732,36.42142747564486,36.70590512909537,1109200
2012-07-24,36.120704650878906,36.76281515100248,35.90124904575154,36.462081070157616,1454500
2012-07-25,36.49457931518555,36.53521853702507,36.02315566024028,36.25073778300068,2838200
2012-07-26,37.120426177978516,37.185451406418046,36.79530933750151,36.82782195172127,1704500
2012-07-27,37.47807312011719,37.59999081938206,37.14482644787363,37.274873854101,2560500
2012-07-30,37.795047760009766,37.82756037318826,37.23421913526122,37.48618413596095,1166100
2012-07-31,37.518707275390625,37.827570986094265,37.518707275390625,37.76254574149379,1901900
2012-08-01,37.33989334106445,38.22584220166614,37.31551042306723,37.656886777900894,1688300
2012-08-02,37.177330017089844,37.32363060044964,36.746545569696394,37.209839535295366,1469100
2012-08-03,37.795047760009766,37.819430669606916,37.29924126104477,37.55120936231794,1919500
2012-08-06,37.80317687988281,38.10391392094624,37.63249030019189,37.96573685602479,1701100
2012-08-07,37.2098388671875,38.136426781748426,37.20171226292553,37.82756621061073,3807000
2012-08-08,36.6815299987793,37.40491884295438,36.4783307458953,37.209846195932954,4573400
2012-08-09,36.892852783203125,36.892852783203125,36.494584017060426,36.58398907639655,2653100
2012-08-10,36.77092361450195,36.9009709608601,36.57585104467808,36.673385779303366,2013400
2012-08-13,36.73028564453125,36.84407979905747,36.62462429476028,36.77905456789963,1424000
2012-08-14,36.80344009399414,36.88472163871608,36.62462689675367,36.73028825403134,1701700
2012-08-15,36.502708435058594,36.86846765796982,36.486452125087645,36.75467658874724,2041500
2012-08-16,36.006900787353516,36.61649844097882,35.99064447785463,36.43768523763906,2784000
2012-08-17,36.226356506347656,36.30763495369802,35.92562253046248,36.09630913024266,2892100
2012-08-20,36.486446380615234,36.486446380615234,36.104430907878054,36.13694352270114,2036500
2012-08-21,36.03129196166992,36.48645629052359,36.015035649843085,36.46207337307056,3395900
2012-08-22,35.99064636230469,36.14507976034317,35.89311160077849,36.01503237811686,1110000
2012-08-23,35.59238052368164,36.047544848438115,35.55174129476759,36.047544848438115,1056000
2012-08-24,35.8199577331543,35.852470352019715,35.47858453678938,35.51922376008415,1134900
2012-08-27,35.74679946899414,35.85246391103688,35.65739133346362,35.779312082018585,1513500
2012-08-28,35.779319763183594,35.8687279179084,35.49483898900701,35.73868053846525,1555300
2012-08-29,35.66552734375,35.77931840888384,35.535479969229335,35.73867918570375,1437700
2012-08-30,35.405433654785156,35.60050317211975,35.39730394956134,35.53548103319958,1596400
2012-08-31,35.283504486083984,35.543599181029,35.12907422988955,35.52734287502327,2067600
2012-09-04,35.30789566040039,35.38917720945709,35.12095274843107,35.31602536559309,1857200
2012-09-05,34.93400573730469,35.486707803739925,34.9096228257358,35.42981227636339,2141700
2012-09-06,35.10469436645508,35.2672543543988,35.07218484932544,35.15346329301036,2827900
2012-09-07,35.332275390625,35.454193041662684,35.17784202517436,35.32414568687838,1620500
2012-09-10,35.31602478027344,35.494837984086445,35.23474323256388,35.494837984086445,999000
2012-09-11,35.21036148071289,35.437943620663354,35.20223487596071,35.29163993053117,901500
2012-09-12,35.0234260559082,35.283520871640434,34.982786822307816,35.21849871799477,893200
2012-09-13,35.2184944152832,35.2184944152832,34.82834913877488,34.93401361368649,2901900
2012-09-14,35.153465270996094,35.30789556291636,34.90962682564735,35.25100002902078,2329200
2012-09-17,34.5682487487793,35.29163744312851,34.5682487487793,35.177846381173424,5831700
2012-09-18,34.59264373779297,34.63328297038196,34.23501104963057,34.568257717779815,2596700
2012-09-19,34.57638168334961,34.81209353403117,34.51948614705739,34.60889430425207,1456200
2012-09-20,34.66579055786133,34.714556389649914,34.50323055055946,34.54386977724136,1220100
2012-09-21,34.61702346801758,34.82022271281679,34.462593158176965,34.75519746620533,3168400
2012-09-24,34.795833587646484,34.83647280924094,34.600760983189694,34.625143896031595,1770600
2012-09-25,34.66579055786133,34.95026824520891,34.633277936286106,34.8689897918451,1297100
2012-09-26,34.95027160644531,35.21849610937521,34.69830341586643,34.73894574703123,2412900
2012-09-27,34.839359283447266,35.06116175900888,34.71613464133543,35.06116175900888,2014000
2012-09-28,35.052947998046875,35.12688216265567,34.609346144127215,34.80650182726193,3055700
2012-10-01,34.69972610473633,35.22547900827659,34.65864911298797,35.06118044248663,1894100
2012-10-02,34.7243537902832,35.044734122374244,34.60112913929447,34.773644277425305,1994300
2012-10-03,34.921512603759766,35.07759759351034,34.67506641340973,34.831151403160305,2389000
2012-10-04,35.20903778076172,35.2172512962912,34.847580422794294,35.02830910177801,3441800
2012-10-05,35.052947998046875,35.38154498158219,35.02009080667981,35.282967140014826,2034900
2012-10-08,35.71834945678711,36.2358885217825,35.06115873426343,35.06115873426343,3884700
2012-10-09,35.3651237487793,35.652646965406014,35.315836382417025,35.628000148491,2091600
2012-10-10,35.43082809448242,35.59512655205217,35.241885965083554,35.381537617091766,1447600
2012-10-11,35.38154220581055,35.759426513617015,35.37332869204642,35.5129803621664,1623600
2012-10-12,34.913291931152344,35.767641474034036,34.55183780165595,35.685490671603475,4769600
2012-10-15,35.02009201049805,35.02009201049805,34.61756084851691,34.89686735400318,2548300
2012-10-16,35.02009201049805,35.46369387966656,34.79007286062317,35.21724770041001,2683400
2012-10-17,35.677284240722656,35.69371440447041,35.15974505073496,35.200818893237695,2240500
2012-10-18,35.496551513671875,35.75121432203763,35.496551513671875,35.61155951301998,3739800
2012-10-19,35.143310546875,35.562271836368794,34.98722871114701,35.48012102777544,2220300
2012-10-22,34.88864517211914,35.14330480280284,34.77363719261909,35.0529404949864,1624400
2012-10-23,34.65043258666992,34.83116130672219,34.60114208109179,34.65043258666992,4141200
2012-10-24,34.436824798583984,34.831142361262216,34.3628937810309,34.72434789079801,2491400
2012-10-25,34.53541564941406,34.66685383004881,34.486125156526,34.55184581371008,4102600
2012-10-26,34.50254821777344,34.61755621043544,34.38754022511144,34.609342696845054,2538900
2012-10-31,34.92973327636719,35.036527786856865,34.59292271288467,34.6832870576272,2673200
2012-11-01,34.57648468017578,35.05294684350228,34.52719419414905,34.929725329034916,1757800
2012-11-02,34.50254821777344,34.86400235667298,34.46147438235597,34.748994364010976,3963500
2012-11-05,34.10002136230469,34.494339005939054,34.05894752176495,34.42040483947426,1916300
2012-11-06,34.42862319946289,34.56827803743238,34.05073879934198,34.10002616143294,1921400
2012-11-07,33.79607009887695,34.24788859780246,33.6810620955577,34.24788859780246,2443400
2012-11-08,33.61534881591797,34.03431021556097,33.60713529976568,33.82893784068249,2152200
2012-11-09,33.590694427490234,33.77142306257513,33.50033010994778,33.557834105887025,1722500
2012-11-12,33.29496383666992,33.886437197826645,33.2456764790624,33.7878593488783,1041200
2012-11-13,33.55784606933594,33.82893911860858,33.13888778760006,33.18817828757705,1802700
2012-11-14,33.179954528808594,33.57426904294379,33.08959019841097,33.51676503882407,2333800
2012-11-15,32.999229431152344,33.557842503260886,32.85136421440223,33.27032245161687,2920600
2012-11-16,33.22102355957031,33.442826029230574,32.958147254876536,33.03208141142996,3721600
2012-11-19,33.28675079345703,33.5003366581614,32.99101410868686,33.5003366581614,2582800
2012-11-20,33.040306091308594,33.58248899326953,32.96637191678058,33.40176031470472,3094500
2012-11-21,32.933502197265625,33.09780066423124,32.530971109886515,33.02386651078334,2286700
2012-11-23,32.999229431152344,33.06495009080442,32.60491487444046,32.94994207014682,1259100
2012-11-26,33.47569274902344,33.60713092649235,32.83493202557913,32.83493202557913,2109200
2012-11-27,33.303165435791016,33.64818931806127,33.26209161176816,33.54139800234823,2510300
2012-11-28,33.18817901611328,33.31961721853667,33.08138449735242,33.18817901611328,2682700
2012-11-29,33.29496383666992,33.483906019543134,33.040304132408906,33.27032015786616,3585900
2012-11-30,33.63998794555664,33.68106178440077,33.26210361421783,33.36889496846595,3268800
2012-12-03,33.31960678100586,33.67284742693947,33.048513810703476,33.62355694132096,2593700
2012-12-04,33.1470947265625,33.48390524190271,33.10602088493238,33.31139322681624,1571900
2012-12-05,33.4264030456543,33.68927940679184,33.15531316923958,33.22103069265726,3458900
2012-12-06,33.401756286621094,33.63177229797681,33.385326123848095,33.557838132364886,2122300
2012-12-07,33.492122650146484,33.57427033527003,33.36068447370882,33.37711463748019,1784600
2012-12-10,33.582489013671875,33.68106686852462,33.459264344805824,33.49212467433457,1390700
2012-12-11,33.57426452636719,33.74677964925197,33.5578343654385,33.582481173697914,2184900
2012-12-12,33.47569274902344,33.820716789729346,33.47569274902344,33.672851582093486,2609500
2012-12-13,33.327816009521484,33.54961846568424,33.22923818469333,33.467470800616205,1534100
2012-12-14,33.27853012084961,33.467475417288746,33.23745628264966,33.31960709278254,1642100
2012-12-17,33.664634704589844,33.73035535974453,33.33604083001639,33.344254345044064,2473900
2012-12-18,34.075382232666016,34.083598882110515,33.61534700951518,33.63999382411509,4157900
2012-12-19,34.10002136230469,34.19038569173202,33.94393951476041,34.091807847690006,3247700
2012-12-20,34.436824798583984,34.436824798583984,34.09180084840618,34.09180084840618,3573800
2012-12-21,34.083595275878906,34.40397562817752,34.07537862730378,34.20681680090662,4891300
2012-12-24,33.59891891479492,34.04252082501818,33.51676809161767,34.00966362948076,2168400
2012-12-26,33.07316207885742,33.77142995360926,32.917080219992926,33.63999177410931,3239400
2012-12-27,33.25179672241211,33.40966268044807,33.01084091576224,33.26010412249668,2949400
2012-12-28,32.99422836303711,33.41797873665534,32.985920961588626,33.093936197743844,1903800
2012-12-31,33.384742736816406,33.42628608309877,32.73665766005988,32.911141616178305,2415600
2013-01-02,33.941436767578125,33.98298329102534,33.61739416984015,33.74202740107233,2625800
2013-01-03,33.86664962768555,33.9829754290491,33.71709422218327,33.941428915213685,3578400
2013-01-04,34.20730972290039,34.431647582866916,33.92481371726177,33.974664461996134,2721400
2013-01-07,33.62569046020508,34.14083480269029,33.484439313499855,34.04943756121398,2692700
2013-01-08,33.791866302490234,33.791866302490234,33.47613438803398,33.567531636264754,2986700
2013-01-09,33.874961853027344,34.3402555725486,33.6423165780438,34.3402555725486,2407800
2013-01-10,33.958045959472656,34.09098655927508,33.883266673986675,33.98297450100392,2455500
2013-01-11,34.02451705932617,34.08267837230104,33.791868637872874,34.00789908853995,2077400
2013-01-14,33.97465896606445,34.3236299705233,33.93311562898811,34.07436360895836,3293800
2013-01-15,34.066062927246094,34.066062927246094,33.808489115293305,33.949740292671954,2369700
2013-01-16,33.8001708984375,34.066052026543844,33.70877366635975,33.94972942919145,1594500
2013-01-17,33.91649627685547,34.099290755999654,33.7170869992012,33.83340960609174,2127700
2013-01-18,34.074371337890625,34.074371337890625,33.75863936885166,33.99959204636999,1751500
2013-01-22,34.273780822753906,34.365178078743206,34.04113556718397,34.04944296793123,2931800
2013-01-23,34.37348556518555,34.37348556518555,33.999589139548945,34.182383651983265,2618600
2013-01-24,34.48980712890625,34.64767626461092,34.365177103909396,34.45657435730604,2442600
2013-01-25,34.805538177490234,34.805538177490234,34.43164180693409,34.63936166062601,3137600
2013-01-28,34.69752502441406,34.872012120726765,34.65598168512194,34.81385081180707,2221600
2013-01-29,34.996646881103516,34.996646881103516,34.60613563537387,34.639368409578864,2328700
2013-01-30,35.220985412597656,35.42039790936552,34.9717221688034,35.0215760853839,2581800
2013-01-31,35.4286994934082,35.486860801758496,35.196054260007045,35.328994846172506,3048000
2013-02-01,35.39547348022461,35.553342649634516,35.320694181439514,35.48687075313467,1920600
2013-02-04,34.988338470458984,35.37054230399857,34.97172049905892,35.34561693167545,1976100
2013-02-05,35.187744140625,35.37884920713899,35.063114122374486,35.12127543146879,1730800
2013-02-06,35.337303161621094,35.337303161621094,34.98002473275401,35.06311458223105,1421400
2013-02-07,35.52839660644531,35.70288366404782,35.30406199012608,35.42869198035311,1957600
2013-02-08,35.53672409057617,35.57826744042754,35.345622145616346,35.51179871457624,1321900
2013-02-11,35.470252990722656,35.6779729141928,35.4204022376047,35.50348893917096,965400
2013-02-12,35.49517822265625,35.511796195328785,35.304076291253416,35.45363170619782,1186100
2013-02-13,35.40378189086914,35.56995845242018,35.29576665042782,35.47025061375699,1341100
2013-02-14,35.254215240478516,35.42039176402823,35.22928987128981,35.28745117909917,3119600
2013-02-15,35.49517822265625,35.561646943792184,35.28745831858088,35.32069109437175,3843000
2013-02-19,35.910614013671875,35.918921414301735,35.48686368181054,35.553335565064806,4026600
2013-02-20,35.827518463134766,35.96876960781465,35.67795991914588,35.860754399477486,2680000
2013-02-21,34.40671920776367,35.478554499766965,34.06605874707507,35.10465809912004,8337500
2013-02-22,34.880332946777344,34.88864351956681,34.3402629889907,34.4565856516046,3985700
2013-02-25,34.48980712890625,35.29576126934522,34.48980712890625,35.013262108643694,3924300
2013-02-26,34.65598678588867,34.79723796373599,34.39841614263536,34.55628212300204,4042700
2013-02-27,34.996646881103516,35.06311876862161,34.59782506465708,34.59782506465708,4178100
2013-02-28,35.4286994934082,35.5699506490829,34.946791057141,35.03818513486747,4674700
2013-03-01,35.60319137573242,35.62811992027804,35.21268009946644,35.3705460903353,2356800
2013-03-04,36.11833572387695,36.25958372861561,35.53671939415907,35.58657330912484,2908500
2013-03-05,36.01032257080078,36.326057711361486,35.985397196656635,36.1848065289182,2920000
2013-03-06,35.76936721801758,36.118338308643615,35.62811920317068,35.96877972259735,2378800
2013-03-07,35.61980056762695,36.05185825510314,35.54502129153389,35.844138395906135,1965900
2013-03-08,35.54502487182617,35.71951197998764,35.295761649593295,35.653040096963494,2463300
2013-03-11,35.69459915161133,35.76937846815395,35.320702568898206,35.42871784158316,3929700
2013-03-12,35.76105499267578,35.77767296327873,35.49517380213612,35.69458311026396,2279400
2013-03-13,35.977081298828125,36.00200983883556,35.59487749395382,35.76936142623725,1782500
2013-03-14,36.193111419677734,36.21803678990997,35.90230169890228,35.98539154893256,2285400
2013-03-15,36.193111419677734,36.41744926042896,35.91061226868215,36.0518602594031,4739200
2013-03-18,36.02693557739258,36.26789139275284,35.97708166642205,36.04355354771609,1793700
2013-03-19,36.21804428100586,36.33436692555395,35.91892709813684,36.15157238723303,2645200
2013-03-20,36.4589958190918,36.5753184498489,36.25958333096963,36.34267318833469,1750200
2013-03-21,36.284507751464844,36.45068429228128,36.22634643761217,36.35097963561297,1470600
2013-03-22,36.392520904541016,36.51715409543939,36.2097295726581,36.284505683732675,7463300
2013-03-25,36.21804428100586,36.550397410761285,35.96878101846646,36.43407159665884,9698600
2013-03-26,36.71763229370117,36.7848053521562,36.18865566882487,36.230640431853125,2641800
2013-03-27,37.01150131225586,37.10385944241897,36.692435762188275,36.84357190679992,3007100
2013-03-28,37.38934326171875,37.42292978771098,36.9107464767854,36.97791952876986,2786100
2013-04-01,37.55726623535156,37.624439275793904,37.26339219088347,37.37254357712199,2464800
2013-04-02,37.7587890625,37.77558232568328,37.58246140056923,37.624446160021165,3301400
2013-04-03,38.22060012817383,38.25418666116497,37.80917310650254,37.87634617248482,4587400
2013-04-04,38.741172790527344,38.75796605451438,38.170214626918515,38.27097421084073,3258500
2013-04-05,39.03504943847656,39.169392345088525,38.47248631498502,38.54805440014097,3651800
2013-04-08,39.19457244873047,39.328915327269065,38.92588669165328,39.00984978961983,3823200
2013-04-09,39.152591705322266,39.513638799383415,39.026643852794166,39.27014132608879,2948000
2013-04-10,39.54722213745117,39.63958346895352,39.17778001442872,39.303727867020456,2175500
2013-04-11,39.4716682434082,39.66478920754137,39.33732531378606,39.66478920754137,1503800
2013-04-12,39.65637969970703,39.73194777632463,39.33731413143414,39.33731413143414,1727300
2013-04-15,39.27014923095703,39.81591589480247,39.27014923095703,39.58921483939731,2424500
2013-04-16,39.446475982666016,39.63119869346172,38.84193125859844,39.404494421936384,2376700
2013-04-17,39.4716682434082,39.530446277919225,39.144207552640985,39.362516815144524,2497500
2013-04-18,39.22816848754883,39.647990485222124,39.16099543048703,39.46326778128983,2690400
2013-04-19,40.10979461669922,40.10979461669922,39.30373713833552,39.37090699337198,2712800
2013-04-22,39.72355651855469,40.09299870432533,39.64798843476211,40.084603674120594,1853400
2013-04-23,39.9334602355957,39.9334602355957,39.38769048502251,39.73194431451097,1670100
2013-04-24,40.092994689941406,40.2189425513141,39.72355254116183,39.94185853748904,1751300
2013-04-25,40.202152252197266,40.44564655754786,40.067809351560335,40.2189455151503,2127800
2013-04-26,40.26093673706055,40.45405450290398,39.9838526362929,40.26933176905888,2282400
2013-04-29,40.596778869628906,40.6891402056144,40.1601668862218,40.32809309384587,1642800
2013-04-30,40.67235565185547,40.722735446720826,40.479237909353266,40.58839253006765,2034200
2013-05-01,40.01743698120117,40.68075657737031,39.93347385385814,40.61358351310549,2578900
2013-05-02,39.65637969970703,40.18535623603024,39.219764501803915,40.009031791584896,3132500
2013-05-03,39.67317581176758,39.941861613936325,39.53043788067243,39.79072544984298,2171800
2013-05-06,39.0434455871582,39.69836687527707,38.95108423565679,39.68157361109612,2784000
2013-05-07,39.95865249633789,40.02582234138461,38.91749267272238,39.018252244773294,3065100
2013-05-08,39.37929916381836,40.092995179003644,39.211369747602056,39.773929608491386,2720400
2013-05-09,38.67399978637695,39.480057174150865,38.556446948046,39.396090861057324,2862400
2013-05-10,39.127403259277344,39.14419652112099,38.539655109685754,38.766356137106975,2576200
2013-05-13,39.06023406982422,39.169388672144535,38.91749294325346,38.97626775919811,1694600
2013-05-14,39.37929916381836,39.471657299899476,38.94268396285085,39.160989961841,2073100
2013-05-15,39.65637969970703,40.084599868202496,39.228162734198754,39.303730810816354,3168200
2013-05-16,39.36250686645508,39.70676073679002,39.31212707945949,39.67317421212629,2812000
2013-05-17,39.65637969970703,39.69836125271966,39.24495599600124,39.463261993459206,2064300
2013-05-20,39.61440658569336,39.69836970960515,39.4548753690658,39.65638814764925,1587300
2013-05-21,39.76554489135742,39.799131423908065,39.32892957716319,39.66478849669353,1718000
2013-05-22,39.27014923095703,40.31970420333779,39.093824764314085,39.71515951429045,1973200
2013-05-23,39.03504943847656,39.11061752363251,38.38852319947287,39.10221929028877,1856600
2013-05-24,38.741172790527344,38.98467031385797,38.44729867822321,38.867120668936316,2498800
2013-05-28,38.67399978637695,39.1441983277514,38.598431706086444,38.909099057064175,2306100
2013-05-29,37.632835388183594,38.53125401055981,37.57406057759726,38.46408417116984,4250800
2013-05-30,37.817562103271484,38.49767161377234,37.75878728638838,37.8511486280582,2709200
2013-05-31,37.70841598510742,38.41371714941289,37.65803618658988,37.733604282872186,2642600
2013-06-03,37.73359298706055,37.91831565667217,37.23820299372789,37.70000966775694,2869100
2013-06-04,37.4901123046875,37.74200490724882,37.20463316765448,37.64124850682193,1990700
2013-06-05,36.96113204956055,37.4061423781382,36.85197742449866,37.36416081557221,2972300
2013-06-06,37.80076599121094,37.80076599121094,36.868760818057616,36.969517181834796,2827300
2013-06-07,38.035865783691406,38.14502038108315,37.44811444779592,37.867936373008824,2173000
2013-06-10,37.783973693847656,38.08624599587638,37.641235775104725,38.08624599587638,1958500
2013-06-11,37.43132781982422,37.851149783511865,37.296981716576276,37.473309375595505,2048700
2013-06-12,37.22142028808594,37.876341587188264,37.18783375916077,37.7252054100127,1814800
2013-06-13,37.67481994628906,37.73359476156822,37.13744837631548,37.17942992965956,1838400
2013-06-14,37.926719665527344,38.103047347808314,37.59086397206246,37.70001859385776,2663100
2013-06-17,38.05266571044922,38.447299414230145,37.951909327585795,38.07785400541816,2570200
2013-06-18,38.396915435791016,38.480881748180714,37.96030022032653,37.985491715537094,2101900
2013-06-19,37.4901123046875,38.556457548764136,37.4901123046875,38.40532454961792,2087900
2013-06-20,36.600074768066406,37.280187425118726,36.51611166605418,37.246600903119024,2299300
2013-06-21,37.22142028808594,37.50689617498679,36.27262166536992,36.95273125967228,9347600
2013-06-24,37.12065887451172,37.43132944729913,36.549700722832874,36.91914611685303,7881800
2013-06-25,37.55726623535156,37.68321408468752,36.944326654756075,37.28858047955592,7638500
2013-06-26,38.061058044433594,38.25417574956576,37.691612692887574,37.741992478003986,2545800
2013-06-27,37.85326385498047,38.37912051186518,37.776929563217884,38.1586010220308,1798900
2013-06-28,38.786231994628906,39.295128303493364,37.90414764763446,38.66749049319951,8896600
2013-07-01,38.30278778076172,39.27817007797437,38.2094899497545,39.08309426562458,4099200
2013-07-02,38.15860366821289,38.58268237731056,37.98897153748106,38.23493796526902,2366600
2013-07-03,38.14163589477539,38.2094867982529,37.81085505609693,37.94656009851536,1374500
2013-07-05,37.87870407104492,38.18404121012896,37.41221821320576,38.13315060846053,1395100
2013-07-08,38.32822036743164,38.54874303785178,37.7854003101863,37.94655223906165,1925200
2013-07-09,38.480899810791016,38.59116117722721,38.150118946946115,38.32823122202203,2243100
2013-07-10,38.28580856323242,38.47240414881962,38.090732830783246,38.28580856323242,1995000
2013-07-11,38.591156005859375,38.78623179082022,38.39608022089853,38.56571232296199,2000900
2013-07-12,38.625083923339844,38.64204745746581,38.33671031412505,38.63356407267117,2247900
2013-07-15,39.1763916015625,39.371467427557874,38.34519768561806,38.64205473553931,3737600
2013-07-16,39.32904815673828,40.117834605531776,38.64204290069828,39.261197263698875,6905000
2013-07-17,38.28580856323242,38.92192634813893,38.16706709439052,38.684443410455124,4781000
2013-07-18,38.608131408691406,38.83713433155866,38.37064833407243,38.455462793446564,2805500
2013-07-19,38.167076110839844,38.74382329757403,38.15859596197455,38.667489015933825,2958400
2013-07-22,38.268856048583984,38.506342290083424,38.18404161370345,38.192521763006184,1381200
2013-07-23,38.608131408691406,38.64205848662675,38.09923494605387,38.3452014078888,1309200
2013-07-24,38.28580856323242,38.837111937669675,38.11617650683154,38.71837046882777,2038700
2013-07-25,38.684452056884766,38.71837912284051,38.15859547642306,38.201002691136196,1894100
2013-07-26,39.28664779663086,39.28664779663086,38.523304895150105,38.62508610565653,2793300
2013-07-29,39.21880340576172,39.354508473513256,39.057651413425255,39.10854202713109,3089900
2013-07-30,39.26968765258789,39.54958115245488,39.201836741854656,39.40539270951813,2729800
2013-07-31,38.92194366455078,39.235761005459516,38.21797468516483,38.336716206834964,3168800
2013-08-01,39.27816390991211,39.77857682317075,39.05764121025878,39.21879316049695,1966400
2013-08-02,39.16791534423828,39.58351072579205,39.06613734565878,39.32058395983965,1109200
2013-08-05,38.64204788208008,39.02371607998664,38.58267712971846,39.02371607998664,1450300
2013-08-06,38.23493576049805,38.633567523947875,38.1925253036628,38.633567523947875,1970500
2013-08-07,38.43000411987305,38.675967250349146,37.759959151471975,37.97199845270298,2515300
2013-08-08,38.497859954833984,38.63356499562037,38.2858206263888,38.50634333983129,1536100
2013-08-09,38.18404006958008,38.63356238010263,38.12466932047194,38.50634073292654,1476200
2013-08-12,37.921119689941406,38.073788293309086,37.75148754892576,37.972010302885295,1755100
2013-08-13,37.43765640258789,37.92110572337364,37.4206928711877,37.92110572337364,2671200
2013-08-14,37.259544372558594,37.42069306851602,36.843945939719276,37.31891511504095,2742600
2013-08-15,36.76762390136719,37.106888173135694,36.75066359969626,37.013590336626166,1622700
2013-08-16,36.16542434692383,36.68280078315808,35.89401428782769,36.64887371690528,2300200
2013-08-19,35.97035217285156,36.318096548123684,35.76679299040434,36.08061353148812,1861300
2013-08-20,36.27568435668945,36.63190883281714,35.90249634806098,35.97034724260115,3703800
2013-08-21,35.65653610229492,35.961873268810244,35.410569691994965,35.961873268810244,3710400
2013-08-22,35.13915252685547,35.82616101329952,35.113708846585915,35.59715818448484,3378300
2013-08-23,35.20700454711914,35.38512002109998,34.986485094972736,35.11370997132147,2398800
2013-08-26,35.1730842590332,35.36816004973703,35.122193656276984,35.23245501118379,2024000
2013-08-27,35.18156433105469,35.52082854442334,34.86774703673985,34.944081322974625,2859800
2013-08-28,35.41056442260742,35.563232983146726,35.00344933965696,35.19852511468761,2153800
2013-08-29,35.04585266113281,35.35966989606455,34.84229676000082,35.30029915527916,1919100
2013-08-30,35.07978439331055,35.317267388068196,34.986486578094855,35.11371145983682,2915300
2013-09-03,34.782920837402344,35.300297179977925,34.503030680142004,35.24940982527379,4253000
2013-09-04,34.68963623046875,34.81685788920149,34.40126260769235,34.80837773947136,1790700
2013-09-05,34.6472282409668,34.77445314421648,34.49455965125265,34.613304404168744,2000700
2013-09-06,34.672672271728516,35.07978739853121,34.630265052669294,34.74900656022049,2806500
2013-09-09,34.765968322753906,34.850782756548966,34.486074867396354,34.67267050430139,1559200
2013-09-10,35.1221923828125,35.13067253189939,34.732040815551,34.85926246463372,1712100
2013-09-11,34.808372497558594,35.105226225360894,34.621776876961164,35.0034482666091,2355300
2013-09-12,34.570892333984375,35.06282515244852,34.536968498768275,34.88471288457572,1210800
2013-09-13,35.05434036254883,35.15611832565238,34.604814824203835,34.64722203920839,3489900
2013-09-16,34.77444076538086,35.843117277493924,34.732033557881444,35.419038731574645,3271900
2013-09-17,34.83382034301758,35.011932600993575,34.72355898716719,34.85078387741482,2512400
2013-09-18,35.72439193725586,35.80072623941627,34.68964201798185,34.83382723569374,3263400
2013-09-19,35.6141242980957,36.021239389234175,35.51234309871373,35.86008744127762,2245900
2013-09-20,35.164588928222656,35.65652154802565,35.07977452123839,35.59715081604422,10228300
2013-09-23,35.73287582397461,35.89402458169577,34.952569253695636,35.113721246880836,8280700
2013-09-24,35.783748626708984,35.88552981319823,35.58019272465595,35.75830494781804,9013300
2013-09-25,35.51234817504883,35.978834081444006,35.46994095364265,35.71590736744753,3880700
2013-09-26,35.190792083740234,35.619529794494355,35.09646926401287,35.61095320851415,2810400
2013-09-27,34.967857360839844,35.21652609434214,34.83923797079428,35.04503030327124,2838600
2013-09-30,35.0879020690918,35.19080150233977,34.79636348791929,34.8392366162676,4451600
2013-10-01,35.0450325012207,35.33657438302308,34.95070964666547,35.070758997651446,2147400
2013-10-02,35.165061950683594,35.39658068300666,34.88209679185016,34.95926970262452,2421900
2013-10-03,34.56483840942383,34.967849668118674,34.53053860455337,34.950699765683446,2533500
2013-10-04,34.52197265625,34.813514545472636,34.47052620409982,34.63344542092612,2183000
2013-10-07,34.359039306640625,34.73632730826531,34.256143173653726,34.37618920730662,2182600
2013-10-08,34.85637664794922,35.045019013446556,34.35903934116285,34.427638943895765,3334800
2013-10-09,35.0879020690918,35.55093970567759,34.71061396021265,34.967856001312526,3693600
2013-10-10,35.45660400390625,35.516627016031144,34.85637388265729,35.31083476617688,1900700
2013-10-11,35.45660400390625,35.5937999274787,35.199362056084006,35.47375390322891,1284100
2013-10-14,35.130775451660156,35.336567758464014,34.79636049984658,35.26797141319931,2240200
2013-10-15,34.401920318603516,35.12219995684592,34.38477041400134,35.10505005224373,2743700
2013-10-16,34.9421272277832,34.9421272277832,34.49623956757011,34.67630864063419,2890800
2013-10-17,35.46518325805664,35.52520627469866,34.727753886730056,34.92497283726941,1626300
2013-10-18,35.34514236450195,35.65383407841177,35.31084255828763,35.499488221456865,1615400
2013-10-21,35.482337951660156,35.51663448651049,35.21651936276055,35.34514199923025,2011000
2013-10-22,35.988243103027344,36.0825659191263,35.362286461926736,35.499482393250034,1877800
2013-10-23,35.593807220458984,36.245490444211164,35.52521088012215,35.96252195392178,3487500
2013-10-24,35.585235595703125,35.73958145755803,35.456612953820816,35.72243155390642,2620300
2013-10-25,36.11687088012695,36.12544746777942,35.550937122425886,35.57666361437351,1720600
2013-10-28,36.05684280395508,36.29693815947291,35.83390062134138,36.10829250963947,1842300
2013-10-29,36.091148376464844,36.219771025729884,35.93680250575074,36.219771025729884,1581600
2013-10-30,35.91108322143555,36.399844108612534,35.85963350188684,36.176898594911684,2055900
2013-10-31,35.88534927368164,36.05684503221848,35.353715366126,35.82532624884517,2649900
2013-11-01,36.288360595703125,36.45985633902304,36.00539539958311,36.02254203000679,2248800
2013-11-04,36.24549102783203,36.39983688483704,35.99682233921178,36.36553707861158,1699900
2013-11-05,36.022544860839844,36.614205058238745,36.005398229068696,36.13401759340927,2260000
2013-11-06,36.657081604003906,36.6913814127693,36.01397490919682,36.01397490919682,2017400
2013-11-07,36.05684280395508,36.8285720341743,36.005396369280014,36.70852599192005,2718200
2013-11-08,35.816749572753906,35.945368926333074,35.47375808785768,35.945368926333074,3834300
2013-11-11,35.51662826538086,35.902492836192,35.44803193668608,35.79959670764535,1806600
2013-11-12,34.71916961669922,35.147907183721394,34.3161552569758,34.873512131499794,8906200
2013-11-13,35.130775451660156,35.233671605062085,34.47051886456243,34.57341501796436,4012500
2013-11-14,35.165061950683594,35.448030380525836,35.1050389390823,35.233661547375824,2200900
2013-11-15,35.293697357177734,35.32799716796165,35.0278787301174,35.04502863550936,2298100
2013-11-18,35.173648834228516,35.370867825949,34.942130034119316,35.327994700967984,3635900
2013-11-19,35.09646987915039,35.336561954657874,35.002147057769825,35.233665818155984,2065900
2013-11-20,34.7706413269043,35.250828928868046,34.7706413269043,35.053609897082154,2082900
2013-11-21,34.74490737915039,34.99357605723615,34.41049246014306,34.89925322961676,2299800
2013-11-22,34.8392333984375,34.9935792630437,34.702037437788626,34.71918734174595,2883100
2013-11-25,34.78778076171875,35.12219568324572,34.78778076171875,34.93355329759505,2399500
2013-11-26,34.513389587402344,34.81350471019334,34.22184778054415,34.7877814913854,4406500
2013-11-27,34.52197265625,34.590572287130826,34.3590534394237,34.53912256397021,2515200
2013-11-29,34.61628723144531,34.822082803841866,34.29902219205154,34.29902219205154,1377800
2013-12-02,34.69344711303711,34.91639250519482,34.48765488905445,34.676297215870484,3254600
2013-12-03,34.9849967956543,35.01072328277131,34.44478636032542,34.590558883957925,2891400
2013-12-04,34.9078254699707,35.079321217540354,34.58198714769862,34.78777942797474,2394800
2013-12-05,34.60771560668945,34.864957631501326,34.34189699414496,34.864957631501326,3130000
2013-12-06,35.25082015991211,35.35371630937571,34.66773652793569,34.75348277398708,2854100
2013-12-09,35.293697357177734,35.550939396037094,35.156501385052074,35.20795110122795,2569700
2013-12-10,34.57341384887695,35.32799324733134,34.453367795465724,35.23367041364834,3349800
2013-12-11,34.52197265625,34.78779131939755,34.44479970701429,34.513399337895116,2640800
2013-12-12,34.47050476074219,34.719173361478155,34.43620496663894,34.44477827966055,3367600
2013-12-13,34.659156799316406,34.71918309132331,34.487664322757205,34.59056046289459,2025800
2013-12-16,35.13935089111328,35.29369676604577,34.84780904635303,34.864958951457744,4383400
2013-12-17,34.847808837890625,35.23367352291356,34.77921248889206,35.11362745890863,4126700
2013-12-18,35.11362838745117,35.16507483280807,34.39334871336464,34.899259475770776,3941000
2013-12-19,34.48765563964844,34.78777066907507,34.33330983279803,34.78777066907507,3901200
2013-12-20,34.77920913696289,35.10504748756999,34.41906770864767,34.44479092816675,5428300
2013-12-23,35.13935089111328,35.319419988197865,34.92498198381927,34.9850050161808,2317700
2013-12-24,35.182212829589844,35.35370855508732,35.07931670269492,35.1393397159677,1053800
2013-12-26,34.77920913696289,35.310843056751494,34.71060952356586,35.25939334670372,1925200
2013-12-27,34.930965423583984,35.1737847191583,34.81823131976276,34.930965423583984,1334800
2013-12-30,34.92229461669922,35.05237319137442,34.74885320901257,34.878935091807485,2151200
2013-12-31,34.930965423583984,35.09573625060222,34.800886848070334,34.97432825687492,1925500
2014-01-02,34.39329147338867,35.009005178685136,34.39329147338867,35.00033459905681,2366400
2014-01-03,34.34126663208008,34.55806756614149,34.185169694906286,34.445333462275755,2824400
2014-01-06,34.419307708740234,34.57540461239049,34.289229161111024,34.436652176714595,2588600
2014-01-07,34.69682312011719,34.75753043052833,34.40197369122317,34.427992055147946,2567800
2014-01-08,34.514713287353516,34.66213966514704,34.33260126900877,34.59276176780415,2204400
2014-01-09,34.748844146728516,34.826892594426965,34.49735433657586,34.748844146728516,1884200
2014-01-10,35.14775848388672,35.56401578689746,34.714156713068995,34.896271970982866,2538600
2014-01-13,34.93964385986328,35.49465379376051,34.85292149011674,35.49465379376051,2556900
2014-01-14,34.94831466674805,35.165115630323555,34.800891599414385,34.93097019268758,1867300
2014-01-15,35.13042449951172,35.66809323761957,34.92229743995768,35.42527392397991,3696000
2014-01-16,35.2518310546875,35.286516687853876,34.96565225125815,35.1044047082822,2340200
2014-01-17,35.26917266845703,35.37323949364618,35.035030582080346,35.26917266845703,2467800
2014-01-21,35.789493560791016,35.789493560791016,35.3125322345278,35.3125322345278,2970400
2014-01-22,35.6767578125,35.88488814512728,35.50331641999718,35.772150743782525,2611700
2014-01-23,35.80683517456055,35.876209737953324,35.48596748099711,35.53800088463093,2981900
2014-01-24,35.39925003051758,35.86754075977706,35.39057945025091,35.65073986379979,3593400
2014-01-27,35.48597717285156,35.58137011817426,35.355898590418704,35.39925811789632,3025300
2014-01-28,35.564022064208984,35.63339994768264,35.39058397176398,35.546680901460135,2078100
2014-01-29,35.49464416503906,35.650741080117875,35.35589171920448,35.52933310352752,3211800
2014-01-30,36.38785934448242,36.413877699917336,35.65073766683233,35.728786116899194,3937900
2014-01-31,36.55263900756836,36.76076605286797,35.98028467081482,35.99762583449,4450200
2014-02-03,36.00630569458008,36.97757311930154,35.91091273795095,36.63936413352212,3635600
2014-02-04,35.79817199707031,36.21442942632462,35.64207504758495,36.14505484217556,2512300
2014-02-05,35.6507453918457,35.850201850098436,35.564023035136046,35.676760444798774,1855700
2014-02-06,35.85887145996094,36.00629780831239,35.485973606513795,35.65074442573715,1776700
2014-02-07,36.27513885498047,36.3184983861213,35.90224093255305,35.936926572593606,1742500
2014-02-10,36.59600067138672,36.61334514419512,35.98895735557235,36.188413830689086,2827300
2014-02-11,36.80411911010742,36.916856502901375,35.91090047242701,36.07566796334191,2810800
2014-02-12,37.41983413696289,37.42850471680507,36.74341312510831,36.812790996321695,4067500
2014-02-13,38.078914642333984,38.1049296949459,37.28975940128278,37.34179281462624,3812100
2014-02-14,38.104923248291016,38.19164558919161,37.82741837364722,37.93148518272793,2659300
2014-02-18,37.72335433959961,38.13094106577497,37.63663530804353,38.122267177747965,3217700
2014-02-19,37.489219665527344,37.974854981710784,37.42851566451941,37.63664603091801,2077700
2014-02-20,37.86211013793945,38.00086258562481,37.46319726435896,37.54124572293943,1327400
2014-02-21,38.104923248291016,38.37375754290427,37.80140332543657,37.87077789003799,2587800
2014-02-24,38.174312591552734,38.54721049917528,38.12227917137748,38.15696811816098,3065600
2014-02-25,37.974849700927734,38.32172918586174,37.92281628953386,38.26969908258736,3041900
2014-02-26,37.714691162109375,38.17430807418169,37.62796880541294,38.01821114024776,2699900
2014-02-27,37.62797546386719,37.96618444453188,37.47187850231114,37.67133499582826,1823600
2014-02-28,38.2089958190918,38.43446732319518,37.62796762585844,37.68867161958318,3938800
2014-03-03,37.83609390258789,38.269695701537174,37.80140496472334,38.0442209135368,3060400
2014-03-04,38.078914642333984,38.18297816090128,37.94883276303515,38.165633689786794,1800900
2014-03-05,37.48053741455078,38.05289160880929,37.40248896496467,38.018202673855704,3015000
2014-03-06,37.07294845581055,37.61061368258064,36.94286661166548,37.48053514655429,3312400
2014-03-07,37.07294845581055,37.19435641268263,36.53528322904045,37.05560398938329,3151400
2014-03-10,37.029605865478516,37.194373409654354,36.89085337877248,37.07296539730161,2600600
2014-03-11,37.29842758178711,37.29842758178711,36.93420363618777,37.10764502804815,3727400
2014-03-12,37.79274368286133,37.79274368286133,37.185700353351265,37.25507493803013,2458400
2014-03-13,38.191654205322266,38.24368431348169,37.70601891107559,37.84477137970038,2409200
2014-03-14,38.46048355102539,38.63392495616352,38.07024452461417,38.16563415472647,3059400
2014-03-17,38.69462585449219,38.69462585449219,38.31305744022608,38.52118446323691,1898000
2014-03-18,38.59922790527344,38.80735820934281,38.52117945476229,38.59055732549173,1430600
2014-03-19,38.41712951660156,38.781356850251896,38.182984082423516,38.57322647272026,3938400
2014-03-20,38.4257926940918,38.44313716306031,38.09625439992846,38.252351312525875,1935700
2014-03-21,38.477821350097656,38.99814547528514,38.4344618333618,38.67727777357785,5620800
2014-03-24,38.79001998901367,38.8940835037489,38.40845156290484,38.6165785923753,1727400
2014-03-25,38.77267837524414,38.98080872816879,38.607910855763606,38.85940073401263,2110300
2014-03-26,38.39978790283203,38.95479787342698,38.33041331056785,38.781359738706335,2575800
2014-03-27,38.23767852783203,38.30777670244917,37.96605645735299,38.28148821573527,4104000
2014-03-28,36.70431900024414,37.30014016245697,36.42393296419871,36.71308294400723,12653900
2014-03-31,37.8521614074707,38.10626236277144,36.70432847807041,36.914619730638684,7109600
2014-04-01,37.12489318847656,37.85214667209553,37.06355896003457,37.8433827294811,3321800
2014-04-02,37.98358917236328,37.98358917236328,37.21252907263593,37.32643362721882,6863900
2014-04-03,38.37788009643555,38.50931253193185,37.98358613241232,38.00987462499099,3603900
2014-04-04,38.96493148803711,39.315412328687685,38.50930338697296,38.55311307424617,5851500
2014-04-07,38.588172912597656,38.99122749575524,38.588172912597656,38.947417796275644,3624500
2014-04-08,39.087608337402344,39.20151622272869,38.412928312724134,38.658265288074176,3153100
2014-04-09,38.89484405517578,39.07884679801426,38.34283248419454,39.07884679801426,3029300
2014-04-10,38.92989730834961,39.32419132972217,38.754655149687785,38.88608760430069,2691800
2014-04-11,39.12265396118164,39.297892732334574,38.74588458676529,38.74588458676529,3237500
2014-04-14,39.14894104003906,39.22779982793503,38.859791036932,39.22779982793503,2611400
2014-04-15,39.66590118408203,39.683425729548524,39.026270315648816,39.096365155049504,2466300
2014-04-16,39.97256851196289,39.97256851196289,39.595799176994966,39.674657952743246,1864200
2014-04-17,39.31541442871094,39.919999509755634,39.25408019475931,39.814852243725646,2170600
2014-04-21,39.23655319213867,39.54322768514783,38.97369172846286,39.4117952820775,1814000
2014-04-22,39.15769958496094,39.27160745981905,38.99122141591085,39.19274867606579,1311700
2014-04-23,39.06132125854492,39.6659030647094,39.017508221568804,39.236560036587655,1622000
2014-04-24,39.34170913696289,39.61333126099187,38.859792447623214,39.04379852103727,1768300
2014-04-25,39.8674201965332,39.884944738374685,39.3679824526771,39.38550699451858,1071600
2014-04-28,40.15657424926758,40.191619994086864,39.65713311162982,39.89370943710088,1822500
2014-04-29,39.736000061035156,40.401919486564445,39.67466581690294,40.22667735655855,2897600
2014-04-30,39.937522888183594,40.156574672320275,39.84113956836906,39.87618531355755,1992300
2014-05-01,40.086483001708984,40.25296118137932,38.29901935091647,38.79845723239298,2422300
2014-05-02,39.01750946044922,40.051434327564515,38.77217248942713,39.972575537955194,2495800
2014-05-05,39.30664825439453,39.39426762119737,38.98245258626652,38.99997378565541,1401900
2014-05-06,38.82474136352539,39.332939790032505,38.789692274120725,39.22779586428364,4353800
2014-05-07,39.17522048950195,39.385511674120934,38.99121779200096,39.04379142377196,4426100
2014-05-08,39.07008743286133,39.34171292551305,38.89484528735912,39.23656563273217,3645700
2014-05-09,38.193878173828125,39.21903915964763,38.02739998212555,39.03503642000809,4136800
2014-05-12,37.69443130493164,38.50054026381041,37.5454743540732,38.37787179984755,3249600
2014-05-13,37.8521614074707,37.939780812935616,37.554250749437514,37.79958775871212,2629200
2014-05-14,38.360347747802734,38.526829244570656,37.843385398428914,37.843385398428914,2494200
2014-05-15,38.22892379760742,38.59692924346286,37.834629861001275,38.36035288149917,5048300
2014-05-16,38.23767852783203,38.439205766158885,37.86090919542729,38.036151289505185,3688000
2014-05-19,38.13254928588867,38.41293540735014,37.992356225157934,38.15883444025499,3784400
2014-05-20,38.22892379760742,38.377877427844496,38.06244227855958,38.06244227855958,3367800
2014-05-21,38.80721664428711,38.9386457152658,38.605689394814355,38.69330877546682,3279600
2014-05-22,39.087608337402344,39.157703183588524,38.588170441887996,38.71083892956301,3245100
2014-05-23,39.183998107910156,39.21904386552347,38.947421696073015,39.06132960009819,2843900
2014-05-27,39.23655319213867,39.48189345503897,39.078835645440215,39.403034681689746,3017000
2014-05-28,39.69219207763672,39.753526324416704,39.148944459385845,39.21027870616582,2886700
2014-05-29,40.025142669677734,40.068952358455185,39.63084878575071,39.68342241776265,2755900
2014-05-30,40.19162368774414,40.29677095925995,39.84990341148087,40.02514552154197,3515900
2014-06-02,40.19162368774414,40.23543337964311,40.00762097628934,40.147813995845176,2105700
2014-06-03,39.9901008605957,40.19162813962559,39.91124206945656,40.16534299006775,1929500
2014-06-04,40.20038604736328,40.2179105919253,39.66589913684963,39.788567606318644,2226200
2014-06-05,40.7436408996582,40.81373909053578,40.104009948996016,40.11277055162286,2336800
2014-06-06,40.90135192871094,41.26935734441659,40.69106073226115,40.79620800171863,3093400
2014-06-09,40.428199768066406,40.94516215097802,40.32305583970996,40.769920042073785,2156100
2014-06-10,40.45448303222656,40.55963029815582,40.20914609665509,40.2880048748695,1937200
2014-06-11,40.55087661743164,40.813741506315914,40.13029747466908,40.401922966698734,3883000
2014-06-12,40.5859260559082,40.761168202481294,39.85867565995889,40.47201815926581,2769000
2014-06-13,40.787445068359375,40.84001870439039,40.37562995141146,40.56839326526135,1854600
2014-06-16,41.076595306396484,41.3745058941474,40.691061991386306,40.74363562774186,2058100
2014-06-17,41.076595306396484,41.15545408969717,40.81373380954927,40.9539268306988,1200000
2014-06-18,41.79508590698242,41.8827052937667,41.01526200022016,41.01526200022016,3012900
2014-06-19,42.25947570800781,42.26823965238002,41.65489390247759,41.76003783768601,4436000
2014-06-20,42.224430084228516,42.61872405173353,42.11052553775595,42.36462312351188,5126500
2014-06-23,41.72499084472656,42.28576298401008,41.523463566075655,42.224428740180045,4006700
2014-06-24,41.82137680053711,42.093002284832686,41.61984950927232,41.76004255286808,3336800
2014-06-25,41.61984634399414,41.900232409861694,41.33946027812658,41.663656040073654,3721200
2014-06-26,41.75696563720703,41.84543243339671,41.39424637316223,41.57118334033354,1973300
2014-06-27,42.048912048339844,42.19046095817298,41.58887724768411,41.721580827124264,1705300
2014-06-30,42.48240661621094,42.55317938228735,41.986983754507506,42.08429926080569,2440500
2014-07-01,41.783512115478516,42.54433884150482,41.77466678427026,42.50010543587847,2258900
2014-07-02,41.252689361572266,41.739263394509074,41.04036436776443,41.721569363792476,2634200
2014-07-03,40.721885681152344,41.26154190055121,40.55379742215593,41.05806557393706,3307200
2014-07-07,41.128849029541016,41.40309816541132,40.74843567192174,40.77497503996274,2186800
2014-07-08,41.42079162597656,41.45617969940044,40.98729953830756,40.98729953830756,2249400
2014-07-09,41.456180572509766,41.562341420224826,41.22616146520255,41.420792498340575,2068600
2014-07-10,41.75696563720703,41.85428113789085,41.17307600789608,41.17307600789608,2741400
2014-07-11,41.68619918823242,41.87198490307419,41.5623442948664,41.76582067322383,3101100
2014-07-14,41.51810836791992,41.88082769425688,41.40309881328844,41.739278771169104,2777600
2014-07-15,41.836585998535156,41.96928618931425,41.509251436737955,41.509251436737955,2638400
2014-07-16,42.031227111816406,42.031227111816406,41.500419428729266,41.87198750672462,2055300
2014-07-17,41.46501922607422,41.93390269632508,41.4473251918391,41.88082059361971,2050800
2014-07-18,41.81888961791992,41.871971716127696,41.403088285604866,41.69503476356012,2766800
2014-07-21,41.69504165649414,41.8012024956683,41.45617723725811,41.73042635302404,1801700
2014-07-22,41.721580505371094,41.916211520437756,41.63311370295472,41.88082344955433,1953200
2014-07-23,41.703895568847656,41.82775046917001,41.562346629223114,41.756977686754205,807500
2014-07-24,41.9073600769043,41.99583024833183,41.67734438077667,41.836587314554244,2184900
2014-07-25,41.66850280761719,42.05776487893484,41.6065753644153,41.87198254932917,989400
2014-07-28,41.9073600769043,42.084297044967386,41.146533476587415,41.26154301204721,1882600
2014-07-29,41.226158142089844,42.09314901538698,41.173079409907075,41.88966929271227,2786500
2014-07-30,40.42995071411133,41.323477665516485,40.42110200802637,40.960758336261954,3010700
2014-07-31,39.518714904785156,40.633415313161905,39.50102424732407,40.1202985022094,3581700
2014-08-01,39.722206115722656,40.00530396433742,39.49218700447781,39.651429966172685,2681800
2014-08-04,39.35063171386719,39.78412712274673,38.7490480391893,39.686811620255895,3732900
2014-08-05,38.68711853027344,39.48333316721792,38.58095770361145,39.30639620625339,2432000
2014-08-06,38.04130935668945,38.75790267810124,37.970533207753334,38.54557760608542,4753700
2014-08-07,38.28901672363281,38.52788114910149,38.1386224787779,38.22708928459934,2537500
2014-08-08,39.03215026855469,39.04099897421665,38.412872489120964,38.412872489120964,2701000
2014-08-11,38.86407470703125,39.244488180017925,38.79329853773442,39.01446900459675,1648700
2014-08-12,38.85520935058594,39.10292246219627,38.775591256430396,38.881752090096505,1932300
2014-08-13,38.98790740966797,39.05868353863015,38.687115611161865,38.98790740966797,1976100
2014-08-14,39.38602828979492,39.44795573661153,39.0056149023256,39.0056149023256,1425500
2014-08-15,39.987606048583984,40.17338836094494,39.660274825644365,39.66912015608393,6126800
2014-08-18,39.801822662353516,40.261854078228176,39.73989185177855,40.05837773568573,2489500
2014-08-19,40.46533203125,40.47417736106525,39.72219945946499,39.84605432563049,2287800
2014-08-20,40.553802490234375,40.79266691431755,40.306092735537284,40.41225357686571,2348300
2014-08-21,40.56265640258789,40.79267554472173,40.44765020631398,40.68651468093312,1381000
2014-08-22,40.37686538696289,40.68650595422269,40.13800096357697,40.15569499954544,1465500
2014-08-25,40.624576568603516,40.766128861325846,40.403406173413494,40.49187635636495,1654400
2014-08-26,40.17338943481445,40.828055272985715,40.16454410413844,40.65996361701065,1123800
2014-08-27,40.51840591430664,40.54494865016226,40.19107475361449,40.30608427621125,1015800
2014-08-28,40.810367584228516,40.83690695517663,40.35033269730174,40.49188163367976,977600
2014-08-29,41.119998931884766,41.119998931884766,40.71304621999854,40.81920706336182,1637200
2014-09-02,41.836585998535156,42.270078013122145,40.7041914634274,41.10229878534841,8792700
2014-09-03,41.65966033935547,42.33201692952239,41.62427226229595,41.863136720258524,3397400
2014-09-04,41.75696563720703,41.76581096690922,41.24384876988943,41.59772270423205,2687100
2014-09-05,42.52663803100586,42.67703563593239,41.810044824738924,41.82773885912981,2995800
2014-09-08,42.05775451660156,42.491246512209564,41.84542949594234,42.447013117219804,2455300
2014-09-09,41.58003616333008,41.95160082403813,41.49156935119746,41.95160082403813,2080400
2014-09-10,41.41193771362305,41.78350228320076,41.37654964753229,41.63310806450266,1790300
2014-09-11,41.898521423339844,42.00468227117676,41.41194721472877,41.420792545884964,1703900
2014-09-12,41.03152847290039,41.71273362553667,40.96075233376267,41.695039590752245,1664200
2014-09-15,40.99614715576172,41.3500211601524,40.82805885981209,41.181929489410145,1770500
2014-09-16,40.65996551513672,41.173082462899394,39.99645431531481,40.64227147816637,7386400
2014-09-17,40.82805252075195,41.111150330393016,40.615727476125116,40.88997995568643,2933400
2014-09-18,40.60689163208008,40.94306825031683,40.37687249876769,40.84575272274566,2430200
2014-09-19,40.553802490234375,40.79266691431755,40.41225357686571,40.69535140360304,4481800
2014-09-22,39.978755950927734,40.48302413822554,39.934522550686054,40.474178808094045,2979100
2014-09-23,40.084922790527344,40.376865951105394,39.73104881579821,39.96106453701751,2647700
2014-09-24,40.02299880981445,40.20878114394535,39.89029521412517,40.12031095522162,1886100
2014-09-25,39.52757263183594,40.16454443917625,39.4391058251686,39.99645278179902,2120000
2014-09-26,39.612483978271484,39.69292462869969,39.111963996772225,39.612483978271484,3438300
2014-09-29,40.086181640625,40.130873535464325,39.362219313603134,39.44265995099588,2697300
2014-09-30,40.256011962890625,40.5598985066683,39.97893783460362,40.15769522673996,2893400
2014-10-01,40.39007568359375,40.801218690382086,40.19344562940474,40.39007568359375,2961300
2014-10-02,40.30069351196289,40.57776759249096,40.12193615063875,40.24706528071172,2444400
2014-10-03,40.66714859008789,40.774401653683704,40.03256313366864,40.37219840330763,2386100
2014-10-06,40.4526252746582,40.89951686518896,40.29174743881841,40.74757536097438,1587000
2014-10-07,39.66611099243164,40.18450362736902,39.47841387420892,40.04149840985043,3972900
2014-10-08,40.220252990722656,40.39901035258404,39.63035608323925,39.71079672560122,4549500
2014-10-09,39.791236877441406,40.470510752725296,39.78229713422634,40.077247289088625,4885200
2014-10-10,40.37218475341797,40.667134840475214,40.00573378464253,40.00573378464253,3165700
2014-10-13,40.55094909667969,41.140845963470575,40.39006782305373,40.44369605076667,3581800
2014-10-14,41.00678253173828,41.65030424848071,40.51520235341004,40.836961507024746,4003900
2014-10-15,40.87271499633789,41.498364066253544,40.05043589437279,41.03359628315943,3397100
2014-10-16,39.93424606323242,40.67608457690344,39.719736528361814,40.586707592923496,4794000
2014-10-17,39.95211410522461,40.193436004842575,39.75548068860715,40.112995371636586,3890000
2014-10-20,40.56882858276367,40.58670466017063,39.82699012269713,39.87167861145796,2672200
2014-10-21,40.658206939697266,40.66714327319797,40.112998539303746,40.64926719668358,2970700
2014-10-22,41.33747482299805,41.587733038990585,40.658201061227246,40.72970194743405,3089600
2014-10-23,41.28386688232422,41.641381717528446,41.17661379556861,41.578817132794825,2501400
2014-10-24,42.15975570678711,42.29382456267406,41.38216520737566,41.3911049495082,2865000
2014-10-27,41.62350082397461,42.284902169803445,41.33749035267397,42.141896934153124,4021700
2014-10-28,42.47258758544922,42.78541041170517,41.51623962002321,41.68605723863171,5065700
2014-10-29,43.35743713378906,44.02777477500698,42.94629753212532,43.00886210587791,5829100
2014-10-30,44.55509948730469,44.617664050242304,43.49149850785231,43.62556737672603,5973000
2014-10-31,44.97517395019531,45.01092609933919,44.385277127371694,44.742791799785294,4897800
2014-11-03,45.529327392578125,45.63658386066678,44.95730653415831,45.13606390479282,3373300
2014-11-04,45.29694366455078,45.99409363596901,45.25225517578274,45.72595929384762,3430200
2014-11-05,44.957298278808594,45.45781814277386,44.894733722002016,45.39525358596728,11541500
2014-11-06,44.099281311035156,44.94837638118115,43.723890440127846,44.93050030070807,6200000
2014-11-07,45.001991271972656,45.019867348496845,44.15289979890798,44.1707724659192,3038600
2014-11-10,45.37739181518555,45.37739181518555,44.608737406964956,44.91262395417976,2312200
2014-11-11,45.18074035644531,45.386310084570304,44.99304670157194,45.28799338644262,1791300
2014-11-12,44.81429672241211,45.06455496992046,44.286964408367425,44.76067190338198,4172200
2014-11-13,44.48360061645508,45.0377453746412,44.35847148488206,44.930492320366206,3588200
2014-11-14,44.37635040283203,44.68917325178922,44.26909393217814,44.37635040283203,3046800
2014-11-17,45.20756530761719,45.29694228242615,44.403158896284374,44.46572346055326,4502900
2014-11-18,45.06455612182617,45.35056993852032,45.019867634987804,45.279065631968535,2982900
2014-11-19,44.84111404418945,45.225441200401285,44.662360081822975,44.948370513025274,2743600
2014-11-20,44.876861572265625,45.08243133539705,44.72492003802137,44.79642093369133,3098400
2014-11-21,44.751739501953125,45.252259488591875,44.37635206910917,45.23438340947833,4487700
2014-11-24,43.992034912109375,44.76068944150235,43.94734299938922,44.72493727513193,3490600
2014-11-25,44.04564666748047,44.16183946890976,43.75963624051085,44.13502705685425,6330900
2014-11-26,44.63554000854492,44.841109773297504,44.12608376339441,44.179711992704505,2196900
2014-11-28,45.13605880737305,45.413132871040965,44.76067143999672,44.876860819701086,1031400
2014-12-01,45.243309020996094,46.038775600688155,44.78748104493539,44.87685800980607,3774500
2014-12-02,46.05665588378906,46.24435298238773,45.21650074489619,45.305877717933285,4811900
2014-12-03,45.58295822143555,46.07453846152873,45.43995299869001,46.029849968704525,3795700
2014-12-04,45.66339111328125,45.99408999540475,45.502509838840005,45.502509838840005,3302100
2014-12-05,45.538265228271484,45.556141305537246,44.50147661344911,44.56404117912272,1744300
2014-12-08,46.405235290527344,46.47673960340666,45.36844662037034,45.556143736921904,3598000
2014-12-09,46.33372497558594,46.53035838654944,46.02983852660262,46.217532195515446,2592900
2014-12-10,46.34267044067383,46.789562164921456,46.038783931804915,46.36948626259772,2811500
2014-12-11,47.307952880859375,47.3973298518513,46.28010066688771,46.37841738068657,4116900
2014-12-12,46.5392951965332,47.33476177157335,46.52141912176108,46.780617091687965,2519100
2014-12-15,46.78062438964844,47.370521311104305,46.29798052404459,47.263268255252285,4076300
2014-12-16,46.42310333251953,47.236445998402196,46.110280541608006,46.789554348807044,3779400
2014-12-17,47.12919616699219,47.147072243335,46.14603583472782,46.14603583472782,3704200
2014-12-18,47.77272033691406,47.77272033691406,46.932561812904204,47.164947391273564,2904000
2014-12-19,47.42415237426758,48.14811480636942,47.218582584318085,48.139178471812215,5054400
2014-12-22,47.567161560058594,47.64760221583432,47.12026978564095,47.45990507934852,3361100
2014-12-23,47.61184310913086,48.09448697336848,47.522462721579544,47.92466594177756,2657000
2014-12-24,48.67544937133789,48.79164218286269,47.55821997844354,47.74591369816654,1584700
2014-12-26,49.032958984375,49.372597638760965,48.603943351762126,48.7380088191025,2681600
2014-12-29,49.55118179321289,49.72241963553563,49.03746482821704,49.03746482821704,2882400
2014-12-30,48.9202995300293,49.59624325649666,48.749061690347496,49.57821767789422,1683500
2014-12-31,47.98299026489258,49.19968751506513,47.91088795535747,49.0194351792547,1849300
2015-01-02,48.073123931884766,48.47869090571953,47.8207726761778,48.19929955973824,2384000
2015-01-05,48.884246826171875,49.07351022515711,48.34348983732191,48.62288112012909,6398800
2015-01-06,48.812156677246094,50.109967585295735,48.72203220900318,48.965372398892754,5959500
2015-01-07,49.19969177246094,49.36191854492555,48.6228869983768,48.89326380647528,2595300
2015-01-08,49.82155990600586,50.01983784085922,49.30784292754736,49.34389408625301,2592100
2015-01-09,50.31725311279297,50.569604339500565,49.65032045045883,50.362315340701095,5319300
2015-01-12,49.95674133300781,50.51552044353248,49.62327676811712,50.39835591715522,2669800
2015-01-13,50.930110931396484,51.62408031550433,50.41639391581488,50.41639391581488,4563400
2015-01-14,51.957542419433594,52.02063022545115,50.479475918090166,50.99319631256221,4303300
2015-01-15,51.92149353027344,52.18285927406447,51.37172539265358,51.97556683034901,4235800
2015-01-16,52.41718292236328,52.43520850104072,51.62407465069392,51.939517120507716,3036800
2015-01-20,52.54336929321289,52.84078624524469,52.11978014066073,52.768683915772144,2413700
2015-01-21,52.69657516479492,52.83176185022006,52.011616915074676,52.42619491788934,2888400
2015-01-22,52.45323181152344,53.02102548221353,52.22791724483994,52.85879871915922,2518400
2015-01-23,53.05706787109375,53.26435683905981,52.5794021378688,52.669526580279395,2741200
2015-01-26,53.53474044799805,53.56177709483576,52.741632239827624,53.26436022751161,2343900
2015-01-27,53.54375457763672,53.868208110341165,53.30942893625435,53.41757896781333,3414900
2015-01-28,53.43560791015625,54.15661389598676,53.26436662487744,53.51672129843892,2783300
2015-01-29,54.210689544677734,54.26476284376094,53.174241097232475,53.43560683622687,2913200
2015-01-30,53.00300216674805,54.21068843324276,52.95793650106577,54.20167392489527,3172900
2015-02-02,52.84077453613281,53.20127578952632,52.28199192062744,53.0390490221896,2550600
2015-02-03,53.0390510559082,53.12016444268676,52.453235207421024,52.86781321183245,3172100
2015-02-04,52.19186782836914,53.012012740907785,52.10174337390327,53.012012740907785,3780500
2015-02-05,52.32705307006836,52.75064209220326,52.13778623248975,52.5974298462885,4917400
2015-02-06,50.52455139160156,52.11076479629482,50.218123372305016,52.05668805005605,3613000
2015-02-09,50.263179779052734,50.78590784662278,50.055890766220834,50.48849437187365,3013400
2015-02-10,51.20048522949219,51.281598613963865,49.397968630590505,50.20008796701734,4218400
2015-02-11,49.74946212768555,51.200488636439,49.605260927699184,50.93912288708002,5351800
2015-02-12,49.74946212768555,50.05589010741005,49.45204521882303,49.97477671754098,3883600
2015-02-13,48.72202682495117,49.641310739160936,48.10917088214467,49.587234001374114,4574300
2015-02-17,49.01943588256836,49.2988271789845,48.32546661445915,48.84819805200663,4569700
2015-02-18,50.06489944458008,50.10996167338515,48.91128988463736,49.028454429952696,3979500
2015-02-19,49.61426544189453,50.21811025068174,49.35289972707578,50.21811025068174,2071100
2015-02-20,49.55118179321289,49.72241963553563,48.87523805632071,49.54217072278649,1791700
2015-02-23,49.803531646728516,49.85760838187713,49.47006704171426,49.59624265236681,1821600
2015-02-24,49.70439529418945,50.1550244321675,49.65932962996966,49.86662205890375,2253200
2015-02-25,48.767086029052734,49.839582143422945,48.649921490129564,49.722417604499775,2379200
2015-02-26,48.59584426879883,48.94733788204661,48.42460643518641,48.920297796087574,2070100
2015-02-27,48.42461013793945,48.77610034003622,48.25337229123346,48.66795030201285,3118700
2015-03-02,48.127193450927734,48.66794704285962,47.676564311642,48.24435455176223,3637200
2015-03-03,48.406585693359375,48.48769908328533,47.79372973348062,48.05509548302287,4373200
2015-03-04,48.3344841003418,48.46967078394802,48.136206172086204,48.42460855607928,3293300
2015-03-05,48.51474380493164,48.92030735526346,48.29844026513029,48.38856473453111,2639700
2015-03-06,47.045684814453125,48.60486128961867,46.883458042421786,48.60486128961867,2472000
2015-03-09,46.92851638793945,47.225933258065524,46.65813960293316,47.05469199174057,2085600
2015-03-10,46.65814208984375,47.31606022903657,46.64011651147891,46.865431083998125,2203300
2015-03-11,46.306663513183594,46.811366081788584,46.18949894345955,46.64012820144452,1790200
2015-03-12,47.23494338989258,47.415195722326935,46.53196307522859,46.53196307522859,1780100
2015-03-13,46.68518829345703,47.10878087665888,46.063321183716056,47.090755294604726,3318700
2015-03-16,48.26238250732422,49.325867603468524,46.91950953139757,46.91950953139757,5506500
2015-03-17,47.81175231933594,48.208308173265564,47.66755112827814,47.78471567039622,3905600
2015-03-18,48.89325714111328,48.956344939801575,47.424205318741905,47.78470997241259,3929100
2015-03-19,48.31645965576172,49.34389360260831,48.307445147159804,48.66794985462737,2118000
2015-03-20,48.631893157958984,48.97437224724808,47.92891284028475,48.5688053570409,4867800
2015-03-23,49.10956954956055,49.379946369957345,48.685977020187956,48.839189291135945,2460900
2015-03-24,48.18126678466797,49.37994194635077,48.06410568374261,49.09153957202645,2709300
2015-03-25,47.550376892089844,48.523737311812184,47.51432918019511,48.163232688649785,2549400
2015-03-26,47.19890594482422,47.8027509181633,46.87445233980958,47.51434847771213,2059200
2015-03-27,47.28526306152344,47.61256019884588,47.08525084172813,47.33981374046364,1744000
2015-03-30,48.13986587524414,48.330788020943395,47.33980671039537,47.367080311735585,3210000
2015-03-31,48.248966217041016,48.59444688037932,47.92166911157936,48.1307748249223,5086200
2015-04-01,48.294437408447266,48.58536748267839,47.57620573852921,48.33989458226587,2337100
2015-04-02,48.721736907958984,48.84901836737873,48.22170111674154,48.37625618370562,2334500
2015-04-06,49.339962005615234,49.72180636757203,48.77628550875351,48.77628550875351,1860900
2015-04-07,48.621734619140625,49.285419067878834,48.5490038346477,49.25814545721399,2525300
2015-04-08,48.73992156982422,49.02175810257328,48.38535079110138,48.5853630312098,2257600
2015-04-09,47.98530960083008,48.75809520018031,47.55800813132674,48.66717741123138,5089000
2015-04-10,48.22169494628906,48.25806206380107,47.43072574711941,47.83984714873144,3571400
2015-04-13,47.59437561035156,48.42170848151688,47.548918446297066,48.2398798252989,1603600
2015-04-14,47.548919677734375,47.839849697008916,47.46709539305345,47.67620112764706,2345900
2015-04-15,47.20344543457031,48.294434890127256,47.130714653885114,47.721668287191754,2577000
2015-04-16,47.20344543457031,47.29436324562665,46.73068668971685,47.20344543457031,5134800
2015-04-17,47.60346984863281,47.67620061859518,46.99433274292109,47.048883421512386,4328200
2015-04-20,47.80349349975586,48.130787221355334,47.612567826956244,47.81258354695587,2864300
2015-04-21,47.30344772338867,48.19442135788291,47.17616627105513,47.830760560952726,3696300
2015-04-22,47.13979721069336,47.49437141523366,47.02160927733925,47.312539290172836,3258000
2015-04-23,47.44891357421875,47.73984360416745,47.14889349815395,47.167077058545686,2484500
2015-04-24,47.94895935058594,48.15806512135511,47.21254066105626,47.43073647918061,1711700
2015-04-27,47.15798568725586,48.185334353037405,47.11252851829059,48.085326500418006,2092400
2015-04-28,47.82167053222656,47.848947608399975,46.87614961676806,47.01252112499625,2205300
2015-04-29,49.021751403808594,49.1399428032854,48.09441417148059,49.00357131295917,7885100
2015-04-30,48.11259460449219,48.91265386576771,47.467093861810014,48.885380261140355,5687500
2015-05-01,48.630821228027344,48.712645516560855,47.97622691975925,48.13078198245613,2331800
2015-05-04,48.79446792602539,49.3854215255863,48.439897153552714,48.585362174776364,4492400
2015-05-05,47.59437561035156,48.74900561176413,47.558011960003554,48.621724165147825,3431100
2015-05-06,47.212528228759766,47.82166181779607,46.757949681183156,47.50345822175608,1996400
2015-05-07,47.067073822021484,47.55801959622174,47.012523135501496,47.22162889825497,2589000
2015-05-08,47.639827728271484,48.03076551195765,47.367077856372354,47.58527706025992,2127000
2015-05-11,47.330726623535156,48.13078248854242,47.23980881967552,47.61256314510105,1964800
2015-05-12,46.9852409362793,47.2670808961989,46.639760254468044,47.067065217019874,2146600
2015-05-13,46.312477111816406,47.448923871738714,46.13973845284591,47.11253660188659,1837600
2015-05-14,46.75794982910156,46.903414826059894,46.448836277045224,46.448836277045224,2058600
2015-05-15,47.28526306152344,47.47618870373445,46.83068447483325,46.912508759163856,2189000
2015-05-18,47.748939514160156,47.89440453643295,47.1579859103371,47.1579859103371,1964800
2015-05-19,48.19442367553711,48.248974358371726,47.36709072742347,47.49437565403756,2803900
2015-05-20,48.048954010009766,48.47625898049659,47.93076607753582,48.185328969829605,2897900
2015-05-21,48.32170867919922,48.35807233298731,47.8307629373838,48.085325854698624,1961300
2015-05-22,47.92168426513672,48.23989142636146,47.46710557895293,48.176250687748535,2567100
2015-05-26,47.89440155029297,47.921675156468744,47.257990816968814,47.9034915962984,1944700
2015-05-27,48.42171859741211,48.44899567607077,47.74894410527234,47.86713553103312,2030700
2015-05-28,48.512630462646484,48.63991192024252,48.18533330416548,48.38534900505045,2835900
2015-05-29,48.612640380859375,48.93084403838446,48.43989827978026,48.639913989173024,2641400
2015-06-01,48.785377502441406,49.05812398160766,48.56717823821262,48.903568915071986,2527700
2015-06-02,48.09442138671875,48.60354724270509,47.47619416031267,48.4762657787085,3136200
2015-06-03,47.2489013671875,48.0035000489018,46.839779928590815,47.93985932158226,3445100
2015-06-04,47.13979721069336,47.37618001372022,46.95796855379186,47.06706644156463,2501700
2015-06-05,46.69431686401367,47.085254758540366,46.22155467834977,47.085254758540366,4312300
2015-06-08,46.17611312866211,46.70342270800752,46.148836043616754,46.70342270800752,2289600
2015-06-09,45.75788497924805,46.75795654342439,45.67606068994928,46.66704220783003,3562400
2015-06-10,45.848793029785156,46.24882090698704,45.80333586821935,46.057898747515175,3033000
2015-06-11,46.02153778076172,46.47611639348245,45.8487991564653,46.15791275184177,2872600
2015-06-12,45.676063537597656,45.921532952638,45.53059851068199,45.81243504949121,2002900
2015-06-15,45.28512191772461,45.63059916074795,45.139656902725434,45.61241560035311,2658800
2015-06-16,45.5578727722168,45.58514638135434,44.96691914106436,45.14875129435433,2081900
2015-06-17,46.1851806640625,46.2488213845436,45.476039225467886,45.557863504394895,2131000
2015-06-18,46.99433517456055,47.18526082542952,46.139728641366275,46.1942793227802,2552700
2015-06-19,46.43975830078125,47.06707561291093,46.43975830078125,46.91251706263666,4780600
2015-06-22,46.50339126586914,46.77613772695049,46.21246124496112,46.676129881983464,2353600
2015-06-23,45.85789108276367,46.60339976073649,45.59423811237796,46.43975464415489,2364800
2015-06-24,45.32148361206055,46.112452848341164,45.2305692821742,45.95789432574312,4142500
2015-06-25,45.09419250488281,45.5033139092297,45.012368224013436,45.46694679147459,3418800
2015-06-26,45.603450775146484,45.640154593138625,44.750106258307355,45.06208171070305,3099400
2015-06-29,45.263954162597656,46.19987712193346,45.21807263495233,45.54840003249161,2662800
2015-06-30,45.05290603637695,45.557574805839856,44.87856814346088,45.557574805839856,3082300
2015-07-01,45.3098258972168,45.392407735132416,45.025376566558855,45.17218833393455,3031100
2015-07-02,45.686038970947266,46.0438924954803,45.4382934154392,45.585105207562215,3714700
2015-07-06,45.906253814697266,45.97048375345316,45.44746653771562,45.52087418216187,2697800
2015-07-07,47.163326263427734,47.39271986684855,46.10811428758453,46.15399230821497,4067100
2015-07-08,47.19085693359375,47.50283240438838,46.96146330801737,47.163330818610646,3034600
2015-07-09,46.52102279663086,47.27343352487749,46.41091484866682,47.27343352487749,2557800
2015-07-10,46.906402587890625,47.47530123899438,46.39256316143378,46.6953608948432,2178900
2015-07-13,46.998172760009766,47.337674386470304,46.79630522522652,47.071576908850446,1609300
2015-07-14,46.79630661010742,47.36520190646857,46.71372475254939,47.03487447623646,2209300
2015-07-15,47.18168258666992,47.245916026650676,46.57608351205433,46.71372109730436,1676700
2015-07-16,47.96162033081055,48.01667606182085,47.291791354729035,47.291791354729035,1457300
2015-07-17,47.09909439086914,47.85150509901846,47.08991668696062,47.82397548756136,2419300
2015-07-20,46.970638275146484,47.20920960976799,46.63113668385943,47.053220121704854,1428400
2015-07-21,46.42926025390625,46.94310314495636,46.19069246536733,46.86969901781682,2105900
2015-07-22,47.089927673339844,47.23673946771211,46.420098642749515,46.456802466409904,3136400
2015-07-23,46.181522369384766,47.04404106652828,46.016358693296,46.924755411515584,2534700
2015-07-24,46.199867248535156,46.41091242984755,45.97965136408417,46.1448150275566,2835000
2015-07-27,47.55788803100586,47.59458835081372,46.282456535354164,46.282456535354164,3111000
2015-07-28,47.97079086303711,47.979968567637314,47.310139642840184,47.46612561835639,4114900
2015-07-29,48.02585220336914,48.34700189653958,47.401901227835886,47.62212066048785,3111900
2015-07-30,47.879032135009766,48.16348145710426,47.53035288538886,47.768924187859994,3044000
2015-07-31,48.18183517456055,48.860841840728426,48.10843103512745,48.227716699508754,2825700
2015-08-03,48.301124572753906,48.54887012549622,47.989149080441635,48.31947648409806,2403700
2015-08-04,47.70469665527344,48.145131966252436,47.61293711115154,48.10842814860368,2390900
2015-08-05,47.55788803100586,47.75057783600564,47.30096479073721,47.56706223589059,7303400
2015-08-06,47.86068344116211,47.93409107770396,47.38354430444638,47.704697463913824,6080400
2015-08-07,48.530521392822266,48.63145516169152,47.521190704668506,47.69552862345305,2071000
2015-08-10,47.9340934753418,48.77826033618525,47.84233392507472,48.5855705310278,1848200
2015-08-11,48.29195022583008,48.67732986212149,47.833162944376966,47.92491900055992,2059600
2015-08-12,48.79661178588867,48.90671974490146,47.9891452525008,48.08090480190221,4918800
2015-08-13,48.96176528930664,49.2003330675846,48.17265082995401,48.649789886778116,2276300
2015-08-14,49.6224250793457,49.64077348705288,48.64061725412154,48.83331053773235,1673200
2015-08-17,49.79676818847656,50.12709556622071,49.52149654044608,49.67748252423142,1872500
2015-08-18,49.92522048950195,50.01697652484675,49.374677276896435,49.62242277264943,2317500
2015-08-19,49.66830825805664,49.90687608598331,49.2921028561503,49.7141862826269,2337900
2015-08-20,49.43891143798828,49.97110278907332,49.136110194921095,49.36550380320762,1707200
2015-08-21,48.70485305786133,49.51231604656771,48.66814924011957,49.08105843904256,2665500
2015-08-24,46.25493240356445,48.15431142061098,45.82367124984454,47.255088791789795,7272100
2015-08-25,44.9244499206543,46.943114666328675,44.86939768685511,46.86971052117336,3850600
2015-08-26,45.35570526123047,45.57592116868042,44.51153494862234,45.53922085095125,4967600
2015-08-27,46.19070053100586,46.24575626117538,45.208896094730896,45.58510150021692,5577500
2015-08-28,46.264102935791016,46.34668477781352,45.65850392771554,46.14482077530091,2511100
2015-08-31,45.49334716796875,46.36504017681859,45.33735767673297,46.09894622162427,3144400
2015-09-01,43.933467864990234,44.86939427129262,43.667370420986146,44.52071498260689,3462200
2015-09-02,43.97935104370117,44.77763996899611,43.42880768148452,44.355556491278726,3055600
2015-09-03,44.318843841552734,44.43812949637762,43.795826701518,44.02522030680582,2566000
2015-09-04,43.67654800415039,44.01605311425126,43.51138430201191,43.887593234870046,2813600
2015-09-08,44.759281158447266,44.768458863222335,43.95181815168078,44.31884583650133,5176200
2015-09-09,43.960994720458984,45.034558719408075,43.87841287438598,44.961151078334744,3499300
2015-09-10,43.76830291748047,44.33719810878475,43.6214911422965,43.84170705493804,3056900
2015-09-11,44.44730758666992,44.4840114067896,43.557262700515814,43.612314930426386,3036500
2015-09-14,44.493194580078125,44.81434429492162,44.06193339134311,44.52072069841632,3257700
2015-09-15,44.77763366699219,44.97032346662192,44.22709038225899,44.57576966273339,4465200
2015-09-16,45.21805953979492,45.30981906824288,44.71339438426952,44.777624304049034,2387100
2015-09-17,45.961307525634766,46.82382630831067,44.90609543490095,45.15384097360199,5314400
2015-09-18,46.36503219604492,46.888049311435964,45.25476803883015,45.7869628581507,9342800
2015-09-21,46.96146011352539,47.117446088177495,46.35586112320959,46.5118470978617,3629600
2015-09-22,47.20920181274414,47.429417700349816,46.355857372668204,46.72288501876714,7625800
2015-09-23,47.713871002197266,47.75974902426102,46.96146023949181,47.24590957671703,6284200
2015-09-24,48.11760711669922,48.26441890156045,47.11745073849799,47.44777812950303,4600600
2015-09-25,48.558040618896484,49.17281735098543,48.05337534645472,48.22771674076166,3907200
2015-09-28,48.13692855834961,48.803312877546205,47.93331387352579,48.36831161022341,3278700
2015-09-29,48.13692855834961,48.29427086954889,47.627886550352294,48.22948389747424,3281500
2015-09-30,48.86809539794922,48.96990449639935,48.1739463055618,48.40532933635761,4164700
2015-10-01,48.664485931396484,49.05320776996781,48.36831237215731,48.97916349750171,3085600
2015-10-02,49.053199768066406,49.053199768066406,48.34979694750861,48.8125629830564,2828400
2015-10-05,49.47894287109375,49.51596500068716,48.794051126738694,49.303093051461964,3164600
2015-10-06,49.15501403808594,49.50671725072065,48.76628869135809,49.44192675074515,3423500
2015-10-07,48.803306579589844,49.30309475449075,48.56266979016981,49.238307790776716,2464800
2015-10-08,49.136505126953125,49.284590139198,48.45160973867979,48.664485253742924,2576500
2015-10-09,48.59043884277344,49.312352804351775,48.55341670868608,49.13650296337437,2921000
2015-10-12,49.053199768066406,49.423414008754506,48.72926495543281,48.784794620098765,4137900
2015-10-13,48.812564849853516,49.266073604884625,48.75703165243908,49.04394787647647,2323800
2015-10-14,48.8403205871582,49.32159761657521,48.77553363421977,48.86808541538206,2473000
2015-10-15,50.02501678466797,50.0527851526481,48.93288846079083,48.94214576032597,3015400
2015-10-16,50.00649642944336,50.302666408310394,49.8676687378258,49.969477830053464,4209200
2015-10-19,50.24713897705078,50.24713897705078,49.62703062893396,49.91394685336112,2782500
2015-10-20,50.28416442871094,50.74693051313953,49.97873711828805,50.0620351547102,1671000
2015-10-21,50.136077880859375,50.8950175375994,50.099059275911834,50.63586611921555,1798400
2015-10-22,50.441490173339844,50.62659726542188,50.18234236279947,50.20085342507008,2286800
2015-10-23,49.63629913330078,50.5062982399754,49.580765923273454,50.35821321052811,2382500
2015-10-26,49.78438186645508,49.89544475076139,49.30310466029379,49.76587079729978,3388400
2015-10-27,50.04352569580078,50.17309963870463,49.7288446070521,49.7288446070521,4097100
2015-10-28,49.00692367553711,50.071283434684965,48.25724142990933,49.886179845702486,3980000
2015-10-29,48.451602935791016,49.3678812477102,47.6371372481125,48.82181717973557,5265500
2015-10-30,49.42341995239258,49.75660857233139,48.470119403695854,48.562674740310875,4782300
2015-11-02,49.5622444152832,49.72884047965389,48.98841548835353,49.3771372848019,2595200
2015-11-03,49.63629913330078,49.69182881270252,49.02544794550252,49.39565875380794,2370400
2015-11-04,50.12682342529297,50.17309932881207,49.414163213098405,49.497461251682836,2823800
2015-11-05,49.71959686279297,50.330448046656834,49.67331742275547,50.043531759302,2902600
2015-11-06,48.06288528442383,48.914373175739925,47.24841599618126,48.914373175739925,4892300
2015-11-09,48.59043884277344,48.7755459825852,47.7759695459767,47.8685248811951,3455000
2015-11-10,49.395652770996094,49.41416383876314,48.38682252675567,48.56267590523003,2730900
2015-11-11,49.673309326171875,49.78437572740773,49.34937448246314,49.47894841994663,2667600
2015-11-12,48.85883712768555,50.089792902157576,48.84032606325275,49.57149722053758,1734900
2015-11-13,48.36830139160156,49.34936659530491,48.24798477209624,48.85883575876545,2074500
2015-11-16,49.46044158935547,49.46969888889718,48.1739523418317,48.33129465841301,2170700
2015-11-17,48.26650619506836,49.68256934748713,48.081399046823215,49.28459021447888,2870700
2015-11-18,48.74777603149414,48.849585131611164,47.868523324574205,48.28500996232579,2248000
2015-11-19,49.22904968261719,49.42341410118551,48.74777258107245,48.85883897186139,1663100
2015-11-20,49.59001159667969,49.92320018684724,49.36788233927655,49.50671356648161,1873600
2015-11-23,48.803306579589844,49.64554063849705,48.61819945585342,48.7477733832815,2954500
2015-11-24,48.63671112060547,48.794053413438895,48.15543400521023,48.618200054941255,2684900
2015-11-25,48.460872650146484,48.766296478623985,48.28501925043539,48.74778540862147,1362000
2015-11-27,48.8403205871582,49.099468398911924,48.52563958833262,48.52563958833262,726200
2015-11-30,48.803306579589844,49.321605819926866,48.72000855043969,48.82181764502596,3410200
2015-12-01,48.98841857910156,49.330864497191214,48.48863035445716,49.09022768382081,1619600
2015-12-02,48.33129119873047,48.942142291620634,48.257246930198306,48.79405728518135,2979300
2015-12-03,47.95181655883789,48.33128455635067,47.572348561325114,47.94255926123112,3279500
2015-12-04,49.16426086425781,49.24755888889309,48.13691973729757,48.13691973729757,4915000
2015-12-07,49.18278121948242,49.20129228741201,48.192462034313145,49.10874047838926,3506400
2015-12-08,48.79404830932617,49.21979218319373,48.19245109535615,49.07170720399526,2377600
2015-12-09,48.65522384643555,49.46043581186724,48.5071388466938,48.62745901230424,2223800
2015-12-10,47.80373001098633,48.86808971039572,47.60011183778433,48.682982601177955,3091500
2015-12-11,47.85926055908203,48.2572396155557,47.37798347844819,47.72043287256475,2292400
2015-12-14,48.38681411743164,48.44234731108146,47.64638918855684,47.979581289206635,2025400
2015-12-15,48.77553939819336,49.404901470218405,48.49788049127044,48.52564532277537,2830600
2015-12-16,50.19160461425781,50.24713781045837,48.80330648486635,48.90511557925501,2453200
2015-12-17,49.839900970458984,50.33968913975251,49.70107327718279,50.21936898108006,2723400
2015-12-18,49.15501403808594,49.81214103042642,48.90511992889483,49.58075798828188,4426600
2015-12-21,49.10873031616211,49.636283285799,48.79404928772743,49.321602257364326,1800900
2015-12-22,49.2475700378418,49.4511882620742,48.5719319209006,49.21980520021932,1453500
2015-12-23,50.05278015136719,50.0712876873376,49.30309784206742,49.41416071101463,1625800
2015-12-24,49.92320251464844,50.14533178240894,49.85841554709848,50.05277998037327,592200
2015-12-28,49.960227966308594,50.01576116959374,49.5807599037564,49.77512081931663,1383800
2015-12-29,50.22624588012695,50.5342659709376,50.095566913652085,50.15157218499846,1142700
2015-12-30,50.32890701293945,50.71160428456421,50.19823163269542,50.35691142344679,1419200
2015-12-31,49.64752960205078,50.44092149687083,49.33017355625023,50.2449084111039,1753600
2016-01-04,49.414188385009766,49.50753050942964,48.96615686970825,49.330182253350856,2201500
2016-01-05,49.48885726928711,49.731539647889896,48.45278293318314,49.34884587659936,2345700
2016-01-06,49.208831787109375,49.4328457141588,48.99415029008818,49.12482567430654,2599300
2016-01-07,48.96615982055664,49.190177372026355,48.667472125689144,48.73280983640152,2331100
2016-01-08,48.59279251098633,49.16216337041168,48.50878639063873,49.00348712122039,3351500
2016-01-11,48.751468658447266,49.040823863626834,48.45278102242077,48.723467805268996,3605300
2016-01-12,49.05949401855469,49.143500141693764,48.088757386867066,49.01282118075928,3495200
2016-01-13,48.80747604370117,49.44218818796356,48.72346991988299,49.16216540147784,2935000
2016-01-14,49.852882385253906,50.104900754535166,48.79813963099626,48.99415629197342,3362600
2016-01-15,48.97549057006836,49.65687202356912,48.42478452400092,48.87281601833138,4201600
2016-01-19,49.45152282714844,49.81554819306787,48.947486061734864,49.19950444444165,4674800
2016-01-20,47.874080657958984,49.47952602892361,47.27670530498257,49.23684362701618,4104800
2016-01-21,48.051422119140625,48.4994536037188,47.416709959162105,48.11675982143508,3606100
2016-01-22,48.87282180786133,48.90082266687468,48.07009728352176,48.51812883092654,3674700
2016-01-25,48.172767639160156,48.95682366878476,48.0140878104572,48.91948681960313,2125100
2016-01-26,48.667457580566406,49.292837202728315,48.39677082529279,48.6487891601368,3367800
2016-01-27,49.218170166015625,49.2461710201219,48.64879572827059,48.788807120077195,3824900
2016-01-28,50.179569244384766,50.552930570507804,48.863475732725405,49.218168636478545,2223200
2016-01-29,51.25298309326172,51.43966376618214,50.33825171265309,50.53426481693258,3727600
2016-02-01,51.7663459777832,51.8316836712637,50.97295766515592,51.299646132558394,3141500
2016-02-02,52.89576721191406,52.951772484131205,51.40232889250178,51.411664884856876,6190100
2016-02-03,53.63315200805664,53.88517038299945,52.92376972204695,53.1197828267899,3970700
2016-02-04,52.578407287597656,53.60514554266709,52.4850651803676,53.45580173173631,4175900
2016-02-05,52.494407653808594,52.70908918599223,51.4489972875608,52.18638400286833,3687200
2016-02-08,52.550411224365234,53.31579882207058,52.018373590853905,52.49440951176692,3841300
2016-02-09,52.19571304321289,52.83976115855703,51.9716990940269,52.33572443193228,5980000
2016-02-10,52.4290657043457,52.793094621776774,51.5236703083985,52.0837087710594,4100300
2016-02-11,51.48633575439453,52.71842327563129,51.41166561767847,52.15838478802835,3672500
2016-02-12,51.53300857543945,51.887701540963626,50.82362620502922,51.57967785917308,2877300
2016-02-16,52.03703308105469,52.24238215369327,51.56100080250929,52.08370235375329,2939900
2016-02-17,52.093040466308594,52.755753423276495,51.69167829560693,52.3263903999427,3998600
2016-02-18,52.270389556884766,52.62508248299933,51.29032046482072,51.89702820722336,4134400
2016-02-19,52.16771697998047,52.3917345103742,51.62634691920555,52.34506523006154,4175200
2016-02-22,52.71841812133789,52.74641897478902,51.92502974803053,52.29838751638325,3043400
2016-02-23,53.40913772583008,53.53047713624008,52.44773351004877,52.55040805780929,2680300
2016-02-24,53.63315200805664,53.71715813303758,52.727756617303996,53.213121383151964,2873500
2016-02-25,54.45453643798828,54.566543400479674,53.47446750475505,53.81049195286636,2755300
2016-02-26,52.6717529296875,54.50121575019875,52.643752074065105,54.2025280881005,2557300
2016-02-29,52.95177459716797,53.36246926123564,52.57841678273499,52.71842462790812,3186000
2016-03-01,52.466400146484375,53.42780432952307,52.195713358995924,53.29712537096353,2868600
2016-03-02,52.48507308959961,52.587747642706546,51.06630489163746,52.27039155157504,2665600
2016-03-03,52.54106903076172,52.64374356563303,51.90635696122746,52.587738302802165,2171700
2016-03-04,52.737083435058594,52.81175712070972,51.999696812121634,52.354389697689854,3636600
2016-03-07,52.70908737182617,53.073112720853466,52.45706900081397,52.61574525628223,3824400
2016-03-08,53.14778518676758,53.27846415426819,52.606415135387635,52.625083559316295,3398400
2016-03-09,53.46513366699219,53.614477476539875,53.13844519630579,53.13844519630579,2035200
2016-03-10,53.24112319946289,53.77316077815675,52.793091741648986,53.47447313961415,2023400
2016-03-11,53.50246810913086,53.79182328492628,53.27845418517844,53.67048033241373,2304100
2016-03-14,53.707820892333984,53.791827009792506,53.20378418758286,53.25045346158485,2040200
2016-03-15,53.651824951171875,54.025186329348074,53.40914254780394,53.54915039414152,2485500
2016-03-16,54.19319534301758,54.23986462233094,52.923771006122706,53.418471775992295,2669500
2016-03-17,55.07059097290039,55.35061021487231,53.8105026037078,54.22119725455744,3023700
2016-03-18,54.82790756225586,55.537289866134266,54.54788476484076,55.24793463710296,5690500
2016-03-21,54.67856216430664,55.387944447847175,54.09985172283556,54.94924540106954,1644100
2016-03-22,54.669219970703125,55.20125751316418,54.426537616153475,54.57588142525417,1726800
2016-03-23,55.03324890136719,55.23859798762164,54.389204349893014,54.51054731546496,1545700
2016-03-24,54.93057632446289,55.173262264293655,54.71589479962037,54.79990092330984,2026200
2016-03-28,54.622562408447266,55.350613188819466,54.46388257440013,55.070593931802314,1703300
2016-03-29,55.68085861206055,55.74670830290065,54.71192437095136,54.71192437095136,2252800
2016-03-30,55.91603469848633,56.11358735104463,55.304572797206305,55.793744471353634,2743400
2016-03-31,56.179439544677734,56.329953636625376,55.662043989352384,55.897222482304265,2810900
2016-04-01,56.28291320800781,56.52749723804683,55.709077166581714,55.80314711924164,2277200
2016-04-04,55.99129867553711,56.47106124484777,55.8501901376897,56.433435411489086,2529700
2016-04-05,54.77777099609375,56.000698371374725,54.74014157813709,55.859593436845465,3240700
2016-04-06,55.191688537597656,55.20109768715912,54.36386280314427,54.65548184584569,4013100
2016-04-07,55.26694869995117,55.55857133815694,54.87185053387161,54.956511350712205,1829500
2016-04-08,55.78432846069336,55.95365723432133,55.31397155362421,55.54915000715878,2367200
2016-04-11,55.408050537109375,56.066547400933466,55.3139769933211,55.859592781676795,2213200
2016-04-12,55.69967269897461,55.784337098898874,55.11643104868464,55.520938338485145,1762500
2016-04-13,55.34220886230469,55.821971445191714,54.965921809756175,55.821971445191714,1635700
2016-04-14,55.361019134521484,55.4927221128671,55.05058537119775,55.25754360577306,1803000
2016-04-15,55.76552200317383,55.991294930922486,55.29516502652482,55.51152880515869,2266100
2016-04-18,56.01951599121094,56.08536568178734,55.32338966553501,55.76552278961383,1809800
2016-04-19,56.04774475097656,56.28292326318064,55.64323742290239,56.06655587403829,2133500
2016-04-20,54.93769073486328,56.188838299786674,54.93769073486328,56.066544493473124,3051100
2016-04-21,53.26321792602539,54.693103428618244,53.131518559352386,54.68369786894386,3644700
2016-04-22,53.61129379272461,53.86528342122381,53.282041731287016,53.338485864586396,2410900
2016-04-25,53.71477508544922,53.73358979856814,53.24441802309488,53.4419707165738,1764800
2016-04-26,53.620697021484375,54.04401903146706,53.441962656620156,53.86528107806378,1523500
2016-04-27,54.33563995361328,54.6554828624089,53.46077922069796,53.7712129797571,2155100
2016-04-28,54.33563995361328,54.617857029080554,53.695957724561225,53.86528294588673,1462800
2016-04-29,54.74955368041992,54.86243835184077,53.57366121988057,53.996983223382536,1895800
2016-05-02,55.191688537597656,55.55857001117347,54.617856013217164,54.900069494896236,1791200
2016-05-03,55.51152801513672,55.60560156225107,54.90947166776049,55.07880046402742,2782100
2016-05-04,55.63382339477539,56.0571453973331,55.182281121560166,55.219910541462845,3680900
2016-05-05,55.643226623535156,56.06654499251245,55.31397461722785,55.65263218324057,2516900
2016-05-06,55.50212478637695,55.95366706587872,55.10702663751504,55.63382416933092,2325400
2016-05-09,55.615013122558594,55.916041328722265,55.44568430802411,55.643236984007196,1544700
2016-05-10,55.737308502197266,56.11359556463207,55.61501466862505,55.981892580802324,1947700
2016-05-11,55.63382339477539,55.88781659631002,55.12583699170614,55.67145281467808,2588300
2016-05-12,55.7278938293457,56.00069813704293,55.42686207549089,55.6714497026469,3716700
2016-05-13,55.66203689575195,55.86899509150723,55.28575350810612,55.76551599362959,2129100
2016-05-16,55.59619903564453,55.65264317063651,55.21050641788094,55.605608185746185,1825600
2016-05-17,54.2321662902832,55.56797851564057,53.95935835517581,55.44568468463737,2732400
2016-05-18,53.630096435546875,54.82480348743831,53.38551240700044,53.95934844492469,3347000
2016-05-19,54.128684997558594,54.14749970838361,53.04686245062476,53.347890646746684,1550400
2016-05-20,54.21335220336914,54.49556570324887,53.84647429467156,54.33564244724211,2164900
2016-05-23,54.19453811645508,54.87185339480761,54.10046455638423,54.14750313068935,2641200
2016-05-24,55.06939697265625,55.201096355025655,54.15690326832676,54.410896472270196,2511600
2016-05-25,54.9847412109375,55.25754916787625,54.627268839381195,54.80600323088955,1903900
2016-05-26,55.869014739990234,55.87842389140014,54.80600670867952,54.909485842949564,1944900
2016-05-27,55.99129867553711,56.12299806364046,55.56797665053407,55.88781955958757,2039200
2016-05-31,56.518089294433594,56.61215924312594,55.74670064329462,55.953658836664,3375000
2016-06-01,56.734466552734375,56.74387211442716,56.2170709461464,56.44284390070655,2079200
2016-06-02,57.00726318359375,57.00726318359375,56.311136879346044,56.52750065437108,1879100
2016-06-03,57.90093994140625,58.17374783419321,57.38354801309429,57.430582990479245,3048700
2016-06-06,57.665771484375,58.13612851701842,57.364743270566365,57.86332057683579,1453000
2016-06-07,57.98560333251953,58.154932119005665,57.439991144927625,57.759834009563804,2347900
2016-06-08,58.33366775512695,58.34307690377238,57.844499681727996,57.85390524183465,1945700
2016-06-09,59.24616241455078,59.29319739297288,58.28663378287691,58.28663378287691,2420000
2016-06-10,59.28379821777344,59.50956757393118,58.93573503371572,59.18972466225837,2306700
2016-06-13,58.888694763183594,59.66948910301204,58.86047449161263,59.30261121843303,2174200
2016-06-14,59.24616241455078,59.29319739297288,58.65351163852363,58.992169224824856,1523400
2016-06-15,58.65350341796875,59.29318908276314,58.4089194113301,59.264968817372846,2019400
2016-06-16,59.21794509887695,59.387273900473346,58.681738423334714,58.681738423334714,2678100
2016-06-17,59.28379821777344,59.34964791236438,58.76640622232781,59.16150438987346,3640300
2016-06-20,58.860469818115234,59.283791800763694,58.42774227520295,59.27438265196105,2705600
2016-06-21,58.91691589355469,59.199129361806165,58.277230118297226,58.8698809136026,4283400
2016-06-22,58.46537399291992,59.08624506237841,58.42774457330693,59.06743035257192,2761100
2016-06-23,58.446556091308594,58.60647573312204,58.19256290560009,58.568846315564016,2179500
2016-06-24,58.945133209228516,59.50015455733653,57.637541453992384,57.778646386775854,4832300
2016-06-27,59.42490005493164,59.60363800677648,58.47478051951166,58.69114430305208,3444700
2016-06-28,59.15945053100586,59.46283203185469,58.780221846648445,59.46283203185469,4076700
2016-06-29,59.330101013183594,59.661923388007494,59.131003971696614,59.4438681678957,4018700
2016-06-30,60.60050582885742,60.62895032861189,59.41542080920743,59.614517841118904,3851400
2016-07-01,60.70479202270508,60.98921531194967,59.99374103277831,60.9038854319024,2331200
2016-07-05,61.5201301574707,61.652859094967226,60.647909358726494,60.647909358726494,2873700
2016-07-06,61.994163513183594,62.032087099680396,61.1503836048872,61.49168865017389,5048900
2016-07-07,61.055580139160156,61.93728366115908,60.8280458463431,61.7192248403702,4517300
2016-07-08,61.46324920654297,61.48220738364263,60.17387616822466,60.80907998224163,2813900
2016-07-11,61.368438720703125,61.387396896216785,60.534134334420195,61.09349816005844,2070900
2016-07-12,60.39193344116211,61.15038713188247,60.335048058135904,61.11246354319833,2675500
2016-07-13,61.2072639465332,61.23570482744915,60.57206016212924,60.847000732957305,2536800
2016-07-14,60.865966796875,61.1788309938636,60.60999160227497,60.884932208732955,2936200
2016-07-15,61.26416015625,61.387406399127826,60.84700789853241,61.17883027026903,3028500
2016-07-18,61.16933822631836,61.652854884569436,61.15986275513328,61.34947344341239,2889300
2016-07-19,61.065059661865234,61.31155211907702,60.79011909049727,61.245187652414714,1868900
2016-07-20,60.92284393310547,61.19778448601231,60.70478513832283,61.05557285751789,2017100
2016-07-21,60.82804870605469,60.913371357428076,60.43933733908233,60.76167699962859,3160100
2016-07-22,61.64337158203125,61.64337158203126,60.524654788990375,60.85648072344299,2921800
2016-07-25,61.55805969238281,61.58650057699665,60.9797375946172,61.58650057699665,1762400
2016-07-26,60.82804870605469,61.63390509060543,60.733236115837464,61.5390997335733,2496500
2016-07-27,60.62894821166992,60.960774175541246,59.993740782688576,60.6763508874823,1944700
2016-07-28,60.439327239990234,60.76166684667525,59.633470990093805,60.76166684667525,2511900
2016-07-29,60.61946105957031,60.85648165442929,60.24971515212867,60.42036766580821,2725500
2016-08-01,60.81856918334961,60.903891839188375,60.37297602547477,60.46778138746856,1922000
2016-08-02,60.98921585083008,61.01765673336889,60.335046619698325,60.72375796955481,3328700
2016-08-03,61.197792053222656,61.415843641783844,60.69530993931842,60.998691408801,3648800
2016-08-04,61.159873962402344,61.99417127016939,60.97025600619249,61.54857811455803,2958800
2016-08-05,60.58155059814453,61.14090728270056,60.40141535177584,61.05558462906399,2954000
2016-08-08,60.211788177490234,60.8849191064786,60.19283000289732,60.64790214155658,1960700
2016-08-09,60.164390563964844,60.58154277190335,60.10750880222208,60.23075503039284,2583700
2016-08-10,60.30659866333008,60.458289380064734,60.10750527572684,60.354001334198664,1835700
2016-08-11,60.752197265625,60.77115544242755,60.15491343176058,60.29712145733344,1956700
2016-08-12,60.79011917114258,61.150382385903846,60.742712880670446,61.00817074767184,1734300
2016-08-15,60.154911041259766,60.998687305949325,60.145428336643036,60.818559317337204,1769100
2016-08-16,59.3869743347168,59.766202951937125,59.05515200709311,59.40593612723703,5784800
2016-08-17,60.37296676635742,60.467772113811364,58.78021233630438,59.244767218649926,4953100
2016-08-18,61.785587310791016,61.79507001569704,60.20231555115792,60.316082693884354,3713100
2016-08-19,61.425331115722656,61.64338272121203,60.88493260521658,61.52961918206465,3467200
2016-08-22,61.330528259277344,61.89936767779394,61.29260466695148,61.57702075961696,4793300
2016-08-23,60.53414535522461,61.81403581434341,60.49622538070156,61.33052630228469,2448300
2016-08-24,60.382442474365234,60.51517501659968,59.91789123461661,60.39192517853511,1716400
2016-08-25,60.14542770385742,60.572058992318084,60.079063238607105,60.410889181450784,1841400
2016-08-26,58.87501525878906,60.496214119577395,58.75176903549369,60.173870888281755,2928300
2016-08-29,59.121524810791016,59.4533471852131,58.912948680244206,58.912948680244206,3541200
2016-08-30,58.65696334838867,59.47230236813749,58.64748426014165,59.12151823752192,2451700
2016-08-31,58.723323822021484,58.82761186860709,58.287213460474376,58.65695935902919,3373000
2016-09-01,58.6000862121582,58.97931125404663,58.41995097191312,58.713853363065475,2112200
2016-09-02,59.11203384399414,59.311130857416224,58.43890648332592,58.55267362200131,2423700
2016-09-06,59.718807220458984,60.069591381376945,59.26373138026116,59.46282841656991,2330100
2016-09-07,59.63348388671875,59.75673013360205,59.22581432156883,59.54815761455731,1914900
2016-09-08,59.81360626220703,59.87997072843883,59.37749587937174,59.44386034560354,1594200
2016-09-09,57.670982360839844,59.46283043220991,57.6520205654728,59.33010148123327,2775800
2016-09-12,58.35357666015625,58.51475007864254,57.58564400027281,57.58564400027281,2925800
2016-09-13,57.661502838134766,58.29671035992386,57.301235939457264,58.19242228794409,3615700
2016-09-14,58.23982238769531,58.344110455049815,57.60461489407823,57.88903821107876,2777100
2016-09-15,58.62852096557617,58.666444550777506,57.80370287870396,58.069160741929004,1763700
2016-09-16,59.178401947021484,59.31113450299203,58.201893078802755,58.6000835135297,3084200
2016-09-19,59.4154167175293,59.63347552872952,59.102556174515115,59.20684422771725,2068400
2016-09-20,59.30165100097656,59.82308766292368,59.254248325634514,59.67139693187375,2531200
2016-09-21,60.40141296386719,60.420374758345446,59.17840434446315,59.273213316854445,3153200
2016-09-22,60.695308685302734,61.00817285357583,60.2592019005983,60.761673154343875,2113000
2016-09-23,60.865966796875,61.05558474952807,60.2592074313484,60.6384324868766,2120800
2016-09-26,60.58155059814453,60.941813857696616,60.458300737459524,60.79960220178372,2099900
2016-09-27,59.5860710144043,61.04609656957824,59.52918925030163,60.83752045695558,2941300
2016-09-28,59.60519027709961,59.80584810290409,59.0032131546757,59.59563305967437,2050100
2016-09-29,59.01276397705078,59.66251622129055,58.745220221779206,59.33764009917066,2440000
2016-09-30,58.44900131225586,59.586069423116996,58.2196791629293,59.28985769814286,3495000
2016-10-03,57.48393249511719,58.35345327191045,57.18772075873333,58.33434248456214,2697000
2016-10-04,56.20354080200195,57.54126680150623,55.859553908128845,57.54126680150623,3700900
2016-10-05,56.136653900146484,56.64307701573608,55.6111199968918,56.19398626314174,4434500
2016-10-06,56.38508224487305,56.59529724701094,55.639779811852875,55.73533374237453,3085500
2016-10-07,56.681304931640625,57.23550690089298,56.44242552662022,56.78641245305128,3692800
2016-10-10,56.82463073730469,56.939291824462174,56.528418980053424,56.767298371220825,2413800
2016-10-11,56.20354080200195,56.862846585252,56.069768931053545,56.748185502297666,2531700
2016-10-12,56.6717414855957,56.78640255942572,56.24175790247089,56.31819740335429,1973800
2016-10-13,57.68458557128906,57.82791464215998,56.537963939350725,56.74817893795883,3196900
2016-10-14,57.139949798583984,57.84703440222819,57.130396226714986,57.38838640730097,2607200
2016-10-17,57.713253021240234,58.05723622702758,57.41704131194068,57.5794775220339,1999800
2016-10-18,58.21968460083008,58.401231623088144,57.52215722687831,58.038137578572005,1985400
2016-10-19,58.181461334228516,58.38211913905593,57.78969929598973,57.99035710081714,2083600
2016-10-20,58.133689880371094,58.53500551552156,57.99036078495432,58.267461758754585,1532800
2016-10-21,57.627262115478516,58.009466930981375,57.37882552264214,57.83747348825158,1312900
2016-10-24,57.818363189697266,57.99991385023077,57.5125978767051,57.87569555276206,1394200
2016-10-25,58.085914611816406,58.095468183819904,57.59859860440111,57.6750417604703,1564600
2016-10-26,58.21012878417969,58.43945460545151,57.69415206508605,57.999917396774975,1565600
2016-10-27,57.999916076660156,58.10502359047534,57.512600084428,57.97124807152226,1257100
2016-10-28,58.27702331542969,58.46812393020209,57.84703964217062,58.10502984612606,1870000
2016-10-31,59.356746673583984,59.90139136243532,58.506336673272614,58.52544746086512,2934000
2016-11-01,58.48722457885742,59.347191776255194,58.29612035221237,59.337634560167466,2685700
2016-11-02,57.57948303222656,58.24834601222793,57.197278218661495,58.22923522479817,3177500
2016-11-03,57.52214813232422,57.780138267381474,57.139939714829865,57.464815776197185,3200900
2016-11-04,57.168609619140625,59.003201336183274,57.11127726110439,58.66877169349625,2833300
2016-11-07,58.372562408447266,58.38211597934625,56.8532894848173,57.67503509250532,3278400
2016-11-08,59.261199951171875,59.46185776546796,58.42034347148938,58.487229409588075,2327300
2016-11-09,56.76728820800781,58.14323194258914,56.70040228205654,58.12412480232557,3520000
2016-11-10,55.897769927978516,56.80551221991345,55.44867556728224,56.37552864531167,4578600
2016-11-11,55.878662109375,56.51886072000486,55.630229166972775,55.93599447070318,3013000
2016-11-14,55.5633430480957,55.811775989664056,55.066473519949064,55.592007406158615,5576700
2016-11-15,56.4710807800293,56.54752392691056,55.63022803439462,55.773553467282184,2370900
2016-11-16,56.09843444824219,56.795961821875245,55.66845082202724,56.5475288628456,1352800
2016-11-17,56.06021499633789,56.55708457824041,55.99332905694816,56.031550635173815,2424700
2016-11-18,55.78311538696289,56.34687088521538,55.55378957199147,56.04110556192693,1916500
2016-11-21,56.52842330932617,56.585755679800876,55.783120718207584,55.85956023383,1417700
2016-11-22,56.681304931640625,56.79596602544749,56.32776443281335,56.49020067862221,2342200
2016-11-23,56.09843444824219,56.63352558808859,55.993326934610735,56.06977008816459,1222700
2016-11-25,56.65262985229492,56.82462328297394,56.30864299093688,56.30864299093688,1726100
2016-11-28,58.03813552856445,58.32479005437686,56.939288927105146,56.939288927105146,2057800
2016-11-29,57.77058792114258,58.50633684304391,57.73236634584666,57.92347057731623,3046800
2016-11-30,56.184425354003906,57.35015780988438,56.174871783304305,57.09216766087756,3441900
2016-12-01,55.45823669433594,55.9073274416971,55.03780666062335,55.86910951182232,2306300
2016-12-02,55.687557220458984,56.31819860752285,55.39134913631393,55.89777223115024,2342900
2016-12-05,55.78311538696289,55.78311538696289,55.076030798727,55.45823927534264,2864200
2016-12-06,55.78311538696289,56.25131694355638,55.59201114865507,55.945551620267935,1664100
2016-12-07,56.184425354003906,56.480637075828724,55.94554599140609,56.0124319213327,2023900
2016-12-08,56.55707931518555,56.6048581060266,55.477347168365334,55.84044119268948,1854300
2016-12-09,56.690860748291016,57.04440123838277,56.337316613188904,56.55708522297623,3849300
2016-12-12,57.159061431884766,57.31194409911942,56.270429789517614,56.44242324578289,3114200
2016-12-13,57.894813537597656,58.07636057568998,57.378833140900916,57.42660829355569,2659600
2016-12-14,56.853294372558594,58.50633930094773,56.71952249841303,58.171909615583814,3074300
2016-12-15,57.34060287475586,57.42659959451177,56.719518694305336,56.81506898514081,1927600
2016-12-16,58.324790954589844,58.429898466179026,57.47438093538303,57.47438093538303,4473000
2016-12-19,58.11458206176758,58.735669980305964,57.96169938651342,58.6974484002398,2349200
2016-12-20,58.41078567504883,58.52544675420938,57.93302692603488,58.03813443401955,2090200
2016-12-21,58.40122985839844,58.80254911259262,58.353454711354146,58.353454711354146,1505200
2016-12-22,58.55411148071289,58.6305546306403,58.15279587862401,58.35345367966845,966200
2016-12-23,58.46811294555664,58.7834354617092,58.25790157979816,58.65921716943608,703500
2016-12-27,58.45856475830078,58.61144742248194,57.96169518845948,58.152799429938476,909300
2016-12-28,57.87099075317383,58.49708946134553,57.80356112053834,58.49708946134553,998500
2016-12-29,58.84385299682617,58.95943982756715,57.90951662270229,58.03473783276115,1080000
2016-12-30,58.535621643066406,58.97870757629036,58.32370938176831,58.87275144564131,1678300
2017-01-03,58.15032196044922,58.583777148628066,57.87098743867967,58.57414644419695,1731300
2017-01-04,58.36224365234375,58.73790365144602,58.03474453207314,58.38150873876432,1788000
2017-01-05,58.3140754699707,59.13282133088371,57.96731130670997,58.42966229957793,3939000
2017-01-06,58.96908187866211,59.09429943057246,57.919158537204005,58.1214364359265,3100300
2017-01-09,58.0828971862793,59.171350531057854,57.98657544225529,58.949807580251424,1939400
2017-01-10,57.861358642578125,58.2562837022591,57.687976550577766,58.11180107521832,1495400
2017-01-11,58.641571044921875,58.843848903256564,57.96730784270074,58.0154687126225,2476000
2017-01-12,58.381500244140625,58.737895104966164,57.90951488161032,58.583778110465474,2495700
2017-01-13,58.35260772705078,58.67047243846019,57.97694408710993,58.371869137309005,1684200
2017-01-17,59.50848388671875,59.54701405642006,58.516355900765014,58.516355900765014,2505300
2017-01-18,59.20024871826172,59.48921763648222,59.103926970334605,59.23877888720823,2107800
2017-01-19,58.85348129272461,59.44105347613607,58.708998678822105,58.73789446671481,1892400
2017-01-20,59.10392379760742,59.32546674549858,58.72826385664246,59.05576292622916,1764000
2017-01-23,58.747535705566406,59.364003748855325,58.728270619908706,59.23878252929996,1917700
2017-01-24,58.65121078491211,58.83422726302461,58.47782868693153,58.689740956560996,1775800
2017-01-25,58.60304641723633,58.63194220703228,58.23701715725104,58.371869075551096,1355100
2017-01-26,58.5259895324707,59.04613582612979,58.33334602320977,58.554888998411364,1569900
2017-01-27,58.391136169433594,58.776430527353675,58.34297529330342,58.718635271333866,1375700
2017-01-30,58.35260772705078,58.6801031435893,57.95767900241251,58.60304647923883,1538800
2017-01-31,59.614437103271484,59.6337021871808,58.33334025603389,58.50672233677869,2618500
2017-02-01,58.65121078491211,59.286943919361086,58.381506932248726,59.13282690720495,1787400
2017-02-02,59.672237396240234,59.72039827286274,58.74753533710651,58.93054813804777,1990900
2017-02-03,59.325469970703125,59.78782097506005,59.15208788476438,59.5662780151248,1907600
2017-02-06,59.36400604248047,59.643340609211236,59.19062393930164,59.392901834863764,993000
2017-02-07,59.5566520690918,59.67223891080744,59.27731383337618,59.450695933169364,908100
2017-02-08,60.847373962402344,61.280829170564814,60.14421492446726,60.21164088191041,2835300
2017-02-09,60.577674865722656,61.06892536483585,60.404292768910864,60.84737871656793,1802600
2017-02-10,61.02075958251953,61.16524588509469,60.12495332520788,60.25017454247707,1328800
2017-02-13,61.34825134277344,61.40604659177546,60.77994425478965,60.94369562307593,2034500
2017-02-14,60.99186325073242,61.454214270656465,60.61620327669659,61.213406218126906,2011900
2017-02-15,60.62583541870117,60.88590856252879,60.00936737752727,60.53914437075863,1898900
2017-02-16,61.059295654296875,61.59870707167847,60.693266346986526,61.40605987443935,2473100
2017-02-17,61.569801330566406,61.83950517455815,61.20377573498884,61.280832401369636,2501500
2017-02-21,62.26333236694336,62.40781867494977,61.26156994001218,61.569803967615705,1829600
2017-02-22,62.3789176940918,62.54266540006745,61.98398897498528,62.321118766369935,1805400
2017-02-23,63.005027770996094,63.14950673574736,62.48488145125399,62.600464623055004,2069200
2017-02-24,63.891197204589844,63.91045861617309,63.13987722190195,63.284356180973546,2748900
2017-02-27,63.68891525268555,63.92972330095796,63.477002994385266,63.91045454172425,1402900
2017-02-28,64.29574584960938,64.46912793012524,63.59258314838444,63.80449539666807,2404100
2017-03-01,63.42884826660156,64.13201110994237,63.21693597548846,63.56370020660453,3499700
2017-03-02,63.746707916259766,64.24758543167431,63.18803147104,63.42883952340591,2765600
2017-03-03,63.640743255615234,63.82375970252499,63.02427531209325,63.82375970252499,2771900
2017-03-06,63.34214782714844,63.669643228543684,63.23619170343161,63.44810395086526,2808100
2017-03-07,63.82377243041992,63.96825874106368,63.22656577590263,63.265095948666236,1961900
2017-03-08,62.764225006103516,63.20731101619888,62.629365712798155,63.16878083938018,2430800
2017-03-09,62.73530578613281,63.15913027365523,62.71604437709903,62.80273174106794,1655100
2017-03-10,63.2169303894043,63.42884266179204,62.80274022488613,63.11097425321042,2349200
2017-03-13,63.33250427246094,63.39993021879593,62.870149676965994,63.15912221775996,1900300
2017-03-14,63.255455017089844,63.47700165031592,62.90869084700971,63.2650893965027,1603200
2017-03-15,64.41134643554688,64.66178154192205,63.36141940893982,63.4288453758684,2241900
2017-03-16,63.59258270263672,64.1994236546277,63.42883500243009,64.1994236546277,2504100
2017-03-17,64.1416244506836,64.51729174493678,63.68891151952534,63.78523326341267,3267200
2017-03-20,63.727447509765625,64.44987167824699,63.563692446428725,64.14163031143809,1661000
2017-03-21,64.83515930175781,64.97001122657187,63.77560531441369,63.804501105605446,2682300
2017-03-22,64.97964477539062,65.74059911218094,64.7870012706573,65.06633949673567,2219000
2017-03-23,65.05670166015625,65.6539082513038,64.86405081678046,65.23008374475533,1898100
2017-03-24,65.36493682861328,65.77912696317411,64.91221652468884,64.94111231449196,2590600
2017-03-27,64.71958923339844,65.66355289811365,64.4787811262331,65.4901707669994,3474700
2017-03-28,64.86404418945312,64.92184311099952,64.47875723982382,64.75809542251932,2690500
2017-03-29,64.65058898925781,64.8834645278039,64.55356121623589,64.84465193804621,1363900
2017-03-30,64.38861846923828,64.55356643699012,64.04901753482413,64.37891347032783,1536400
2017-03-31,64.38861846923828,64.81554958835616,64.36920847141738,64.36920847141738,1951300
2017-04-03,64.5632553100586,64.62147048349068,63.84524102767073,64.35949480030298,1839100
2017-04-04,64.9319839477539,65.10663692513083,64.33040722781331,64.51475780195045,1360000
2017-04-05,65.475341796875,65.54326197642878,64.67970223521169,64.81554259431925,3078100
2017-04-06,65.35890197753906,65.54325991742685,65.16484644283707,65.26187421018807,2230800
2017-04-07,65.0193099975586,65.58207408638614,64.93197981305828,65.47534870960042,1658800
2017-04-10,65.07752990722656,65.13574509928726,64.63119616168792,65.01931471516586,1607600
2017-04-11,65.0193099975586,65.06782018650753,64.5729762844046,65.00960499867075,1234900
2017-04-12,65.51415252685547,65.54326752290892,64.68940530455414,64.77673548722451,1824200
2017-04-13,65.14543151855469,65.5044423736077,64.83493824487819,65.44621979540716,1429600
2017-04-17,65.475341796875,65.48503939199385,65.07751831467117,65.10662590551645,1241400
2017-04-18,65.52384948730469,65.79553019518147,65.26187377692182,65.49474189756704,1493000
2017-04-19,65.53356170654297,65.72761726134141,65.29098856167248,65.46564152208903,2883200
2017-04-20,65.15515899658203,65.53357257310773,64.72822782193924,65.53357257310773,2029000
2017-04-21,65.32980346679688,65.60148421423406,64.9513899396172,64.98049753359331,2200200
2017-04-24,65.77613067626953,65.81494326531457,65.07751887894774,65.19395664608285,2705000
2017-04-25,65.6500015258789,65.79553949513837,65.30069559416592,65.51415374999485,2065800
2017-04-26,65.00961303710938,65.66941239090929,65.00961303710938,65.48505440297008,2349700
2017-04-27,65.28128814697266,65.68880928231127,64.97079479584626,65.09693017504762,2027600
2017-04-28,65.05812072753906,65.30069387357352,64.62148462303009,65.26188128187862,3693100
2017-05-01,64.48564147949219,65.08722552076748,64.20425575386719,65.08722552076748,2639300
2017-05-02,64.80583953857422,65.36861098759618,64.17514790796304,64.79613454042017,2883700
2017-05-03,64.78644561767578,65.23278681057768,64.57298742453341,64.74764042092002,2477700
2017-05-04,64.97079467773438,65.03871486683401,64.5438635446822,64.72822151627207,1823400
2017-05-05,65.14543151855469,65.36860202904572,64.85434083578266,65.19394909993122,2352100
2017-05-08,64.9804916381836,65.2909849503342,64.84465127678924,65.27157495428101,1443900
2017-05-09,64.78644561767578,65.0872414131311,64.64090762297562,64.97080361462454,1716400
2017-05-10,64.5147476196289,65.05811646501179,63.88405600071247,64.84465092604827,3011100
2017-05-11,63.9616813659668,64.34009485787382,63.38921233047727,64.28187967534797,4307300
2017-05-12,64.35951232910156,64.50505770506547,64.00050138875663,64.03931398253003,2251500
2017-05-15,64.48564147949219,64.79613479695,64.21396075205968,64.36920370941627,1703200
2017-05-16,63.602691650390625,64.679717176937,63.58328165018027,64.57298438401827,4067200
2017-05-17,63.38921356201172,64.11693296870106,63.204855610105476,63.602679105746404,4720000
2017-05-18,63.6803092956543,64.17516066142834,63.21457293012842,63.622094100650074,3335700
2017-05-19,63.59297180175781,63.90346510791073,63.30188108853879,63.777329746979476,3901400
2017-05-22,63.97138214111328,64.19455266397134,63.34069056198641,63.45712832209635,2847400
2017-05-23,64.19456481933594,64.71851633218193,63.87436647046142,63.99079684987369,2990400
2017-05-24,64.2624740600586,64.52444977184966,64.16543889008608,64.33039423739288,2476700
2017-05-25,65.2909927368164,65.44623571003345,64.09752953052777,64.37891528490061,5289300
2017-05-26,65.36862182617188,65.67911519388241,65.21337144094369,65.3201042301016,4077100
2017-05-30,65.87316131591797,66.08662686358868,65.12603930181521,65.34920244511115,1958400
2017-05-31,66.34859466552734,66.44562983213676,65.91196602676044,65.95077861285543,3183300
2017-06-01,66.84343719482422,66.87254477992536,65.99928021317648,66.26126328457259,2883900
2017-06-02,66.80464172363281,68.230972980841,66.64939876241858,68.230972980841,2371700
2017-06-05,66.67850494384766,66.9889982624499,66.6396923536793,66.74642512595612,1377000
2017-06-06,66.63968658447266,66.87255470257806,66.5135512294039,66.87255470257806,2149500
2017-06-07,66.96958923339844,67.13454459468298,66.5329605425002,66.65909591031098,1688400
2017-06-08,66.45533752441406,66.96959141351125,65.91197604200873,66.96959141351125,2743500
2017-06-09,66.37772369384766,66.61059185691765,65.82464977709506,66.15455312729422,2750100
2017-06-12,65.32980346679688,66.31949867571021,65.32980346679688,66.261283487758,2567800
2017-06-13,65.45594787597656,65.56268067045053,65.07753429656745,65.32981248375559,1964900
2017-06-14,66.31948852539062,66.57176663914717,65.64028676075075,65.96048505097127,2995200
2017-06-15,67.0083999633789,67.18305291543723,66.04781242843039,66.12543760773288,4010800
2017-06-16,67.1054458618164,67.46444941865347,66.95990047805334,67.35771663074361,4509100
2017-06-19,66.97929382324219,67.29949214274512,66.79493586908995,67.17335677570368,2979800
2017-06-20,67.16364288330078,67.25096564828627,66.87255219452837,67.06661512129122,1216800
2017-06-21,67.12482452392578,67.35769261326635,66.81433127055732,67.2218522775891,1761700
2017-06-22,66.76581573486328,67.34799708013954,66.71730555791913,66.9986912340711,1524100
2017-06-23,66.0090103149414,66.81435502184418,65.87316993097537,66.71732723368925,2768400
2017-06-26,66.0963363647461,66.60088527318518,65.8343532101228,66.14484655441115,1965100
2017-06-27,65.04840850830078,66.04780857458623,65.02899851323545,65.80523545547834,2266300
2017-06-28,64.64742279052734,65.4200630986961,64.57896136887874,65.2538007120831,2684000
2017-06-29,64.64742279052734,64.87237172550724,63.99214811735705,64.29533334726726,3258800
2017-06-30,64.91149139404297,65.41027853690164,64.71588200903803,64.81368297067296,3148800
2017-07-03,64.177978515625,65.1560031396634,64.177978515625,65.058194707871,1525400
2017-07-05,64.00191497802734,64.48114481369969,63.76718376478358,64.27576059841154,1836600
2017-07-06,63.7769775390625,64.13884929476649,63.630272369899544,63.7769775390625,2894200
2017-07-07,63.88457107543945,64.15841678885951,63.68896912634971,63.82589198305974,1479600
2017-07-10,63.63026809692383,64.11928032013839,63.59114622365854,64.03126170159226,1607800
2017-07-11,63.62050247192383,63.933470041800504,63.41511074199451,63.767200190822706,1707100
2017-07-12,63.6107063293457,64.23664133323295,63.5520272545231,64.19751946277327,2728200
2017-07-13,64.74522399902344,65.23423628742009,63.78676409233778,63.89434739272388,5120700
2017-07-14,64.89192962646484,65.42006379699228,64.77457145194901,65.16577531598232,2406300
2017-07-17,65.01908111572266,65.05819553485397,64.65720931400368,64.88215080181983,1139000
2017-07-18,65.16576385498047,65.26357226552219,64.9995014958341,65.19511085518344,2090700
2017-07-19,65.62544250488281,65.62544250488281,65.08753350653654,65.33203963171252,1396000
2017-07-20,66.15357208251953,66.30027723988589,65.65477753216766,65.79170035591378,2462300
2017-07-21,66.75996398925781,66.76973886320414,65.86995798557693,66.03622038349451,1525400
2017-07-24,66.4078598022461,66.77950639669574,66.19269323534685,66.71104498556727,2242300
2017-07-25,66.02644348144531,66.46655157105816,66.01666114606363,66.32962872265702,2413500
2017-07-26,66.4078598022461,66.4078598022461,65.73302056274107,65.93840479612648,2056000
2017-07-27,66.06556701660156,66.68171984984524,65.85040040322687,66.68171984984524,2842200
2017-07-28,65.96775817871094,66.29050809679103,65.68413760289774,65.9971051854111,1423500
2017-07-31,66.20248413085938,66.3785288482054,65.79170814922854,66.03621428655718,1438900
2017-08-01,66.7208251953125,66.73060752851495,65.92862782579438,66.0264287726171,1893000
2017-08-02,66.88709259033203,66.92621446435533,66.09489516113007,66.44698456560528,1732700
2017-08-03,67.39568328857422,67.47391959090335,66.70127920966593,66.83820206591194,2407000
2017-08-04,67.04357147216797,67.36631383335647,66.61323837493856,67.13159008111023,1281300
2017-08-07,67.4250259399414,67.46414782377576,66.74040416544483,67.03381456333427,1456700
2017-08-08,67.72818756103516,67.73796989401174,67.1218097659613,67.23917537647895,1416100
2017-08-09,67.50325775146484,67.93359098325446,67.38589956951195,67.93359098325446,1625100
2017-08-10,67.61083984375,67.78688457524989,67.17073174586815,67.38589835789422,1613100
2017-08-11,67.50325775146484,67.88469422801938,67.31743814279413,67.72820670310102,2199900
2017-08-14,67.64996337890625,67.75754668755063,67.30765624309957,67.46414376903172,1296900
2017-08-15,67.82600402832031,68.10963205568234,67.02402416057564,67.40545315488497,1732300
2017-08-16,68.03137969970703,68.14874532225257,67.65973308758133,67.90423920491695,1327500
2017-08-17,67.4641342163086,68.15853072540219,67.43478721304982,68.00204322162821,1246700
2017-08-18,67.62061309814453,67.96292017960839,67.23918414140842,67.5423693476,2069200
2017-08-21,67.82600402832031,67.99226641830428,67.54237600095828,67.71842072615763,868400
2017-08-22,68.13896942138672,68.13896942138672,67.66952181035235,67.90424561586954,2269600
2017-08-23,68.36392211914062,68.37370445458208,67.90424935595543,68.09007642066493,1066300
2017-08-24,68.24655151367188,68.50083998449917,68.14875055157988,68.33457760276924,1035700
2017-08-25,68.53996276855469,68.8040261158705,68.28567429436283,68.46171901315178,1353400
2017-08-28,68.7649154663086,68.89206345503322,68.42260830769695,68.75514059158857,3102000
2017-08-29,68.71600341796875,69.02897095931118,68.60842012609466,68.65731687402439,1051100
2017-08-30,68.56928253173828,68.78444906616123,68.50082113094308,68.64752626457081,1223100
2017-08-31,68.83335876464844,68.87248063843161,68.47149449018943,68.6573140634914,2498300
2017-09-01,68.33457946777344,68.98985413958238,68.17809195476725,68.91161038307928,1552200
2017-09-05,68.30522155761719,68.5790746616564,68.02160104361128,68.40302996849826,3374600
2017-09-06,68.14875030517578,68.54973648682368,68.07050655109104,68.53996161386439,2653800
2017-09-07,68.7649154663086,68.83337689803092,68.20744167607351,68.35414687597462,1539300
2017-09-08,69.08766174316406,69.21480226339737,68.4910661005363,68.68667551059066,1383300
2017-09-11,69.9874496459961,69.99723198291149,69.06811144284285,69.07788631802147,1619100
2017-09-12,68.61821746826172,69.91898466605949,68.26612797452711,69.87986278211827,1963400
2017-09-13,68.02161407470703,68.6182096790493,67.94337031570645,68.54974079362212,2544900
2017-09-14,68.54973602294922,68.61820490361136,67.72819899582403,67.94336558723349,1944600
2017-09-15,68.73556518554688,68.83336614963042,68.42259762343838,68.61820701334072,3026000
2017-09-18,68.11940002441406,68.78445690582392,67.66950970195062,68.72577036864423,1487900
2017-09-19,67.75753021240234,68.22698521431556,67.72819067385791,68.14874147037433,1694000
2017-09-20,67.5325927734375,68.12918829827103,67.1511638263124,67.94336126084383,2700700
2017-09-21,67.65972900390625,67.81620902945457,67.39566569628481,67.59126759365373,2346000
2017-09-22,67.38589477539062,67.92380381512262,67.25874680500633,67.92380381512262,2890000
2017-09-25,67.76731872558594,67.84556247666227,67.17072318166478,67.37610743193906,1959700
2017-09-26,67.52281188964844,67.82599709471219,67.3467671824455,67.46413280782569,2344000
2017-09-27,66.47633361816406,67.39567913492974,66.03621806872418,67.14139064825795,2631300
2017-09-28,67.0776138305664,67.15646496836229,66.29890150196837,66.44675960594596,2349800
2017-09-29,67.1170425415039,67.27475987406623,66.76219358399132,67.107190848501,3118800
2017-10-02,67.15645599365234,67.55074171144214,67.0381755425776,67.31417328891808,1525000
2017-10-03,67.33389282226562,67.38318136344817,66.64389836796305,67.01846571167366,2576900
2017-10-04,68.21117401123047,68.22103322344128,67.30432201759702,67.47189102330366,2279100
2017-10-05,68.08303833007812,68.3294660071843,67.73804108620466,68.17175620443182,1783000
2017-10-06,67.85630798339844,67.96473674126385,67.60988035559056,67.94502584000395,2201400
2017-10-09,67.66903686523438,67.9647455446821,67.59017820923151,67.91546452496183,963900
2017-10-10,68.2013168334961,68.32945650042777,67.55074424667029,67.77746098703,2004700
2017-10-11,68.1618881225586,68.67445431527999,67.68874373511392,68.09288868276197,4473600
2017-10-12,63.57834243774414,68.35903800069309,63.49948377401637,68.29989776308531,12958000
2017-10-13,56.895225524902344,63.14462805162925,55.327945286632534,63.03620302800809,29216400
2017-10-16,52.66651916503906,56.65864645717349,49.117962407627935,56.46150357949784,39289900
2017-10-17,56.61922073364258,58.64978611063645,53.681803325878626,54.60837378187783,27735300
2017-10-18,55.633514404296875,57.062795770243945,55.60394428451068,56.88536753115048,12402500
2017-10-19,56.18550491333008,56.72764499817558,55.7320789340184,56.01793591409264,10741800
2017-10-20,57.03321838378906,57.535929157044144,56.47136361830905,56.52064839840265,7758300
2017-10-23,56.44179153442383,57.01350553019009,56.21507853064377,56.914935966872775,6345700
2017-10-24,56.29393005371094,56.707926679391385,56.1362165162821,56.45164359113978,5599300
2017-10-25,55.87007522583008,56.323501184103286,55.57436280783396,56.037644217292495,6567900
2017-10-26,55.929222106933594,56.52064697352247,55.830648789043714,56.165790549494105,3300500
2017-10-27,56.31364822387695,56.46150255932145,55.7813635918266,55.889792360598435,3027800
2017-10-30,56.45165252685547,56.74736498631937,55.88979772581769,56.195365637848944,4254400
2017-10-31,56.94450759887695,57.5457917275984,56.15593979079469,56.44179303609532,5332000
2017-11-01,56.422080993652344,56.85579233930748,56.096794664270114,56.78679289250297,4444100
2017-11-02,55.84050750732422,57.16135987387213,55.10122455052922,57.072645768649224,4879300
2017-11-03,55.98836135864258,56.195359682311,55.239222956714585,55.87007713943027,5250100
2017-11-06,55.95879364013672,56.146077308591636,55.426508990606706,55.69265131537171,3449700
2017-11-07,55.495506286621094,56.18550446187461,55.38707751848572,56.17564901031119,4986400
2017-11-08,55.032230377197266,55.80108352260988,54.88437226760811,55.39694228461249,6035400
2017-11-09,55.1505126953125,55.53493925468115,54.65765736069878,54.923799692612725,4783500
2017-11-10,56.13622283935547,56.20522228474084,54.70694163030982,54.785800288000395,5597300
2017-11-13,56.07707977294922,56.29393732499483,55.672938546074654,56.106649889978044,5047500
2017-11-14,55.801082611083984,56.077080400274795,55.44622616201702,55.899652175741316,6677600
2017-11-15,54.8350830078125,56.08693595018726,54.74636890133909,56.008077295460836,5129300
2017-11-16,54.361942291259766,54.864653053848194,54.3422276276031,54.83508293845699,5942900
2017-11-17,53.2283821105957,54.460520585378006,53.2283821105957,54.22394834373699,7721000
2017-11-20,51.897666931152344,53.45508779398925,51.897666931152344,53.22837479700232,8836300
2017-11-21,52.96223449707031,53.248091497319315,51.710381479602994,51.996238479851996,10990900
2017-11-22,53.11994552612305,53.61280084369359,52.666519536403186,53.0115167546275,4241400
2017-11-24,53.28752136230469,53.32694693224124,53.05094914174594,53.2382328195552,1865300
2017-11-27,53.4156608581543,53.47480485313415,52.962234843872345,53.22837718099989,3104500
2017-11-28,54.26337814331055,54.55909062775981,53.4846657181165,53.602953720046806,6209200
2017-11-29,54.27322769165039,54.430941239282795,53.66208440441069,54.095799480540485,3996900
2017-11-30,53.46494674682617,54.49008295427596,52.25251935114304,54.2830846224033,11086500
2017-12-01,53.356510162353516,53.87893552159198,52.75522615860283,53.42550959620814,5284200
2017-12-04,52.75523376464844,53.6423710821921,52.60737566496399,53.50437219458671,4594200
2017-12-05,52.83409118652344,52.94251996345137,51.84838050199735,52.883379728900024,4675800
2017-12-06,52.30180358886719,53.119941397143364,52.2722297151841,53.03122729646885,4275100
2017-12-07,52.203224182128906,52.39051157290211,51.73008362050022,52.30179748258505,4303800
2017-12-08,52.69609069824219,52.69609069824219,51.85823814581553,52.124380473809204,3299200
2017-12-11,52.9425163269043,52.97209020233643,51.98637958551741,52.49894579729822,4697100
2017-12-12,52.66651916503906,53.11008969976236,52.558090394308074,52.715803944411064,3504400
2017-12-13,52.33137893676758,53.02137714878727,52.18352083412488,52.90308916259801,4851000
2017-12-14,51.96666717529297,52.42009317624577,51.90752318205175,52.262379621123586,2451300
2017-12-15,52.29195022583008,52.705950662008114,52.134236669235534,52.20323611523391,5757300
2017-12-18,51.74980926513672,52.28209392002318,51.67095060803307,52.045521708899955,4235100
2017-12-19,51.30624008178711,52.4200942017333,51.26681075218827,51.71038130970559,3638100
2017-12-20,50.389530181884766,51.69066801154417,50.2712459501488,51.25695665505368,5923600
2017-12-21,43.8641242980957,44.17955140796362,41.01542109699549,42.4644169680803,52389100
2017-12-22,43.933128356933594,44.44569840434261,43.72612999938038,44.00212780945133,10939400
2017-12-26,43.814842224121094,44.41612636451317,43.6374139938353,44.13026935347629,8470100
2017-12-27,44.04154586791992,44.386543042190766,43.81483290194377,43.83454756335742,7581500
2017-12-28,44.16969680786133,44.54426415793724,43.9922685851147,44.21898158969365,5923800
2017-12-29,44.18941116333008,44.35698017242465,43.9626944001502,44.20912206777478,4154500
2018-01-02,43.854270935058594,43.89369650552937,42.85870101695997,43.706412825182426,7915100
2018-01-03,43.144561767578125,44.03169922324767,43.04598843237823,43.68670195051867,6513700
2018-01-04,42.898128509521484,43.469838738824336,42.75027040598073,43.105126846328325,10027300
2018-01-05,43.65711975097656,43.83454794505719,42.888262989898095,43.09526505645031,6407000
2018-01-08,44.58368682861328,44.642830814091226,43.499406749495186,43.657120283915766,6556500
2018-01-09,44.19926834106445,44.56398025053437,44.071124896044445,44.56398025053437,6127600
2018-01-10,43.91340637207031,44.15983402147608,43.312122305890234,43.854266142732946,6916500
2018-01-11,43.252986907958984,44.0316955093213,43.05584401437579,43.91341127724656,5697700
2018-01-12,43.1938362121582,43.43040839980161,42.97697868683402,43.223406325543365,6279200
2018-01-16,43.390987396240234,43.62755586906295,43.144559710273526,43.361417277184415,4543000
2018-01-17,43.568416595458984,43.68670083448889,43.31212969067467,43.489557929313605,4322100
2018-01-18,43.8641242980957,43.972553072148,43.32198418802196,43.390983633293835,7085700
2018-01-19,43.755699157714844,44.140125744779155,43.67684425379327,43.952842057800865,4337700
2018-01-22,43.31212615966797,44.06126838622285,43.183986477910516,43.86412549711957,4921200
2018-01-23,43.21355438232422,43.53883693652783,43.12484027478002,43.223409834190164,4493200
2018-01-24,43.055843353271484,43.745841590124066,42.89812979286414,43.19384224860442,6067100
2018-01-25,42.86855697631836,43.28255363625172,42.602414654852204,43.065696094274635,5662300
2018-01-26,42.91783905029297,43.272695456544575,42.700981521986456,43.14455202980096,4230300
2018-01-29,42.36583709716797,42.848836899596144,42.336266985247505,42.65169404635633,2737700
2018-01-30,41.380130767822266,42.405270699991114,41.21256176977666,42.31655659508828,7566500
2018-01-31,41.82370376586914,41.94198799267262,41.07456155567562,41.488561989769465,7153100
2018-02-01,41.96170425415039,46.32840296178941,41.261850558662076,41.84342002284525,15252800
2018-02-02,40.847843170166016,41.68569938007323,40.591560085840584,41.49841197211688,5668500
2018-02-05,39.72414016723633,41.10413664121182,39.72414016723633,40.95627853321877,5042400
2018-02-06,39.29042434692383,39.517137329254204,37.90057257859414,39.42842322658689,7861400
2018-02-07,38.91585159301758,39.77341870831328,38.76799726841476,39.250993326379515,5693500
2018-02-08,37.69357681274414,38.93557057404109,37.68371760056458,38.79757168502895,6051700
2018-02-09,38.018856048583984,38.29485380248845,36.76700318450859,37.900571834080274,7358000
2018-02-12,38.777854919433594,39.02428256794037,37.74285954774264,38.078001300119354,6050500
2018-02-13,39.26085662841797,39.50728428862088,38.43285953972868,38.659572535892835,8801000
2018-02-14,38.52157211303711,39.38899473505647,38.49199823806342,38.91585409754022,4741400
2018-02-15,39.38899612426758,39.41857000028432,38.679287023056226,38.77785658261157,4891600
2018-02-16,39.82271194458008,39.98042549888744,39.31014195303422,39.49742562371554,4106900
2018-02-20,39.43827819824219,39.93113348258016,39.1721396536646,39.72413516560319,4057200
2018-02-21,39.221431732177734,40.04942891442681,39.20171706591132,39.40871542142656,6735000
2018-02-22,39.51713943481445,39.77342254496012,39.221426996896334,39.35942588391228,4619400
2018-02-23,40.5521354675293,40.60142024790444,39.66499814021355,39.67485359221349,3304600
2018-02-26,40.47328567504883,41.18299487436524,40.35499767500593,40.601425368146344,8214600
2018-02-27,39.65514373779297,41.06471043657701,39.65514373779297,40.542284932897665,5602700
2018-02-28,40.50284957885742,40.857706004148724,39.48756884219769,39.87199538286739,7791000
2018-03-01,40.67041778564453,41.91241524991863,40.50284878818793,40.50284878818793,7259500
2018-03-02,40.13813018798828,40.985841765228855,40.019842228242915,40.414127907020315,4818000
2018-03-05,41.35056686401367,41.54770976676394,39.64528771157192,40.138143088353516,5381600
2018-03-06,41.813846588134766,42.060274266075744,40.94642386911786,41.33085044507571,6426800
2018-03-07,40.53242492675781,42.00113559655234,40.51271026056462,41.754707909419494,6288100
2018-03-08,41.133705139160156,41.21256379636828,40.51270637430325,40.552135702907314,2675600
2018-03-09,41.429412841796875,41.439272052913395,40.9661314443779,41.064700994419226,3644100
2018-03-12,41.813846588134766,41.8335612535926,41.19285154705884,41.38999444144921,5138100
2018-03-13,44.4555549621582,45.02726902315533,41.37028290808995,42.02085187670047,12897400
2018-03-14,43.53883743286133,45.04697727830515,42.937557097304705,44.396408402293915,11014700
2018-03-15,43.53883743286133,44.08098129636045,43.213554874949565,43.58812597331594,5516000
2018-03-16,44.43583297729492,44.54425797820885,43.5881213107078,43.5881213107078,7944900
2018-03-19,43.84440994262695,44.514693495865934,43.6275523929944,44.40626472104966,3075600
2018-03-20,42.82912826538086,44.01198179108956,41.65613019163683,43.86412369030559,4698700
2018-03-21,42.34613037109375,42.976984611527584,41.853275025731335,42.907985163991874,4469700
2018-03-22,43.499420166015625,44.01199025102125,42.168708283735114,42.454565328097786,4323200
2018-03-23,42.46441650390625,43.53883750002038,42.326413854683246,43.53883750002038,3340300
2018-03-26,42.25741958618164,42.87841842309292,42.03070656068442,42.76998963694464,8519800
2018-03-27,43.31212615966797,43.607842373416815,42.109561680494906,42.434844251355635,4292400
2018-03-28,42.62213134765625,43.558553483088666,42.36584446581265,43.37126980803975,3684500
2018-03-29,43.30227279663086,43.58812981161381,42.602419078724765,42.68127398205811,3474600
2018-04-02,42.71084976196289,43.42055896430314,42.375707947456476,43.34170405746009,2276000
2018-04-03,43.055843353271484,43.23327157875323,42.31656033382683,42.70098690230799,2344400
2018-04-04,42.83898162841797,43.04597995127166,42.20812744818529,42.9079810693692,3051700
2018-04-05,43.40083694458008,43.52898037670171,42.51369965190643,42.92769630311662,2860900
2018-04-06,43.34169387817383,43.85426381292952,43.18398034134034,43.647261740683355,4130900
2018-04-09,43.79512023925781,44.199261416213844,43.312120413048234,43.37126439998839,3292400
2018-04-10,43.51912307739258,44.06126313770673,43.4008351019082,43.9035495972483,4280600
2018-04-11,44.15983581542969,44.189409691487306,43.509266944977185,43.509266944977185,3461300
2018-04-12,43.99226760864258,44.701976723688226,43.86412417057261,44.16969582745092,5024900
2018-04-13,44.69211959838867,44.9779765802319,44.20911974078503,44.20911974078503,3448700
2018-04-16,44.93854904174805,45.007548486982465,44.37669426758908,44.79069093899558,3860400
2018-04-17,46.13125991821289,46.32840280986693,45.04697965439755,45.11597910244828,7157600
2018-04-18,45.786258697509766,46.683255204376316,45.786258697509766,46.2791140037043,4095600
2018-04-19,45.835548400878906,46.16083474280764,45.352548494429946,45.77640440411333,4296000
2018-04-20,45.0765495300293,45.924261327458105,45.0174055347943,45.924261327458105,5174500
2018-04-23,44.91883087158203,45.3131166080239,44.59354833517683,45.145543853970494,3580200
2018-04-24,45.638404846191406,48.20125493287426,44.83012236967279,45.14554949415869,6356400
2018-04-25,45.677833557128906,45.80597699977162,44.810407096466314,45.431405884455614,3931000
2018-04-26,45.62854766845703,45.707402566503106,44.98783423096417,45.63840312064237,3659200
2018-04-27,45.96369552612305,46.45655092472127,45.00755484958224,45.02726951674877,2559200
2018-04-30,45.441261291503906,46.269258421266876,45.342691726608166,46.16083340395671,3903000
2018-05-01,45.60883331298828,45.91440497543366,45.332835527674916,45.46097520789166,2885600
2018-05-02,45.21455001831055,45.924262945382296,45.02726633375018,45.58912114761931,4167000
2018-05-03,43.73598098754883,45.155406746292975,43.124841430416076,44.83012042318486,5651600
2018-05-04,44.23869705200195,44.61326440883059,43.73598249176094,43.96269550042709,3052200
2018-05-07,43.98240661621094,44.43583635713973,43.893692510397436,44.14012016430299,2451000
2018-05-08,42.158843994140625,43.82469360113549,41.69555879590346,43.82469360113549,5462600
2018-05-09,41.98141860961914,42.582702734614294,41.7448463885666,42.31656039600064,3417200
2018-05-10,42.760128021240234,42.799553588549166,42.020845051523985,42.493985700919865,3614300
2018-05-11,42.700984954833984,43.0854115057825,42.24755895936586,42.829128391879394,3947800
2018-05-14,42.612274169921875,43.075559413708014,42.424990485930124,42.53341926725777,2767700
2018-05-15,42.336273193359375,42.74041440967927,42.158844975444524,42.35598785759299,2753200
2018-05-16,41.971561431884766,42.503842327044325,41.79413321343567,42.434842882112754,4756600
2018-05-17,41.61670684814453,42.56298821521836,41.58713297029429,42.11941764934378,5178600
2018-05-18,42.168697357177734,42.257411459675915,41.2125606526834,41.88284414707244,4759000
2018-05-21,42.592559814453125,42.82913204454464,42.010990332340675,42.22784789657556,4163500
2018-05-22,43.00655746459961,43.20370035008547,42.61227169362789,42.69113035189735,3429500
2018-05-23,43.22341537475586,43.371273493011834,42.67141975500157,43.055846350241346,3212800
2018-05-24,43.20370101928711,43.2825559185902,42.72070113037474,43.2825559185902,2044700
2018-05-25,44.02183532714844,44.31754775565877,43.085409503376084,43.29240782731457,2925800
2018-05-29,41.734989166259766,43.23326980888748,41.725133714219965,42.82912859187648,5754400
2018-05-30,42.474273681640625,42.60241712388892,41.34070488675745,41.665991218575144,5484100
2018-05-31,42.71084976196289,43.164275816827974,42.17856504006655,42.523562307857766,5331400
2018-06-01,41.665985107421875,42.71083963675932,41.291414048197154,42.71083963675932,3578500
2018-06-04,41.39985275268555,42.27713474510043,41.30128317877825,41.79413856869117,3477100
2018-06-05,41.380130767822266,41.695557860768446,41.035133559970994,41.380130767822266,2656600
2018-06-06,40.56199645996094,41.626562051500585,40.473282347316974,41.44913382621266,4112000
2018-06-07,41.074562072753906,41.59699128807259,40.63099527660995,40.63099527660995,3321700
2018-06-08,40.85770797729492,41.21256441972334,40.690135208286925,41.153420425922675,2671900
2018-06-11,39.19185256958008,39.47770955162717,37.4668589857745,37.831574622257044,12657900
2018-06-12,38.72856903076172,39.61570628382426,38.6792842545117,39.25099442734924,8442200
2018-06-13,38.81728744506836,39.39885689388642,38.61028534551848,38.78771356788248,7696900
2018-06-14,39.320003509521484,39.65514533447882,38.98486168456415,39.10314592861135,6159800
2018-06-15,39.62556838989258,40.443706263933784,38.69899798388033,39.35942606647551,10227200
2018-06-18,39.221431732177734,39.566428991369804,38.67929157050958,38.79757580791998,6823800
2018-06-19,39.320003509521484,39.76357412493388,38.95529156359943,39.379147511639246,7105200
2018-06-20,39.42842102050781,40.25641801234597,39.3594215845369,39.56641989244963,4931700
2018-06-21,39.95085144042969,40.49299530606887,39.20171300092748,39.477710779661805,6337700
2018-06-22,42.30670166015625,42.41513043935284,39.862139562606316,39.862139562606316,16113700
2018-06-25,41.685707092285156,42.36584613282391,41.05485283552087,42.18841790308546,5771900
2018-06-26,42.010986328125,42.4545568671508,41.49841634527159,41.66598910898697,7854500
2018-06-27,41.86313247680664,42.2278443641757,41.76455915576925,41.99127215387367,4346900
2018-06-28,42.099693298339844,42.32640625536326,41.527983180669295,41.882839551727514,3426100
2018-06-29,41.951847076416016,42.33627363248973,41.69556019890836,42.099701419420185,4030000
2018-07-02,43.114986419677734,43.183985865857764,41.8335595387622,42.099701871251376,5198200
2018-07-03,43.34169387817383,43.745835051321365,42.88826416961363,43.075551579732185,3156900
2018-07-05,43.5486946105957,43.56840927381901,42.93755509142322,43.27269684584442,3709900
2018-07-06,44.38654708862305,45.81582820981957,43.48955059355834,43.55855003470274,5933500
2018-07-09,44.44569396972656,44.67240697111976,43.90355385681345,44.268265749473144,6238300
2018-07-10,43.095272064208984,44.36683598164062,43.016413405044446,44.32741041224618,8459400
2018-07-11,43.026275634765625,43.28255877464666,42.64184528466194,42.878417518557434,5722100
2018-07-12,43.03612518310547,43.1839832790272,42.888267087183735,43.1839832790272,4189500
2018-07-13,42.651695251464844,43.164265180295956,42.58269581490943,43.114980405640274,3475100
2018-07-16,42.42498779296875,42.799555137176284,42.395413916182434,42.799555137176284,5389500
2018-07-17,41.96170425415039,42.700987280136395,41.882849353342934,42.42498948702842,4847600
2018-07-18,41.537845611572266,42.03070092971657,41.37027660829328,41.961701485991384,4496500
2018-07-19,41.6561279296875,42.12927232242915,41.50827359711979,41.78427135939618,5637200
2018-07-20,40.847843170166016,41.656125507129595,40.73941816999694,41.656125507129595,5348000
2018-07-23,40.936561584472656,41.24213323585746,40.76899258093715,40.85770668874644,3493500
2018-07-24,41.882850646972656,42.612274482769884,39.99028408669534,40.81828125178141,10716900
2018-07-25,42.375701904296875,42.967126781935896,41.380132056039734,41.83355804624216,7594300
2018-07-26,44.0612678527832,44.54426397704146,42.11941662293543,42.7995556339102,8280100
2018-07-27,42.858699798583984,44.15983759182932,42.62213134173274,43.81484035884299,4530500
2018-07-30,42.6024169921875,42.898129445533506,42.070132320051975,42.76998600368135,3664300
2018-07-31,42.46441650390625,43.075556052571564,42.277129074340316,42.87841317101213,3413000
2018-08-01,41.90255355834961,42.41512349229786,40.8281289153054,41.26184396105478,6080700
2018-08-02,41.705421447753906,42.37570503062942,41.65613290415793,41.922275246786846,3150900
2018-08-03,42.34613037109375,42.513703143814666,41.557562570551454,41.715276130659916,2488500
2018-08-06,43.94298553466797,44.268268115727935,42.73055804473291,43.00655960220667,5114600
2018-08-07,43.03612518310547,44.16969389133854,42.85869697207442,43.98240646847933,5436000
2018-08-08,43.45998001098633,43.696552206782926,42.63198296597946,42.89812527618032,3931500
2018-08-09,43.2726936340332,43.43040716792625,42.7699791596204,43.32197840833967,3435900
2018-08-10,42.060272216796875,43.11498608636895,41.981417318995504,43.095271421871665,7867800
2018-08-13,42.17855453491211,42.227839309437485,41.754698705656814,42.001126338470954,7920300
2018-08-14,42.22784423828125,42.6221300008799,42.07998613725983,42.08984534942804,5378800
2018-08-15,42.84884262084961,43.38112350742486,42.25741398216158,42.43484219774922,5550400
2018-08-16,44.14997482299805,44.21897425816072,42.89812201903831,43.10512032452632,5910200
2018-08-17,44.60340118408203,45.214540655740784,43.65711998405805,44.01197637411385,8389900
2018-08-20,44.1401252746582,45.05683655413479,42.80941729357956,44.35698283846197,10916300
2018-08-21,44.0612678527832,44.81040631008058,43.88383963075712,44.28798085644146,5830100
2018-08-22,43.962684631347656,44.72168213019958,43.60783202737663,44.149972023646015,7061600
2018-08-23,43.33184051513672,44.15983763530694,43.233270951382956,43.9429838430111,6127700
2018-08-24,42.19827651977539,43.469840468019,41.744846738967645,43.40084101967198,8611000
2018-08-27,42.98684310913086,43.26284089468296,42.47427310725708,43.12484200190691,6510500
2018-08-28,45.01740264892578,45.45111773246972,43.08541071735551,43.45998180945592,10426900
2018-08-29,46.22982406616211,46.79167875170939,45.23425435304348,45.97353722983592,16275600
2018-08-30,46.348114013671875,47.402824081036805,45.92425814433595,46.39739879285771,9025100
2018-08-31,45.52012252807617,46.7916902922183,44.849838920320074,46.40726370310279,9362500
2018-09-04,46.338253021240234,47.99424710753097,46.239683466655954,47.521106477188965,11538200
2018-09-05,46.32839584350586,46.52553870551569,45.74682646867989,46.072112755024214,4501000
2018-09-06,44.8794059753418,46.51568555075197,44.44569463059991,46.49597088596536,13180100
2018-09-07,45.12583541870117,45.25397886475728,44.3964115938636,44.425981712111934,6104200
2018-09-10,45.589115142822266,45.79611346589061,44.93854629875922,45.13568917033326,3032400
2018-09-11,45.62854766845703,45.697547114317764,45.13569233505876,45.34269067264096,4521400
2018-09-12,45.25397872924805,45.87497753191952,45.135694496420896,45.470836289587794,9258600
2018-09-13,45.855262756347656,45.96369153625726,45.056835726257994,45.372262853165225,3925700
2018-09-14,46.298831939697266,46.426971621030034,45.5496897156252,46.04254505665604,8436100
2018-09-17,46.15097427368164,46.59454483687948,45.9932607134544,46.308687833908884,3551200
2018-09-18,46.525543212890625,46.54525787702029,46.05240255434176,46.2002568950327,3239200
2018-09-19,46.042545318603516,46.5255452100443,45.77640298171017,46.39740176779464,5866600
2018-09-20,46.24954605102539,46.32840471500503,45.835549345696464,46.19040581322872,3883400
2018-09-21,46.12141036987305,47.66897606315632,45.983411456105884,46.141125037580984,8661700
2018-09-24,45.618690490722656,46.22983383872932,45.46097692740854,46.03269094453968,4420300
2018-09-25,45.18497848510742,45.66797838095142,45.04697958920568,45.5694050551731,4808700
2018-09-26,44.51469421386719,45.03711967165813,44.43583931466659,44.79069200135103,5473400
2018-09-27,44.62312316894531,44.97797961723718,44.248552055727465,44.66255249879727,4966500
2018-09-28,45.352542877197266,45.431401529784175,44.40626160727947,44.78083268669224,4941600
2018-10-01,45.21455001831055,45.46097770018957,44.6231250858761,45.45112224739714,5876900
2018-10-02,46.74239730834961,46.86068529391313,45.36240465179806,45.56940298625263,4832900
2018-10-03,46.525543212890625,47.107112644058795,46.21011610719138,46.81140020248922,5015900
2018-10-04,46.31855010986328,46.52554846631641,45.59897794853706,46.32840556294709,3353700
2018-10-05,47.26482391357422,47.521107014503585,46.46639697573894,46.51568175358833,6327400
2018-10-08,47.23525619506836,47.55068708682837,46.97897306073662,47.55068708682837,4573500
2018-10-09,47.85625076293945,48.15196320254957,47.146541659912735,47.35353999162104,6681900
2018-10-10,46.96910858154297,47.9252452452902,46.90996459566887,47.491533962775335,4019500
2018-10-11,45.953826904296875,47.23524992626826,45.85525734883274,47.116965707673785,5867000
2018-10-12,46.594539642333984,46.71282385927065,45.78625726625642,46.101684351545835,3985600
2018-10-15,47.156394958496094,47.50139216225619,46.4663967907884,46.63396954703438,4434300
2018-10-16,48.09281921386719,48.240673542028446,46.860681011586436,47.13667876563736,6036600
2018-10-17,48.26039123535156,48.40824933298604,47.78725058718391,48.004108127664445,4522100
2018-10-18,47.55068588256836,48.388538474551915,47.1465446454652,48.23082491276014,3981600
2018-10-19,48.1519660949707,48.29982420375123,47.53097106254348,47.550685727726744,5754600
2018-10-22,47.097251892089844,48.16182115916025,46.92968289274779,48.10267716870492,2825300
2018-10-23,46.6142578125,47.22539736620768,46.229831258390526,47.038113695284224,4676800
2018-10-24,46.56497573852539,47.21554465872474,46.54526107304202,47.00854255124334,4433000
2018-10-25,46.693111419677734,47.02825318377872,45.993257775880494,46.36782886756692,3651300
2018-10-26,45.62854766845703,46.93954089999878,45.18497711636103,46.791686556091975,4348700
2018-10-29,46.111541748046875,46.6635410506826,45.648260312090436,45.83554397682282,3984900
2018-10-30,46.2593994140625,46.63397050022067,45.608830559254926,46.417112961888954,4618800
2018-10-31,46.141117095947266,46.771971313267436,45.608832440012975,46.10168776731782,3369900
2018-11-01,46.505836486816406,46.67340552023927,45.8946968352325,46.17069465978233,4194700
2018-11-02,46.762115478515625,46.909973591461565,46.09183188415327,46.781830144254286,3733200
2018-11-05,48.01396560668945,48.14210904603736,46.91982616652237,47.26482715550708,4427700
2018-11-06,47.88582229614258,48.23081949877689,47.24510890817886,48.20124938431895,5332900
2018-11-07,48.102684020996094,48.7138236353418,47.75768676133032,47.98439978342327,3837000
2018-11-08,47.11697006225586,48.536395857323846,46.387546259957354,48.260394308178476,7940500
2018-11-09,39.34956359863281,43.94297840030687,39.221423933661654,43.844405088574405,23627100
2018-11-12,32.50873565673828,34.647729648247925,24.59348061539779,32.686163868391155,44033200
2018-11-13,32.25244903564453,32.78472985239762,30.320455461679426,32.13416106731079,17907500
2018-11-14,25.224336624145508,28.782752804915628,22.030634224711406,26.564903759745228,53543100
2018-11-15,17.48650550842285,23.834482186324834,17.01336488003225,23.666911312091447,107155700
2018-11-16,24.051342010498047,25.145481548563954,22.68120466469952,24.849767194443785,54698400
2018-11-19,22.927631378173828,23.05577294344465,21.232209631000455,22.050349446451335,22846000
2018-11-20,23.174057006835938,24.061196192837684,22.750201137500017,23.824625868576806,16367400
2018-11-21,23.952768325805664,24.199195991215575,23.302199439531016,23.302199439531016,10688600
2018-11-23,23.499343872070312,23.735914220838186,22.92763172585778,23.726056887961107,5736500
2018-11-26,24.76105308532715,24.80048053484087,23.00648739975955,23.183915622806083,9648200
2018-11-27,26.584619522094727,26.614191522842887,24.603340594227348,25.19476744853157,19132500
2018-11-28,27.067615509033203,27.126759505988886,25.914335769807284,27.126759505988886,13017200
2018-11-29,26.37761688232422,27.205613968144238,25.845332235685415,26.712758649446315,10133100
2018-11-30,26.0030460357666,26.604330131954438,25.64819148137664,26.426901914712527,9689900
2018-12-03,26.722614288330078,26.919755275262414,25.727046382026575,25.92418736895891,6789700
2018-12-04,26.367759704589844,26.94932913446307,25.95376115925795,26.76204358583597,6481900
2018-12-06,25.658048629760742,26.269188173558778,25.06662186988657,26.190331397581808,9359100
2018-12-07,25.421476364135742,26.298758165022424,25.36233237659075,25.638332011519612,6837300
2018-12-10,25.520050048828125,25.589049498709574,24.4554825418575,25.056766685271263,7141300
2018-12-11,25.687620162963867,25.973477166710694,24.98776647256679,25.628478047741538,4841800
2018-12-12,26.01290512084961,26.53533247570217,24.899052842126505,25.086338404068968,6293500
2018-12-13,26.13118553161621,26.545184016043724,25.727044377781446,26.022756775189567,7338900
2018-12-14,25.638334274291992,26.988756814161174,25.313049834460582,26.20018904490135,12100200
2018-12-17,24.090770721435547,24.63291086985846,23.785199042053748,24.100628054327927,15783300
2018-12-18,22.691057205200195,24.36676400424053,22.631913218811707,24.002052155313148,11884000
2018-12-19,23.410627365112305,23.71619713271487,22.474201518470288,22.760058502426162,14386500
2018-12-20,23.509197235107422,23.942910407990635,22.622058107009604,23.292339708618968,10699200
2018-12-21,22.424917221069336,23.923197855853417,22.001061342009933,23.459912648465764,13712300
2018-12-24,22.819202423095703,23.262772991962727,21.981347948621302,22.030634611880952,6053900
2018-12-26,22.996627807617188,23.016342470483764,21.567346711383795,22.848771596305323,6862000
2018-12-27,23.262771606445312,23.262771606445312,22.277060961088257,22.848773060191593,7313600
2018-12-28,23.548625946044922,24.080910579580124,22.917771755271755,23.243056182400895,7882600
2018-12-31,23.410627365112305,23.883768014321532,22.819200613553864,22.898057388422068,7780200
2019-01-02,23.459915161132812,24.1203414406149,22.967059784805702,23.213487472969256,8591800
2019-01-03,23.607769012451172,23.85419665608806,23.075484399750515,23.509197578977673,5591800
2019-01-04,24.051342010498047,24.47519793533778,23.49934451493875,23.49934451493875,9156600
2019-01-07,18.67922019958496,19.91135868557093,17.70336486420124,18.23564959259236,35120500
2019-01-08,17.309078216552734,17.309078216552734,15.554513550238386,16.550082456808223,34202000
2019-01-09,17.57522201538086,19.073502756995374,17.309079670470258,17.348509001609898,24533300
2019-01-10,17.506221771240234,18.925645666231038,16.826080880710112,17.792076888649536,24798300
2019-01-11,17.338651657104492,17.70336356942968,16.481082506336907,16.757082183845853,19750700
2019-01-14,8.260254859924316,9.590963592866387,7.668828599720028,9.07839457470965,127198800
2019-01-15,6.81126070022583,7.097116761999302,4.997553354839576,6.190263324317916,173062600
2019-01-16,6.929546356201172,7.008403136182516,6.219834396322103,6.357833761289456,78485900
2019-01-17,6.269120216369629,8.201112766044806,6.219834493102661,8.181399040766209,205294500
2019-01-18,7.126688003540039,7.353401471371406,6.44654760004594,6.564832764995314,53590400
2019-01-22,7.589972019195557,8.260255579867643,6.899974733822679,7.057688291616828,59384900
2019-01-23,7.875827789306641,7.934970841337183,7.41254399523944,7.8462567333148305,21631000
2019-01-24,13.750662803649902,14.292803826455883,7.195687631673374,7.787113902901343,82538300
2019-01-25,11.601814270019531,12.676238039640022,11.345529287153628,12.518524493275432,72357400
2019-01-28,11.838385581970215,13.947805851498202,10.458390055502191,10.458390055502191,58267000
2019-01-29,13.790091514587402,14.144947943699307,12.055240576842502,12.13409829223719,56057400
2019-01-30,13.474665641784668,13.947806337011182,12.962095615242278,13.947806337011182,19681000
2019-01-31,12.814237594604492,13.46480642976922,12.548095285647902,13.188807729406248,12119500
2019-02-01,12.893094062805176,13.060664933380599,12.626952700156874,12.695952138612574,6496900
2019-02-04,13.100093841552734,13.198665277610274,12.617095872973938,13.178950614380012,8512100
2019-02-05,13.878807067871094,14.04637796795573,12.981810449798635,13.07052456631956,9157100
2019-02-06,13.474665641784668,13.937949944229212,13.4648083089557,13.918235278571274,5999700
2019-02-07,13.859092712402344,13.94780588484613,13.228237532504618,13.307094312485964,8918500
2019-02-08,13.997090339660645,14.361803149054872,13.514092371007226,13.730948966339186,6488300
2019-02-11,14.125234603881836,14.450519067694005,13.878806922809163,14.115377271027649,7368300
2019-02-12,15.209514617919922,15.248943003693562,14.17451831630328,14.598374168405064,11555800
2019-02-13,14.992659568786621,15.771370972975403,14.933516514017299,15.278515630069922,8687000
2019-02-14,15.248944282531738,15.327801060692266,14.903945173044212,15.130659115290944,7240500
2019-02-15,15.258800506591797,15.455943389867258,15.179943729300389,15.229229450119252,4823200
2019-02-19,17.48650550842285,18.24550310819136,15.899510868923922,16.116368400339915,29442500
2019-02-20,17.94978904724121,18.215931359332206,17.50622040718331,17.80193283388858,12206200
2019-02-21,19.122785568237305,19.664927534919396,18.038503514966912,18.186361611394442,22164000
2019-02-22,18.50179100036621,19.704357423689807,17.525937595521864,19.59592864089798,16304400
2019-02-25,18.383502960205078,18.560931175257107,17.663934648133047,18.531359179383823,5906500
2019-02-26,18.255359649658203,18.758072250604336,18.058216789646274,18.383501192600402,5207500
2019-02-27,17.545652389526367,18.580649910765064,17.102083634790564,18.41307899095085,11950700
2019-02-28,16.786653518676758,17.604793305993827,15.998083848431662,17.594935973605196,11974600
2019-03-01,17.654077529907227,18.008933964307406,16.80636577221518,16.855652432600678,11335400
2019-03-04,17.792076110839844,17.93007687743676,17.456934346394757,17.880790217904355,8047100
2019-03-05,18.04836082458496,18.17650425731905,17.713219065256443,17.742791060524414,7826400
2019-03-06,18.097644805908203,18.925641749975476,17.89064462984463,17.900501960142275,8636000
2019-03-07,18.797504425048828,18.896075879860856,18.146935455421215,18.215934909761398,7077900
2019-03-08,19.112930297851562,19.12278763068279,18.501790703067346,18.61021760402287,3936200
2019-03-11,19.103073120117188,19.290358685243106,18.86650277052898,19.122787785939707,5576800
2019-03-12,18.945356369018555,19.24107066636487,18.88621426158677,19.112927240153358,4570700
2019-03-13,19.181926727294922,19.329784816388432,18.541215234899944,19.319927485109286,12773100
2019-03-14,19.23121452331543,19.28049930253804,18.984786867014762,19.112928421049833,6437300
2019-03-15,19.36921501159668,19.38892967695421,18.689074097513643,19.300215562939293,8077300
2019-03-18,19.15235710144043,19.51706896759109,18.935499567962335,19.51706896759109,6636300
2019-03-19,18.797504425048828,19.201645697693433,18.442647939763177,19.15236091033448,7094100
2019-03-20,18.807357788085938,19.083357427274034,18.570787474536306,18.659501577129134,2576900
2019-03-21,18.777788162231445,18.87635960866635,18.551075151496942,18.758075377019637,2472700
2019-03-22,19.142501831054688,19.201643946510515,18.629931816853638,18.827074708498333,9601700
2019-03-25,17.94978904724121,19.10307051954177,17.249935426661654,19.10307051954177,12809400
2019-03-26,17.693506240844727,18.482073978559065,17.66393424564527,18.00893333593046,3537100
2019-03-27,17.427364349365234,17.74279145214389,17.151364694386995,17.67379200842279,8151600
2019-03-28,17.003507614135742,17.870932102862003,15.268656756589484,17.78221987977884,12484100
2019-03-29,17.545652389526367,17.555509723644175,16.71765512457311,17.141511091167544,3587300
2019-04-01,17.752649307250977,17.77236397177905,16.93450953027478,17.33865075263086,4114600
2019-04-02,17.407651901245117,18.156792305749725,17.3780799015602,17.713221710946314,5701000
2019-04-03,18.206071853637695,18.482071464338826,17.604789740461474,17.900502131853482,9992500
2019-04-04,18.59050178527832,19.359354819730218,18.491930353142678,18.629929230076364,7950800
2019-04-05,19.09321403503418,19.152356141156616,18.61021421473769,18.797499744234678,3570800
2019-04-08,19.398784637451172,19.773353832970177,19.112927665004932,19.142499659425013,8207600
2019-04-09,18.551071166992188,19.576210981579468,18.472214402800365,19.369210800517454,6424900
2019-04-10,18.600360870361328,18.925645311014996,18.521504093236008,18.551074209599335,1971700
2019-04-11,18.856645584106445,19.319930834064664,18.62993256566827,18.70878934947694,3405100
2019-04-12,22.750200271606445,22.888199152149475,18.560930277068174,18.905929358519483,26759100
2019-04-15,23.381057739257812,24.544196696522608,21.705350633445928,22.434776344930256,20527400
2019-04-16,21.94192123413086,23.41063000684366,21.823635118433856,23.21348710738,7660400
2019-04-17,21.537776947021484,22.484058218863098,21.399776184807592,22.484058218863098,5429000
2019-04-18,20.699926376342773,21.419494794393053,20.512640801749512,21.38992467425851,5209500
2019-04-22,21.094209671020508,21.29135257303046,20.571784176854027,20.58163962986988,5001000
2019-04-23,21.222349166870117,21.468776808417218,20.99563430777557,21.192777173050732,11613200
2019-04-24,22.602344512939453,23.11491447965715,21.734918126172,22.00106044120932,16766800
2019-04-25,22.760061264038086,22.90791749984451,21.912349421276666,22.346062675723676,5321200
2019-04-26,23.07548713684082,23.07548713684082,22.434775563405896,22.72063068628255,8885000
2019-04-29,23.085342407226562,23.459911609283708,22.937486192732788,23.06562774393572,6637100
2019-04-30,22.198204040527344,23.134628019479905,22.17848937652569,23.095200571570434,4419000
2019-05-01,21.389923095703125,22.336204472056128,21.202637534931355,22.336204472056128,6483400
2019-05-02,20.660497665405273,22.277064671506462,20.41406996302156,21.63635302132764,7570400
2019-05-03,21.182918548583984,21.301204636546586,20.42392100773238,20.433778338403727,3080200
2019-05-06,21.035064697265625,21.48849067821117,20.50278006214472,20.581636836226284,3252900
2019-05-07,20.699926376342773,21.271638553438,20.601354922341365,21.05478285871019,8308800
2019-05-08,19.970500946044922,20.571785133038546,19.842357489754082,20.50278379806202,9509100
2019-05-09,19.073503494262695,19.940928131830333,18.679219568095586,19.852214013430974,7473400
2019-05-10,18.33422088623047,19.280502332699445,18.137077978169046,19.181930878668734,10992600
2019-05-13,17.969505310058594,18.117361536573664,17.703362974275112,18.087791419327004,10616800
2019-05-14,18.097644805908203,18.156786907600576,17.74278843556694,18.038500824122316,7931900
2019-05-15,17.80193519592285,18.17650632488251,17.74279307875333,18.09764954195848,5657600
2019-05-16,17.910362243652344,18.186361897215104,17.545648482876334,17.772363356917875,10289000
2019-05-17,16.776798248291016,17.890650623792677,16.619084670876518,17.742794379978353,13270300
2019-05-20,17.427364349365234,17.575220568781,16.254368165825003,16.41208171721433,8248500
2019-05-21,18.18636131286621,18.22578875919757,17.269650154513503,17.427363700026465,5723200
2019-05-22,18.728504180908203,18.9749318674991,18.038505906416074,18.10750723794052,7364800
2019-05-23,18.718645095825195,19.01435942011274,18.30464654589773,18.679217647309844,5615600
2019-05-24,18.560928344726562,19.014356145166918,18.55107101427204,18.915784720715227,3437100
2019-05-28,17.476646423339844,18.679214416614712,17.15136203894936,18.610213103482817,10638600
2019-05-29,16.885221481323242,17.516077533720505,16.520509617995415,17.299220001920865,7907400
2019-05-30,17.525936126708984,18.45250278895156,16.03751281171012,17.052793583330327,9607300
2019-05-31,16.855649948120117,17.427361963666012,16.46136612362184,17.299218545645587,9651400
2019-06-03,17.634361267089844,17.634361267089844,16.766936803974808,16.95422233627341,6035300
2019-06-04,18.47221565246582,19.162213795893578,17.456933099729245,17.79207484024059,7561200
2019-06-05,20.4534969329834,20.96606694589999,18.11736175725191,18.47221820928554,14810000
2019-06-06,20.67034912109375,20.956206077015036,18.817214153384846,20.276065285420966,10012000
2019-06-07,20.167640686035156,20.768924834535866,20.05921378391586,20.5323544843292,5486500
2019-06-10,19.48750114440918,20.699924863779422,19.25093080014869,20.581638751602192,3405400
2019-06-11,18.827072143554688,19.68463928116066,18.698928717415324,19.576212397612387,7045500
2019-06-12,17.9793643951416,19.250932203330812,17.71322203341445,18.669362692931823,5714400
2019-06-13,18.028648376464844,18.20607471109109,17.772363386324052,18.038503828310336,2360200
2019-06-14,18.215930938720703,18.373644480001026,17.841361748203365,17.93007585018526,1746800
2019-06-17,18.61021614074707,18.817216353738964,18.275076251306505,18.33421836354968,3937400
2019-06-18,18.866500854492188,19.408642828988775,18.689072640296715,18.866500854492188,3322800
2019-06-19,20.236642837524414,20.76892567705877,19.14250327835088,19.339646184900847,16633800
2019-06-20,23.233200073242188,23.509199736276074,20.502781079968805,20.699923965006423,19836400
2019-06-21,22.631914138793945,24.83005017315137,21.803918976727537,22.42491581830078,21088700
2019-06-24,21.360349655151367,22.967057171948593,20.966065774964367,22.641772735782585,8706200
2019-06-25,21.291353225708008,21.892635523091716,20.630926927851846,21.350495346086348,13765700
2019-06-26,21.40963363647461,21.596919177612126,20.650637900463398,21.13363587068645,5820800
2019-06-27,23.607769012451172,23.686625783211227,21.18292002141548,21.43920499640909,7600600
2019-06-28,22.59248924255371,23.775342830578197,21.863063552639723,23.4007717129964,10740600
2019-07-01,23.01634407043457,23.22334240464165,22.148917644944497,22.779773739871967,4676400
2019-07-02,22.079917907714844,23.154342653179032,21.813775584322322,23.02620109752365,4796500
2019-07-03,22.050352096557617,22.769920551307326,21.715210263916397,22.14892167549216,3217300
2019-07-05,21.478635787963867,21.941919112791112,21.26177824350077,21.902489784672788,3494200
2019-07-08,21.419490814208984,21.527919581471636,20.621065757340276,21.143493050404064,8090700
2019-07-09,21.57720375061035,22.760057185274075,21.30120599459087,21.380062764895538,8019600
2019-07-10,21.094209671020508,22.00106363609699,20.729497746424368,21.833492733416747,5758600
2019-07-11,20.15778350830078,21.419491934772594,19.635356187906137,21.094207496061095,8982100
2019-07-12,19.122785568237305,20.019782078101606,19.024214130650215,19.842353866463604,8907300
2019-07-15,17.48650550842285,18.945356719340744,17.082364319994163,18.945356719340744,18190700
2019-07-16,17.87093162536621,18.107503814246108,17.476647777389196,17.654075979002275,8245900
2019-07-17,18.18636131286621,18.629929954586263,17.66393401829591,17.66393401829591,4626700
2019-07-18,18.196216583251953,18.27507523531723,16.619081143821255,17.545647744463352,7541500
2019-07-19,17.535795211791992,18.018793255521906,17.397794427801976,17.979363922926456,4229200
2019-07-22,17.39779281616211,17.594935700688964,16.97393693049509,17.535793587368463,3766200
2019-07-23,18.620073318481445,18.68907276220893,17.338650243301142,17.38793502307968,8663200
2019-07-24,18.620073318481445,19.87192627783216,18.087790552516676,18.55107387475396,7670500
2019-07-25,18.087787628173828,19.162212198464093,17.762503245981865,19.014356002939298,3831300
2019-07-26,18.432790756225586,18.45250354126241,17.880791413127714,18.018792188949156,3936700
2019-07-29,18.0187931060791,18.45250448046762,17.644221969905146,18.432791694427447,2574500
2019-07-30,17.7427921295166,18.7580748004283,17.604793236805968,17.870933689877347,3986900
2019-07-31,17.87093162536621,18.206073366170095,17.63436131658,17.79207485577081,2690100
2019-08-01,17.792076110839844,18.29478875750747,17.69350655196267,17.76250599521422,2634900
2019-08-02,18.33422088623047,18.52150646087941,17.762508708965267,17.93993695020173,3289000
2019-08-05,17.693506240844727,18.33421776274935,17.486506034636097,17.84136245665444,3377300
2019-08-06,17.969505310058594,18.146933533914247,17.693507521922175,17.880791198130765,3839000
2019-08-07,17.900508880615234,17.989223007498108,17.53579691906942,17.861081424275206,4913800
2019-08-08,18.24550437927246,18.90593059077838,17.052793513674974,17.861077826935567,9807400
2019-08-09,17.86107635498047,18.501787849438024,17.69350548288292,18.334216977340475,5856100
2019-08-12,16.51065444946289,17.792077624846296,16.49093978397232,17.742792841213852,11634100
2019-08-13,16.707796096801758,17.23022153264052,16.224796228812718,16.39236711278402,6662200
2019-08-14,15.702370643615723,16.757080717364225,15.524942429322737,16.64865194638655,5340300
2019-08-15,14.18437671661377,15.958656090221098,13.799949221317316,15.899512097033574,12635100
2019-08-16,14.075947761535645,14.854659134266507,14.0660913695114,14.20409025832008,5123500
2019-08-19,10.517532348632812,11.39481513534884,9.906391879477239,10.300675749885063,47553300
2019-08-20,11.493385314941406,11.769384016590863,9.285393821652008,10.63581721549544,20851100
2019-08-21,12.074955940246582,12.666382729665202,11.246958811079303,11.572243263245452,12413000
2019-08-22,11.513101577758789,12.410098187798084,11.483529579151975,12.124242114927902,7325200
2019-08-23,10.882245063781738,11.562384968997582,10.803388290424738,11.345529312289278,7666000
2019-08-26,11.631385803222656,11.759528299924705,10.941388539482102,11.039959039989652,5312000
2019-08-27,11.059674263000488,11.739814229045885,11.039959597874576,11.582100668226488,4596500
2019-08-28,10.665390014648438,11.148388996605167,10.655533621583748,11.069531271758477,4385000
2019-08-29,10.280963897705078,10.901961811665156,10.231678169921503,10.763961961880561,9033700
2019-08-30,10.300677299499512,10.576676050305718,10.24153518006456,10.389391418698981,5226400
2019-09-03,10.418961524963379,10.675246525853964,10.113391742402795,10.221819578142526,6418700
2019-09-04,10.537247657775879,10.586533384005103,10.241535180494617,10.547104991031132,4176800
2019-09-05,10.40910530090332,10.77381814342861,10.389390635879105,10.547104195884963,5397200
2019-09-06,10.044390678405762,10.428818153808933,9.837391413195885,10.359818712087936,6305500
2019-09-09,11.030102729797363,11.128674179483891,9.837392700816052,9.837392700816052,12042500
2019-09-10,10.744244575500488,11.325813948054435,10.418960170520625,11.069528980480351,9931200
2019-09-11,10.527390480041504,11.03995955050526,10.418961702408174,10.744246155214224,6631400
2019-09-12,9.95567798614502,10.724532033416875,9.95567798614502,10.685103644840035,6850300
2019-09-13,11.020245552062988,11.049816608844248,10.1626773850309,10.85267466355761,18977200
2019-09-16,10.85267448425293,11.22724464413248,10.517532712779284,11.108959478914768,5830200
2019-09-17,11.000531196594238,11.049816919312422,10.458390126788162,10.793531913215444,6573800
2019-09-18,11.582098960876465,11.976382804802462,10.852673379589953,11.020244248270211,9438600
2019-09-19,12.025671005249023,12.242527634242261,11.404673117709542,11.670815472389476,9423700
2019-09-20,11.444100379943848,11.503243432935873,10.803388829439411,10.842817218085116,17629100
2019-09-23,11.375100135803223,11.7989559890068,10.980816277041898,11.434243184640856,10045100
2019-09-24,10.773818016052246,12.232669368905745,10.36967678830356,11.48352902768786,30069700
2019-09-25,10.616104125976562,10.941388564483935,10.478104296894342,10.793531403314358,9917900
2019-09-26,10.547104835510254,11.158245387618834,10.468248050725084,10.694962012017717,10148700
2019-09-27,9.975391387939453,10.468246699241087,9.85710622603269,10.448532975613412,9651800
2019-09-30,9.857105255126953,10.004961457935133,9.452964090074238,9.945819352830586,9336100
2019-10-01,9.758535385131836,9.94582094131759,9.462822932286054,9.719106995415935,8682300
2019-10-02,8.831968307495117,9.610679757975342,8.79253991532069,9.610679757975342,14649000
2019-10-03,9.413536071777344,9.433249794227889,8.881252404956735,8.960109174852615,9749200
2019-10-04,10.714674949645996,10.813246393396625,9.492393935382378,9.55153604959519,16320300
2019-10-07,11.335673332214355,12.114384766999375,10.754103854328012,10.842817969944166,15769700
2019-10-08,10.744244575500488,11.41452804760291,10.675245138094708,11.246957179577306,10709000
2019-10-09,10.823100090026855,11.049813978166938,10.517530382592613,10.744243330685972,3170400
2019-10-10,7.678686141967773,8.30954131413623,7.4026874154146185,7.6688292796026145,44576400
2019-10-11,7.905400276184082,8.674254360037011,7.688543658670237,7.954685059214837,39516000
2019-10-14,7.560400485992432,7.994112742612608,7.294258638963782,7.994112742612608,12715800
2019-10-15,7.599830150604248,7.816686315371136,7.451973439615061,7.491401833209041,6959000
2019-10-16,7.76740026473999,7.865971238653243,7.540686789727769,7.658971958423673,5295900
2019-10-17,7.718114376068115,8.260255425916522,7.698400181711271,7.816685347852334,7887200
2019-10-18,7.649115085601807,7.944828476961347,7.540686779433511,7.7969713112580985,14025300
2019-10-21,7.925113677978516,7.994113123443423,7.54068665173977,7.649114956071943,6251100
2019-10-22,7.984255313873291,8.04339741661639,7.816683985999831,7.984255313873291,5289500
2019-10-23,8.082825660705566,8.132111372182692,7.856112233952871,8.023683558970422,7156100
2019-10-24,7.097116947174072,7.787114728442118,6.94926071620988,7.767400532978659,25873700
2019-10-25,4.928552627563477,6.0719766867507134,4.889124244144841,5.924120483942533,69486300
2019-10-28,3.7457008361816406,4.652554574407664,3.499273146498483,3.7457008361816406,90983600
2019-10-29,4.958125114440918,4.967981977200927,3.9428428688911166,4.080842237695727,61729800
2019-10-30,6.052263259887695,6.259262534006478,5.332694466527992,5.825549791568242,56266100
2019-10-31,6.081834316253662,6.0916911775806195,5.677693131356384,5.884691919456787,18751800
2019-11-01,6.338119029998779,6.653546593257968,6.1508339583783345,6.3282621683468845,25562100
2019-11-04,7.166116237640381,7.718114132215164,6.505690042517002,6.554975761863669,46564100
2019-11-05,7.885685920715332,8.082827880723812,7.412544746671472,7.639258235692978,37076800
2019-11-06,6.821117401123047,7.589971402970188,6.397261543928668,7.540686155172697,24278500
2019-11-07,5.933978080749512,6.791546231500174,5.746693001271184,6.3972618783891395,25419000
2019-11-08,6.3874053955078125,6.485976372131306,5.993121018990344,6.190263442260824,15331700
2019-11-11,6.170548915863037,6.407119247066538,5.8748355318351955,6.397261914921326,11563700
2019-11-12,6.959116458892822,7.373114967017839,6.219833542961983,6.219833542961983,28131200
2019-11-13,6.821117401123047,7.461829382677958,6.614118138312638,7.195687540496495,18104900
2019-11-14,6.60426139831543,6.939403181461816,6.288834280082108,6.939403181461816,12947500
2019-11-15,7.3139729499816895,7.382972393268356,6.653546752661869,6.663404084573368,18466900
2019-11-18,6.9886884689331055,7.84625659831609,6.870402836930645,7.589971610671455,24970700
2019-11-19,6.742260932922363,6.988688593102,6.653546824850187,6.968974399088568,11655900
2019-11-20,7.0478315353393555,7.0478315353393555,6.554976189791478,6.673261359917332,11602800
2019-11-21,6.90983247756958,7.363258983222251,6.880260948710914,7.0872602406510605,11269100
2019-11-22,7.205544471740723,7.373115349924555,7.018259400242523,7.057687786871255,15211400
2019-11-25,7.294258117675781,7.560399945684466,7.254829733528081,7.313972309749632,13122000
2019-11-26,7.363258361816406,7.491400859350482,7.0774023104086785,7.382972556050613,11811100
2019-11-27,7.4421162605285645,7.511115711379261,7.225259634937359,7.333687947732962,9216300
2019-11-29,7.353402137756348,7.4914015093698225,7.077402924505891,7.19568857019809,7648400
2019-12-02,7.747685432434082,7.885684784557271,7.392829485522442,7.412543678682897,13499000
2019-12-03,8.398255348205566,8.408111740456485,7.461829930964501,7.550543571527937,16169000
2019-12-04,9.334680557250977,10.596389985312207,8.674254315520784,8.703825373196874,61116600
2019-12-05,9.64024829864502,10.014818396471705,8.83196600020399,10.014818396471705,21672400
2019-12-06,9.512106895446777,10.054247912399784,9.305107632248243,9.49239317230957,13545100
2019-12-09,11.020245552062988,11.414529442636265,10.694961107328298,10.724532164109558,46584700
2019-12-10,12.143953323364258,12.617094862481297,10.97095821646754,11.03995765215358,48613900
2019-12-11,11.966527938842773,12.902952892547104,11.759528659388389,12.51852539068983,41678200
2019-12-12,11.55252742767334,12.074953734184122,10.862530259443606,11.877811820410882,32100300
2019-12-13,11.079386711120605,11.79895592448361,10.448532540552344,11.552528279093666,25147100
2019-12-16,9.531821250915527,10.813245175059883,8.516539630883234,8.762967272447653,51406300
2019-12-17,10.75410270690918,10.97095930638351,9.66982158963133,10.340104171570413,35103700
2019-12-18,11.148387908935547,11.946813012147201,11.108959520382465,11.867956235041037,43418100
2019-12-19,10.763960838317871,11.286387242178938,10.704817783141632,10.921674398725214,29166800
2019-12-20,10.83296012878418,10.882245850708017,10.133105509597154,10.75410334972482,16361300
2019-12-23,10.783674240112305,11.217387458279225,10.616104292237521,10.763960515675778,9909500
2019-12-24,10.793530464172363,10.91181561878791,10.616103202272464,10.773816741759862,4972000
2019-12-26,10.704816818237305,10.84281664117827,10.606246321891089,10.79353092298172,6296300
2019-12-27,10.29081916809082,10.62596095238549,10.162677605904708,10.517533115133025,9534600
2019-12-30,10.645676612854004,10.724533400056496,9.955679254808672,10.10353549580158,12741100
2019-12-31,10.714674949645996,10.901960504762798,10.517533002191696,10.517533002191696,10591200
2020-01-02,10.694961547851562,10.842817777894973,10.616104766488814,10.754103663850133,8932400
2020-01-03,10.418961524963379,10.714674915218136,10.409105132657551,10.616104411831186,5036400
2020-01-06,10.23167610168457,10.537245860089962,10.211961438537447,10.497817473842593,7105400
2020-01-07,10.428818702697754,10.685103699788641,10.231676758799741,10.271105147579343,5492200
2020-01-08,10.458390235900879,10.4879622338685,9.91625010048561,10.300676673594838,7008900
2020-01-09,10.11339282989502,10.389391585122336,10.054249769465638,10.349963191518434,7006000
2020-01-10,10.054247856140137,10.3795322764824,10.024676801576351,10.12324823685147,8814100
2020-01-13,10.911816596984863,11.434243918428765,10.152819885149293,10.152819885149293,16019700
2020-01-14,11.749671936035156,12.134099457818206,10.911817442423512,10.921674775300591,24857300
2020-01-15,12.56781005859375,13.090236409580992,12.262239361195551,12.390381851069192,21127600
2020-01-16,12.449525833129883,12.78466761021279,12.28195494458843,12.400240111785877,8360700
2020-01-17,12.893094062805176,13.011379217320737,12.449524498360109,12.449524498360109,10251300
2020-01-21,13.0409517288208,13.464807618254014,12.902952836482136,12.981809614974788,10060500
2020-01-22,12.36081314086914,13.080382498934744,12.03552865874472,13.080382498934744,12971200
2020-01-23,13.533807754516602,13.947806332736416,12.74523992938076,13.307094739801796,24174800
2020-01-24,14.066092491149902,14.292805506583493,13.602808187378518,13.602808187378518,16387000
2020-01-27,13.839377403259277,14.125233452398835,13.652092794532088,13.799949015103715,8289900
2020-01-28,14.736374855041504,14.746232187704988,14.066092214723312,14.105520605330264,12483200
2020-01-29,14.834945678710938,15.101087069121704,14.144948402036533,14.972944570017653,14434100
2020-01-30,14.696944236755371,14.815229390647238,14.401230882002283,14.460373928971636,8559700
2020-01-31,14.992659568786621,15.34751507726166,14.657517785203378,14.67723245014214,11640900
2020-02-03,17.023221969604492,17.151363516271175,15.929082636914634,16.04736873237855,26506400
2020-02-04,16.51065444946289,17.210508153532324,15.603800517930422,17.151366037154595,17597000
2020-02-05,16.648653030395508,17.190795040489416,16.47122480455001,16.86551058647065,10039400
2020-02-06,16.599365234375,17.013363726162257,16.490936476020796,16.717649443403587,6924800
2020-02-07,17.102079391479492,17.13164950640183,16.55993743008009,16.589509425096203,13191500
2020-02-10,17.77236557006836,17.841365022027933,16.964081172572364,17.14150940909358,10945700
2020-02-11,17.644222259521484,18.077935521123116,17.32879511657269,17.7427937117165,12003300
2020-02-12,16.628938674926758,17.62450472798202,15.623513410151247,17.594934613196358,14108800
2020-02-13,16.520509719848633,17.08236445553216,16.28393940377629,16.61908115490221,5995400
2020-02-14,15.968510627746582,16.589507406783,15.554511208311013,16.520507973567124,15097200
2020-02-18,15.860084533691406,16.333225195208236,15.722084704058865,15.820655205184739,7687900
2020-02-19,17.259790420532227,17.28936241123497,16.185365866214756,16.254365297760987,14456600
2020-02-20,17.594932556152344,17.594932556152344,16.904934463717527,16.964076566468254,8394500
2020-02-21,17.663936614990234,17.693508614156322,17.16122390973101,17.40765159583294,6228300
2020-02-24,17.003507614135742,17.565362347526968,16.845794070730967,17.20065048343858,7912600
2020-02-25,17.318933486938477,17.378075591546143,16.85565022067348,16.97393442988881,9600200
2020-02-26,16.481081008911133,17.338650081762346,16.45151089335704,17.00350831812797,9197400
2020-02-27,16.096656799316406,16.727511090502766,14.657519037476959,15.958657893142913,12638300
2020-02-28,15.278514862060547,15.95865572750758,14.982801483172572,15.189800754389463,13618600
2020-03-02,14.834945678710938,15.426371512983165,14.667374790655405,15.357372067329809,14760300
2020-03-03,14.598374366760254,15.219371216121157,14.342089385725888,15.179942829811784,7464400
2020-03-04,14.913801193237305,15.357370766377585,14.756087650791594,14.775801373573875,9855900
2020-03-05,14.864518165588379,15.110945855256682,14.746232987353237,14.834947106041351,7062500
2020-03-06,14.066092491149902,14.509662129206886,13.977378375529105,14.38151962220429,7885800
2020-03-09,12.439669609069824,13.100095889793124,11.345531009984237,12.626955178852448,12804100
2020-03-10,13.701377868652344,13.701377868652344,12.56781097982423,13.001523258840646,9255500
2020-03-11,11.867956161499023,13.464807298074078,11.828527773190267,13.336664801058884,10420100
2020-03-12,8.930538177490234,10.75410216789466,8.68411053499935,10.182390112519558,18111500
2020-03-13,10.064106941223145,10.31053463230104,8.871396878804248,9.866964976370236,12205800
2020-03-16,8.822111129760742,9.85710761762028,8.624969165417744,9.009396700921869,14589200
2020-03-17,9.088253021240234,9.561393711433407,8.368683713179383,9.413537480759787,13726000
2020-03-18,7.166116237640381,8.969967079404734,6.1606914171606935,8.753110478307542,17120000
2020-03-19,7.796971321105957,8.141970434802326,6.899974753551743,7.8166855158865935,16505300
2020-03-20,7.116829872131348,8.279968136877372,7.037973104355131,8.260254414956728,14667000
2020-03-23,8.003969192504883,8.753109402356996,7.185829548077134,8.634824254493,29026800
2020-03-24,8.703825950622559,9.167110271835545,8.378541474464749,8.486969319835007,23002600
2020-03-25,9.117823600769043,9.245966099315215,8.427826327098613,9.236108767108522,15973200
2020-03-26,9.650107383728027,10.113391660018298,9.019252218993339,9.344536663609693,22772800
2020-03-27,9.462821960449219,9.581107117448976,8.979823060974963,9.117822880831445,10242100
2020-03-30,9.531821250915527,9.916248710172889,9.078394352835119,9.236107893028853,8771100
2020-03-31,8.86153793334961,9.590963540622791,8.86153793334961,9.521964100489262,20099100
2020-04-01,8.2996826171875,8.841823588818128,8.08282604052589,8.358824721701794,16403300
2020-04-02,8.161683082580566,8.595396250570708,8.013826876247965,8.279968235656014,9849000
2020-04-03,7.816684722900391,8.220826379939354,7.737827951777695,8.191255325780057,11429200
2020-04-06,8.437684059143066,8.664397070358616,8.141970659257884,8.161684384558505,10922200
2020-04-07,8.447539329528809,8.930538225862724,8.437682938211395,8.88125250908822,9039800
2020-04-08,10.744244575500488,10.80338762188175,8.674252992905618,8.822109198788526,20167000
2020-04-09,11.818671226501465,12.419955363226515,10.901960902391895,11.296244811681282,19666000
2020-04-13,11.434243202209473,11.739812958207287,10.773817032734362,11.651098854837963,7141000
2020-04-14,11.789098739624023,12.074954774228372,11.601814140419883,11.82852712577473,7385800
2020-04-15,11.148387908935547,11.700385348678703,10.892102913317045,11.177958965338625,9055100
2020-04-16,10.97096061706543,11.394816534846486,10.85267544141544,11.335673476997984,5524100
2020-04-17,11.24695873260498,11.47367267831747,10.803389113659454,11.453958013452489,6327800
2020-04-20,10.980815887451172,11.187815140968414,10.616103096024952,10.793530356149134,3245000
2020-04-21,10.685103416442871,10.961102130581201,10.172533435853342,10.66538875255239,6387900
2020-04-22,10.842818260192871,10.990674496813053,10.606247905581768,10.813247200878239,5211300
2020-04-23,10.842818260192871,11.089245947924526,10.72453308288732,10.941389711304344,4020700
2020-04-24,10.458390235900879,10.901960804945347,10.320391338906585,10.84281774905709,8505100
2020-04-27,10.330248832702637,10.675247992058667,10.32039243904307,10.566820141426783,9804800
2020-04-28,10.763960838317871,10.852674951058743,10.399247994864146,10.497818500095251,6763500
2020-04-29,10.359819412231445,11.089245085582968,10.349962079877436,11.02024563919881,6230500
2020-04-30,10.487961769104004,10.556961214543502,10.162677326250734,10.251390496081402,5889400
2020-05-01,9.995105743408203,10.47810370797898,9.797962872929059,10.202105005373804,7936100
2020-05-04,10.842818260192871,11.020246496174712,10.133106256312534,10.458390728914559,10338600
2020-05-05,11.641243934631348,11.759529107390593,11.19767336172544,11.414529981807553,11192700
2020-05-06,11.32581615447998,11.946814032251462,11.177959919792634,11.769385798589035,7754700
2020-05-07,10.980815887451172,11.562384323478817,10.862530734019439,11.394814394485657,6536400
2020-05-08,11.424386024475098,11.463814410942481,10.941388055237937,11.108958932736034,5683600
2020-05-11,11.138531684875488,11.355388313514366,10.83296093815493,11.335673647253092,5552000
2020-05-12,11.030102729797363,11.286387746944722,10.882246495314586,11.158245238371043,6999600
2020-05-13,10.951245307922363,10.980817305133327,10.596389801813423,10.872388528787043,7183700
2020-05-14,10.941388130187988,10.980816516925461,10.330246725686822,10.744245256453732,7109900
2020-05-15,11.16810131072998,11.187815974460763,10.744245440987212,10.980816705522075,11449700
2020-05-18,12.094669342041016,12.14395411930596,11.739812929433459,11.828527032585349,8950500
2020-05-19,11.690528869628906,12.498812304020866,11.463815853916346,11.966528549688114,9749000
2020-05-20,11.82852840423584,12.203098583175613,11.808813739006231,12.005956631114412,8400600
2020-05-21,11.660957336425781,12.025670177322844,11.641243611536543,11.848242893131845,7865000
2020-05-22,11.532814979553223,11.8285283769873,11.296244637624751,11.660957483109556,12337800
2020-05-26,10.921673774719238,11.88767068709278,10.586532007978356,11.848242299243672,28100800
2020-05-27,10.773818016052246,11.138530854265621,10.527390346444808,11.020245685659685,13908600
2020-05-28,11.513101577758789,11.601815693485225,10.704818143398926,10.970960490578236,12059100
2020-05-29,11.690528869628906,12.005956941118429,11.276530289587098,11.936956551080126,13530900
2020-06-01,11.700384140014648,11.789098240106542,11.345528679693912,11.355386010825642,5676600
2020-06-02,11.670814514160156,11.828528071370924,11.473672567646698,11.700385571125437,5010900
2020-06-03,11.660957336425781,11.956670730140065,11.61167161413224,11.631386279068442,5755400
2020-06-04,11.700384140014648,11.877812340198435,11.444099170870699,11.680670417798027,9058500
2020-06-05,12.341097831726074,13.149380266694834,11.86795622927214,11.986241394873892,18177100
2020-06-08,12.390382766723633,12.893095431829309,11.976384211936248,12.83395331831508,19534200
2020-06-09,11.641243934631348,12.47909747668775,11.463815705468985,12.47909747668775,12466900
2020-06-10,11.867956161499023,11.956670270205459,11.266673004778745,11.680671552044158,12711100
2020-06-11,10.842818260192871,11.641244382064128,10.72453308288732,11.375102028091368,26890000
2020-06-12,10.862532615661621,11.256816528733168,10.49781882101169,11.09910296350455,19443500
2020-06-15,10.823100090026855,10.86252940974402,10.47810200292217,10.625958191674647,8984900
2020-06-16,10.793530464172363,11.108958483194005,10.625959593455292,11.069529158275309,14839900
2020-06-17,10.892104148864746,11.000531994673521,10.73439057676215,10.941389875158567,10176700
2020-06-18,10.645676612854004,10.862533247684384,10.606248219252757,10.73439073346857,5921600
2020-06-19,10.073962211608887,10.783673139750201,9.926105063210978,10.734388363664412,20299500
2020-06-22,9.827534675598145,10.547102942634536,9.797962681575687,10.251389582737954,12541700
2020-06-23,9.768391609191895,9.995105529369221,9.34453576280397,9.896534096240496,17691000
2020-06-24,9.659964561462402,9.857106503523486,9.462822619401319,9.689535617759832,27727300
2020-06-25,9.590963363647461,9.847248336624192,9.157251127880329,9.581106972415164,38937200
2020-06-26,8.999539375305176,9.926107078524518,8.881254196599325,9.590965268834426,164312500
2020-06-29,8.930538177490234,9.157251157359356,8.772823696656712,8.979822953950928,38402000
2020-06-30,8.743252754211426,9.038966116978985,8.5263961628423,8.900966297008294,55881400
2020-07-01,8.900967597961426,8.960110655177953,8.723540306405855,8.81225348216014,67167900
2020-07-02,9.31496524810791,9.51210718573064,8.92068137286245,9.078394922960634,67873500
2020-07-06,9.019251823425293,9.52196446671048,8.80239616322325,9.492393411236913,35122200
2020-07-07,8.831968307495117,9.048824934477983,8.733396857035537,8.940396150963041,29390600
2020-07-08,8.654539108276367,8.900966766917868,8.47711183328639,8.861538379137105,32268900
2020-07-09,8.467254638671875,8.654539248656608,8.230684308150025,8.59539713604961,40544900
2020-07-10,8.960110664367676,8.99953905587013,8.378541184671212,8.378541184671212,27365700
2020-07-13,8.930538177490234,9.127680103473569,8.871395129671805,8.920680846179353,25794300
2020-07-14,9.226251602172852,9.226251602172852,8.772824652960793,8.841825039611663,16119500
2020-07-15,9.068538665771484,9.364252077273743,9.038967606635364,9.28539529287941,19555600
2020-07-16,8.89111042022705,9.058680364112352,8.802396312257414,9.058680364112352,17867200
2020-07-17,9.088253021240234,9.147395137490888,8.753111228996577,8.792539619846009,19234100
2020-07-20,9.196680068969727,9.295251507627006,8.940395080498329,8.979823467951858,17643400
2020-07-21,9.354393005371094,9.423393383925264,9.117822696162973,9.16710841225971,28005500
2020-07-22,9.364252090454102,9.433251541884506,9.226252247546272,9.314966365126518,21920200
2020-07-23,9.334680557250977,9.452965728002313,9.24596644417573,9.324823224676623,20477000
2020-07-24,9.226251602172852,9.403679824922296,9.226251602172852,9.334680378318382,22411500
2020-07-27,8.92068099975586,9.443107347617392,8.92068099975586,9.354393244385895,29504200
2020-07-28,8.812252044677734,9.117822733697956,8.812252044677734,8.920680808546289,18525600
2020-07-29,9.068538665771484,9.088253331893577,8.684112076860865,8.871396704785651,24426900
2020-07-30,9.147395133972168,9.393822811698067,8.910824788966584,9.00939623607574,22772000
2020-07-31,9.216395378112793,9.295252158541924,8.910824648914677,9.009396094474578,28839900
2020-08-03,8.96996784210205,9.18682352159111,8.91082478584786,9.167109796204373,16210600
2020-08-04,8.910823822021484,9.117823086450894,8.881252767116393,8.989680595132985,19628300
2020-08-05,8.753110885620117,8.989681221436268,8.733396220945295,8.950252832133575,27589400
2020-08-06,8.96996784210205,8.98968156748879,8.733396557132275,8.851681729593668,13275300
2020-08-07,8.96996784210205,9.048824623742979,8.891111060461121,8.891111060461121,12132000
2020-08-10,8.999539375305176,9.02911043496988,8.920682589501276,8.960110982403226,12743800
2020-08-11,8.960110664367676,9.098109564602765,8.891111214250131,9.078395838875041,12053800
2020-08-12,9.147395133972168,9.196680857526745,8.999538903355425,9.058681019583327,11896900
2020-08-13,9.482535362243652,9.541678408764774,9.245965056252832,9.275536109489975,32146500
2020-08-14,9.275535583496094,9.48253482451133,9.236107201400182,9.42339272139085,11318400
2020-08-17,9.03896713256836,9.31496586347321,9.029109800024301,9.31496586347321,15415700
2020-08-18,9.226251602172852,9.24596626694366,8.96011020809564,9.019252322314152,14963600
2020-08-19,9.098108291625977,9.265679167077206,9.019251519654441,9.117822954642296,14570300
2020-08-20,8.802397727966309,9.16711061046256,8.743254666458803,9.02911076030976,23523800
2020-08-21,8.950254440307617,8.969969108524754,8.654540997380415,8.802398188867578,16443000
2020-08-24,8.999539375305176,9.02911043496988,8.733397018181735,8.979824708830682,15757000
2020-08-25,8.97982406616211,9.068538178854158,8.851681563389922,9.009396063757439,11039000
2020-08-26,8.743252754211426,8.989680399843248,8.615110265677254,8.930538291317855,18936300
2020-08-27,9.03896713256836,9.10796658028283,8.792539459248713,8.81225318428986,22956300
2020-08-28,8.999539375305176,9.13753922048552,8.91082525626403,9.06853882787183,13347000
2020-08-31,9.127679824829102,9.236107645798201,8.989680010830117,8.989680010830117,74536600
2020-09-01,8.9896821975708,9.186824165490698,8.881254350226621,9.048825257970297,16912500
2020-09-02,9.13753890991211,9.265680477452799,8.969968010762587,9.019252795179618,17021800
2020-09-03,9.029109954833984,9.245966574286566,8.999538896741765,9.078395678352342,16843200
2020-09-04,9.058680534362793,9.147394643999737,8.871395922943526,9.0093957534951,17964000
2020-09-08,9.088253021240234,9.11782407936556,8.85168173609666,9.009396239541372,18594000
2020-09-09,8.97982406616211,9.176966956609762,8.910824618533612,9.058680846322382,14551500
2020-09-10,8.8713960647583,9.038966954518603,8.831967675405696,8.930539118810682,19265000
2020-09-11,8.930538177490234,8.979822953950928,8.762967305392685,8.871395129671805,18868000
2020-09-14,9.502250671386719,9.541679058402975,8.96996697664381,8.96996697664381,32861900
2020-09-15,9.64024829864502,9.837390208015176,9.452963719755065,9.502249432109297,27952700
2020-09-16,9.650107383728027,9.768392550856978,9.581107937914542,9.689535772771011,28646800
2020-09-17,9.64024829864502,9.650105629125221,9.462821050235267,9.492392101629095,18742200
2020-09-18,9.571250915527344,9.689536086485976,9.305108575835188,9.620536638438518,109816700
2020-09-21,9.492393493652344,9.512107217456913,9.107966008970635,9.3543936668327,19741500
2020-09-22,9.709251403808594,9.758536189983094,9.423395319780116,9.433251712986793,21907300
2020-09-23,9.462821960449219,9.719105997258593,9.374107857687685,9.689534943020371,18741200
2020-09-24,9.650107383728027,9.659964716000509,9.17696671521222,9.423394381742606,14727100
2020-09-25,9.857105255126953,9.89653363854559,9.590962962016055,9.659963338033776,19752200
2020-09-28,9.31496524810791,9.847248949712736,9.06853759106777,9.817677894081054,48154900
2020-09-29,9.255824089050293,9.40368032246653,9.196681031655595,9.314966206397985,22464200
2020-09-30,9.255824089050293,9.492394438535072,9.216395697469498,9.314966206397985,18488600
2020-10-01,9.689535140991211,9.689535140991211,9.31496499948222,9.364250717584143,19407900
2020-10-02,9.758535385131836,9.906392551601689,9.482536657120523,9.55153610411161,26849600
2020-10-05,9.79796314239502,9.857106193174705,9.709249976295844,9.788106750637489,25868600
2020-10-06,10.004961967468262,10.29081799682316,9.768391654908386,9.807820040335033,40086500
2020-10-07,10.11339282989502,10.221820677293987,10.014821375861736,10.123250163307759,13083600
2020-10-08,10.418961524963379,10.45838991432755,10.133105467061403,10.162677464119746,18065300
2020-10-09,10.606246948242188,10.63581800488768,10.290818897184812,10.409105003860667,16479200
2020-10-12,10.300677299499512,10.40910608520866,9.965535489211312,9.98525015572099,24111400
2020-10-13,10.172534942626953,10.320392123565679,10.142963882458028,10.251391729775452,12883300
2020-10-14,10.221820831298828,10.290820286133458,10.064107254507062,10.152821376464198,8398000
2020-10-15,10.359819412231445,10.438676190969613,10.093677078954917,10.162677465386029,9101300
2020-10-16,10.379534721374512,10.438677784480065,10.271106869069278,10.359820993704059,11998700
2020-10-19,10.665390014648438,10.714675740159985,10.349962875449778,10.438676993361158,20547200
2020-10-20,10.763960838317871,10.911817066188013,10.586532612836123,10.744246173243468,16124800
2020-10-21,10.428818702697754,10.793531533920813,10.399247646124786,10.763960477347846,17683500
2020-10-22,10.083820343017578,10.399248416673478,9.965535167914245,10.349962692035337,23397500
2020-10-23,10.103535652160645,10.182392440583499,9.985250469526363,10.152821379936697,8059500
2020-10-26,9.886676788330078,10.182390148369656,9.857105734340179,10.034533938373295,17385400
2020-10-27,9.768391609191895,10.034533914611341,9.768391609191895,9.886676764918253,8333900
2020-10-28,9.561392784118652,9.827535101575654,9.561392784118652,9.65996422170574,12064500
2020-10-29,9.600821495056152,9.69939293596884,9.324822776566329,9.51210738624412,11001600
2020-10-30,9.423394203186035,9.67967825708583,9.33468009450856,9.571250424283875,10338200
2020-11-02,9.512106895446777,9.571249944952164,9.34453601856954,9.462822117580316,8404900
2020-11-03,9.531821250915527,9.68953479110926,9.413536095770228,9.551534973416318,10010500
2020-11-04,9.916250228881836,9.985249678272393,9.482536986877497,9.482536986877497,10894900
2020-11-05,9.689535140991211,10.103533668972366,9.679677809361449,10.103533668972366,7386600
2020-11-06,10.004961967468262,10.014819298836638,9.738820600850117,9.797962708966656,9358800
2020-11-09,10.271105766296387,10.389390939760528,10.083820203276249,10.083820203276249,17776100
2020-11-10,10.261246681213379,10.33024611893955,10.06410475910515,10.271104012330499,10660600
2020-11-11,10.556961059570312,10.71467461257223,10.271105009742605,10.340104454169213,16852000
2020-11-12,10.941388130187988,11.187815782308917,10.55696065446246,10.69496047806706,34923800
2020-11-13,11.237100601196289,11.256815264659528,10.803388345520904,11.020244943382044,22659900
2020-11-16,11.375100135803223,11.562384733703134,11.237100315213324,11.296243364050957,17302800
2020-11-17,11.55252742767334,11.749669341446578,11.483527052817609,11.582098479727627,25361800
2020-11-18,12.469239234924316,12.676238507174261,11.848242358221407,11.927099134312154,51663600
2020-11-19,12.114383697509766,12.557953296384047,12.025669589725526,12.449525464673819,24446800
2020-11-20,12.479096412658691,12.577667851576873,12.143954648393168,12.183383035951058,17940800
2020-11-23,12.518524169921875,12.695952375022511,12.45938206158624,12.587524549709268,15419600
2020-11-24,12.636810302734375,12.715667079970867,12.528382469045933,12.64666763490067,22862300
2020-11-25,12.459382057189941,12.617095599425141,12.242525466593111,12.587524545267756,20485500
2020-11-27,12.548097610473633,12.725525849317384,12.4593844310988,12.4593844310988,10388300
2020-11-30,12.518524169921875,12.686095043617618,12.350953296226134,12.548095224089694,48998800
2020-12-01,12.508667945861816,12.636810445328814,12.370669054164239,12.567810999480026,14571600
2020-12-02,12.35095500946045,12.50866857362817,12.222812503562427,12.439669124316541,11593200
2020-12-03,12.419955253601074,12.498812034762917,12.32138380712528,12.419955253601074,13084100
2020-12-04,12.31152629852295,12.498811856141044,12.084813290934376,12.479097191108837,13533400
2020-12-07,12.35095500946045,12.39038340050238,12.134099328753328,12.222812503562427,16369200
2020-12-08,12.143953323364258,12.341096179690329,12.104524940108407,12.27209580395748,11738800
2020-12-09,12.212955474853516,12.272097588313118,12.035527254380819,12.143955089088053,20102000
2020-12-10,11.848243713378906,12.321384424039447,11.74967226196778,12.29181336463492,18942400
2020-12-11,11.76938533782959,11.99609928752785,11.68067216451842,11.720100554894598,9611500
2020-12-14,11.680671691894531,11.917242024579483,11.621528638699823,11.759528469456182,10367800
2020-12-15,12.025671005249023,12.025671005249023,11.404673117709542,11.631387079849526,16291300
2020-12-16,11.88767147064209,12.203098594225635,11.789100024498742,12.153812871153962,16446200
2020-12-17,12.06509780883789,12.153811915381052,11.946812646795978,11.996098365991836,18397700
2020-12-18,12.094669342041016,12.193239836617773,11.907383804265502,12.02566896178573,32731200
2020-12-21,12.084813117980957,12.114384175059088,11.848242781261987,11.897527563043223,19258300
2020-12-22,12.262240409851074,12.262240409851074,11.936955961602607,12.045384737716734,19204900
2020-12-23,12.331239700317383,12.469238581218068,12.252382928360742,12.262239319820168,17215000
2020-12-24,12.212955474853516,12.380526363067297,12.163669753605884,12.32138330956075,4561000
2020-12-28,12.143953323364258,12.281953134783146,12.09466854932955,12.1340969325854,9418600
2020-12-29,11.789098739624023,12.242525650380598,11.729955690374524,12.14395421498039,12177700
2020-12-30,12.163668632507324,12.193239686511626,11.818669555618651,11.818669555618651,9327200
2020-12-31,12.281954765319824,12.331240485944452,12.055240826465313,12.084812822868248,8342600
2021-01-04,12.03552532196045,12.350952383225307,12.03552532196045,12.301666669890976,10129500
2021-01-05,12.20309829711914,12.212955629502877,12.035527406783453,12.143955242863681,9191200
2021-01-06,12.20309829711914,12.27209774371138,12.035527406783453,12.114384185759429,10020400
2021-01-07,12.134099006652832,12.252384176638737,12.035527561641095,12.173527396648133,13179500
2021-01-08,12.06509780883789,12.183382970879803,11.996098365991836,12.163669247229604,10329000
2021-01-11,12.03552532196045,12.03552532196045,11.818668747317464,11.956668556644235,16972500
2021-01-12,12.005956649780273,12.055241432836965,11.917242536203062,11.976384651889884,8179300
2021-01-13,11.927101135253906,12.035528985557278,11.877815406917072,12.025671651880494,8362000
2021-01-14,11.660957336425781,12.025670177322844,11.631386279068442,11.986241787497404,10517200
2021-01-15,12.06509780883789,12.252383353772764,11.729956046362354,11.739813378210906,19752500
2021-01-19,11.858098983764648,12.13409864556551,11.77924220612067,12.094670256743521,11774300
2021-01-20,12.06509780883789,12.074955140686443,11.769384433709659,11.877813203949923,14695800
2021-01-21,11.818671226501465,12.074956237563061,11.759529110131552,11.986242122961201,10838300
2021-01-22,11.55252742767334,11.789097724201227,11.375099235254027,11.789097724201227,13161400
2021-01-25,11.187813758850098,11.621525934519921,11.177956428936831,11.552526505220493,14494600
2021-01-26,10.901958465576172,11.394813712047943,10.773815988687899,11.187814470927929,21212500
2021-01-27,10.635817527770996,10.832959463308843,10.47810397934072,10.73438896556337,21061500
2021-01-28,11.394816398620605,11.424387457167825,10.635818688881614,10.645676021746354,13277900
2021-01-29,11.26667308807373,11.503243419675249,11.158244314387835,11.246958423750137,11596200
2021-02-01,11.32581615447998,11.532815447070474,11.020246352113594,11.266674036623847,12987900
2021-02-02,11.562386512756348,11.601815844746168,11.266674043208821,11.40467294498513,7704700
2021-02-03,11.798957824707031,11.798957824707031,11.532815473601143,11.601815864654716,9846600
2021-02-04,11.82852840423584,11.858099462033277,11.552529671350158,11.84824306946545,13307200
2021-02-05,11.690528869628906,11.867957101088825,11.66095781106792,11.838386042527839,4818400
2021-02-08,11.720099449157715,11.749670504138212,11.56238496248565,11.66095639914983,5372200
2021-02-09,11.591958999633789,11.759529907455226,11.493387545604572,11.739815240630561,11356600
2021-02-10,11.907383918762207,11.936954973414892,11.641242546794299,11.651098938313941,11077100
2021-02-11,11.82852840423584,12.005956631114412,11.641243784789443,11.927099850289931,9367600
2021-02-12,11.631385803222656,11.838385076349516,11.61167113909299,11.808813080155018,8080700
2021-02-16,11.631385803222656,11.729956303730207,11.493385974455775,11.631385803222656,6262200
2021-02-17,11.542671203613281,11.641242639973722,11.404671380718042,11.591956921793502,7677000
2021-02-18,11.591958999633789,11.641244726648397,11.296245577593192,11.453959152002296,13504100
2021-02-19,11.473670959472656,11.779240698727476,11.40467058282897,11.532813065113734,10602900
2021-02-22,11.24695873260498,11.47367267831747,11.099102506305458,11.47367267831747,41695100
2021-02-23,11.06952953338623,11.276528795989693,10.941387983245548,11.158243637365839,13112800
2021-02-24,11.24695873260498,11.394815898951464,11.089245173872968,11.11881623112348,16186900
2021-02-25,10.724532127380371,11.4243867357863,10.556961239448885,11.237101183370195,23817000
2021-02-26,10.359819412231445,10.872388474029531,10.359819412231445,10.714674916553198,14149800
2021-03-01,10.813246726989746,10.980817622507272,10.487962268643253,10.527390659350495,16394800
2021-03-02,10.724532127380371,10.882245683069547,10.60624696061349,10.832959961904944,11072900
2021-03-03,10.596389770507812,10.793531717763683,10.547104048682106,10.744245995937977,12404200
2021-03-04,10.576675415039062,10.754103642781134,10.369677069402625,10.754103642781134,11703700
2021-03-05,10.694961547851562,10.734389938532939,10.182391528946702,10.547104377761167,20816600
2021-03-08,11.000531196594238,11.16810208980788,10.655533017660897,10.724532465438172,17458100
2021-03-09,11.177959442138672,11.276529947702473,10.95124549325268,11.1681021095682,9743300
2021-03-10,11.296244621276855,11.335673011541207,11.20753050817032,11.256816231012504,11980100
2021-03-11,11.286386489868164,11.483528427236555,11.217387046800953,11.29624382174831,34908100
2021-03-12,11.345528602600098,11.453956424171839,11.237099840981527,11.296242887323187,10280600
2021-03-15,11.680671691894531,11.680671691894531,11.404672030381814,11.44410041916264,15950900
2021-03-16,11.700384140014648,11.720098802278109,11.404670786390616,11.631384702186214,11311300
2021-03-17,11.651101112365723,11.71024417275384,11.513102204871869,11.631387385601052,13395400
2021-03-18,11.138531684875488,11.572244002106219,11.099103292399967,11.542672942761335,17140800
2021-03-19,11.099102020263672,11.414529123914802,11.030101636304797,11.207529852132017,37466500
2021-03-22,10.951245307922363,11.099102473836307,10.872388528787043,11.020245694700987,9974100
2021-03-23,10.763960838317871,11.03010223649352,10.734389780753236,10.970960121364252,8775600
2021-03-24,11.148387908935547,11.591957515169458,10.763960415507793,10.803388804060875,30567200
2021-03-25,11.720099449157715,11.749670504138212,11.12867270926642,11.168101095922713,18826600
2021-03-26,11.897525787353516,11.907383118257352,11.61166977146998,11.690526538607038,14322200
2021-03-29,11.345528602600098,11.88766959055246,11.345528602600098,11.848241206340296,12245400
2021-03-30,11.32581615447998,11.434244937294581,11.246959370640461,11.28638776256022,9157900
2021-03-31,11.542671203613281,11.651099031572256,11.384957657474086,11.384957657474086,10433800
2021-04-01,11.335673332214355,11.63138673758587,11.246959216598201,11.532815289113032,9542400
2021-04-05,11.493385314941406,11.680670853238691,11.394814820090037,11.47367159198988,10902800
2021-04-06,11.276528358459473,11.49338494421259,11.158243204425093,11.404670843675094,12846700
2021-04-07,11.177959442138672,11.335673003078334,11.108959994239314,11.217387832373587,9202500
2021-04-08,11.128673553466797,11.24695872240857,11.099102496243093,11.177959275537608,10219500
2021-04-09,11.345528602600098,11.414528039959675,11.128672019409787,11.128672019409787,16709800
2021-04-12,11.414529800415039,11.51310124617147,11.315958354658608,11.345530352413723,13572400
2021-04-13,11.493385314941406,11.562384755342052,11.099101455442183,11.246957667742674,17335800
2021-04-14,11.621529579162598,11.710243696110307,11.444101345267178,11.463816011276455,14879200
2021-04-15,11.700384140014648,11.720098802278109,11.513099548745968,11.601813648837862,15425900
2021-04-16,11.414529800415039,11.798957310808749,11.404672467830002,11.729956922760458,38392200
2021-04-19,11.039958953857422,11.522956940702835,11.000530565952632,11.424386440964318,17380900
2021-04-20,11.039958953857422,11.138530393642858,10.901960066214116,10.970959510035769,13378900
2021-04-21,10.990671157836914,11.030099538293719,10.832957636009693,10.931529057175077,9333900
2021-04-22,10.83296012878418,11.108959795538892,10.813246404042818,11.089245130750573,13701200
2021-04-23,10.813246726989746,10.931531899111473,10.655533164160778,10.823103119631318,14592700
2021-04-26,10.645676612854004,10.872389641049404,10.645676612854004,10.872389641049404,17830700
2021-04-27,10.487961769104004,10.694961045469443,10.468247104665895,10.675246381031334,17897600
2021-04-28,10.635817527770996,10.65553219134823,10.428818260444533,10.547103421767241,20286300
2021-04-29,10.635817527770996,10.73438896556337,10.221818993118069,10.606246472452044,18990300
2021-04-30,11.158243179321289,11.158243179321289,10.56681741047998,10.56681741047998,17878000
2021-05-03,11.26667308807373,11.325815200950643,11.01038809214862,11.138530590111175,21193100
2021-05-04,11.158243179321289,11.335671379997102,10.9118155406257,11.335671379997102,18482700
2021-05-05,10.823100090026855,11.177956447107555,10.813243700144287,11.177956447107555,13178000
2021-05-06,10.783674240112305,10.911816739114034,10.63581801667405,10.862531957999243,9851500
2021-05-07,10.783674240112305,10.980817124759238,10.675246405594047,10.773817847917513,14316700
2021-05-10,10.724532127380371,10.931531404234152,10.704817462895752,10.80338890522496,11039400
2021-05-11,10.734390258789062,10.763961317670587,10.527390966524358,10.635818809121293,8888500
2021-05-12,10.320390701293945,10.734389246793205,10.320390701293945,10.734389246793205,10247900
2021-05-13,10.478103637695312,10.527389354984507,10.320390094407388,10.399246866051351,14197700
2021-05-14,10.655532836914062,10.78367439774195,10.497818338881748,10.517533003653396,13753800
2021-05-17,10.694961547851562,10.773818329214313,10.586532768442543,10.625961159123918,10756200
2021-05-18,10.616104125976562,10.734389290884069,10.379532856114624,10.694960902581567,15950500
2021-05-19,10.379534721374512,10.51753457525607,10.182392744434496,10.487963513726843,13826300
2021-05-20,10.251391410827637,10.497819098011446,10.182391959231218,10.369677527917247,14202600
2021-05-21,10.133106231689453,10.30067713414355,10.093677839350079,10.261248741804176,11653100
2021-05-24,10.428818702697754,10.458389759270721,10.152819981240535,10.152819981240535,11250000
2021-05-25,9.916250228881836,10.418961980229737,9.886678230531317,10.379533589142707,18107000
2021-05-26,9.886676788330078,10.05424766101761,9.79796268631352,9.926105173665565,26309300
2021-05-27,9.77824878692627,9.935962325417526,9.758534124591442,9.935962325417526,16342700
2021-05-28,9.995105743408203,10.044390520981114,9.797962872929059,9.807820204462391,16345800
2021-06-01,10.004961967468262,10.064105015631661,9.797962708966656,10.014819298836638,11621100
2021-06-02,10.083820343017578,10.123249674765699,9.975392500851274,10.034535558426446,11951800
2021-06-03,10.280963897705078,10.310534958356396,9.995107804616827,10.06410725948559,12293500
2021-06-04,10.23167610168457,10.310532874179309,10.18239038386364,10.300675542605747,13684000
2021-06-07,10.152819633483887,10.310533183200258,10.103533914185794,10.231676408342073,15342400
2021-06-08,10.083820343017578,10.202106458167922,10.073963950127558,10.152820733529781,7724700
2021-06-09,10.133106231689453,10.211963016368202,10.044392113914105,10.103535172446678,9174500
2021-06-10,10.340105056762695,10.399248112608575,10.152820436670206,10.172534161920845,9676700
2021-06-11,10.349963188171387,10.359820521580938,10.231678007397932,10.340105854761834,6545200
2021-06-14,10.497818946838379,10.576675730397865,10.340105379719407,10.38939110445584,8493300
2021-06-15,10.379534721374512,10.527391909114845,10.31053526445728,10.468248846009292,10234400
2021-06-16,10.083820343017578,10.42881947543756,10.054249284253498,10.389391083736449,8992200
2021-06-17,10.083820343017578,10.123249674765699,9.965535167914245,10.054249284253498,8037100
2021-06-18,10.054247856140137,10.133104628341481,9.975391083938792,10.093676242240809,15783200
2021-06-21,10.11339282989502,10.123250163307759,9.827536741254963,10.014821375861736,16489700
2021-06-22,9.965534210205078,10.142962425832353,9.945820486272558,10.142962425832353,7863400
2021-06-23,9.906392097473145,9.985248873289999,9.876821041553555,9.94582048538157,6722400
2021-06-24,9.857105255126953,10.014818788801495,9.847247924260591,9.965533074516499,13746600
2021-06-25,10.024676322937012,10.064104707155131,9.847248123932056,9.857105454998294,16448300
2021-06-28,10.202105522155762,10.202105522155762,9.857106421388398,10.064105693839432,11008400
2021-06-29,9.95567798614502,10.221819374026959,9.926105989677188,10.172533653294176,16629200
2021-06-30,10.024676322937012,10.083818429240775,9.955676885567009,9.99510526978513,12357400
2021-07-01,10.192248344421387,10.221819400920083,9.935963347974182,10.034534789699087,10405500
2021-07-02,10.271105766296387,10.3105341574511,10.162677925632673,10.221820042341244,9510700
2021-07-06,10.349963188171387,10.369677854990488,10.16267855362518,10.25139173416998,10395200
2021-07-07,10.211960792541504,10.379531658504218,10.172532408788324,10.379531658504218,6475700
2021-07-08,10.014820098876953,10.2513904303354,9.95567798603581,10.123248872497275,5514100
2021-07-09,10.221820831298828,10.251391891935517,10.034536193870373,10.034536193870373,7222000
2021-07-12,10.064106941223145,10.182392120134889,9.975392822027576,10.172534786880483,8150500
2021-07-13,9.847249031066895,10.142962409967513,9.807820643216607,10.03453457839095,14915500
2021-07-14,9.77824878692627,9.935962325417526,9.679677355345815,9.876820218506724,9010200
2021-07-15,9.827534675598145,9.886676783549348,9.63039274901604,9.728963242283665,8001000
2021-07-16,9.650107383728027,9.896535050258413,9.650107383728027,9.827535604444927,7488400
2021-07-19,9.078393936157227,9.610677579903877,9.019250891275686,9.531820813426359,21144400
2021-07-20,9.285394668579102,9.403679837217739,9.029109666505242,9.08825272084804,17799300
2021-07-21,9.354393005371094,9.590963314579215,9.255822513224468,9.393821390239115,17551000
2021-07-22,9.196680068969727,9.452965057441125,9.107965962187558,9.354393618783845,23484200
2021-07-23,9.088253021240234,9.295252308211495,8.979824241369059,9.255823917362063,10542500
2021-07-26,8.624968528747559,9.07839548328931,8.35882619149509,9.04882442583247,41531300
2021-07-27,8.86153793334961,8.891109927732723,8.48696779825198,8.634824950026944,21701500
2021-07-28,9.019251823425293,9.137537925413376,8.85168094233023,8.920681325164429,22210000
2021-07-29,8.950254440307617,9.18682481863053,8.83196925114616,9.048825901299058,54622100
2021-07-30,8.664397239685059,9.117824211024367,8.615111515399851,8.881253862511771,37835200
2021-08-02,8.822111129760742,9.009396700921869,8.644683831875563,8.713683284383853,14505500
2021-08-03,8.86153793334961,8.900966319146892,8.644682281487983,8.871395264810648,16714500
2021-08-04,8.546112060546875,8.802397074645954,8.358826496379471,8.713682958992656,18148600
2021-08-05,8.171540260314941,8.5165393220117,8.171540260314941,8.417967892942107,24133800
2021-08-06,8.408111572265625,8.437683568567687,8.122255521674203,8.260255350943035,30547300
2021-08-09,8.506682395935059,8.526396118659079,8.171540649204964,8.329254191184571,20093700
2021-08-10,9.068538665771484,9.137539057151791,8.49682650888906,8.536254901086226,34273700
2021-08-11,9.305108070373535,9.305108070373535,8.841824744296595,8.960109908829873,40035900
2021-08-12,9.107965469360352,9.472678268582811,8.881252488781602,9.314964727302488,40126200
2021-08-13,8.9896821975708,9.167110438722236,8.940396470579064,9.157253105314478,6857700
2021-08-16,9.03896713256836,9.157252302956152,8.940395687221713,9.088252855241683,10397600
2021-08-17,8.999539375305176,9.02911043496988,8.851682196887586,8.960110982403226,14807700
2021-08-18,8.9896821975708,9.186824165490698,8.831968623234884,9.058681651331002,9568300
2021-08-19,8.802397727966309,8.950253971664466,8.624969483490862,8.90096824374939,17385200
2021-08-20,9.147395133972168,9.226251915640697,8.713682834795263,8.76296855834984,21080000
2021-08-23,8.97982406616211,9.196680681626345,8.960110341145526,9.15725229154621,12742000
2021-08-24,9.117823600769043,9.226251434901831,9.009395766636256,9.16710932175556,9857300
2021-08-25,9.127679824829102,9.137537155839063,8.999537341840078,9.07839410982612,6481400
2021-08-26,8.9896821975708,9.14739577190672,8.940396470579064,9.048825257970297,8627500
2021-08-27,8.9896821975708,9.14739577190672,8.851682350003346,9.019253257747023,15991200
2021-08-30,8.881253242492676,9.078395185823608,8.871395910314394,9.01925213280086,9307500
2021-08-31,9.03896713256836,9.10796658028283,8.831967849377978,8.881253572051302,14936600
2021-09-01,9.078393936157227,9.176965364277528,8.979822508036927,9.068536605335835,9150100
2021-09-02,9.147395133972168,9.186823524806433,8.989681570635112,9.048824626910003,11275200
2021-09-03,9.019251823425293,9.216394700040828,8.950252380637998,9.216394700040828,13825300
2021-09-07,9.285394668579102,9.38396611246811,9.048824331301828,9.058680723653163,12555100
2021-09-08,9.186823844909668,9.354394746805834,9.17696745189291,9.216395844101006,10093200
2021-09-09,9.226251602172852,9.295251988823722,9.117823766074277,9.16710948795434,10889200
2021-09-10,9.176966667175293,9.295251833685079,9.09810894945516,9.255823444848483,9678300
2021-09-13,9.689535140991211,9.797962968777938,9.245965558167654,9.305107667852457,23319600
2021-09-14,9.659964561462402,9.738821338286836,9.462822619401319,9.659964561462402,20337900
2021-09-15,9.71910572052002,9.847248205299453,9.581106844639736,9.620535229183652,26397200
2021-09-16,9.551536560058594,9.709251066497737,9.374109267890944,9.669822674899702,18731300
2021-09-17,9.699392318725586,9.709249650198947,9.433250009226068,9.482535726546,25947700
2021-09-20,9.443107604980469,9.630393148028338,9.31496511238111,9.531821710629787,21520400
2021-09-21,9.650107383728027,9.817678272172445,9.413537049470124,9.452965438513107,30412300
2021-09-22,9.728962898254395,9.876820042997686,9.699391845324465,9.738820229246645,16723800
2021-09-23,9.827534675598145,9.857105729573746,9.699392188308064,9.758534296259267,18726100
2021-09-24,9.79796314239502,9.866963524979134,9.67967798088255,9.857106193174705,14955700
2021-09-27,9.827534675598145,9.866963060914566,9.699392188308064,9.807820012916507,13537700
2021-09-28,9.600821495056152,9.886677545646632,9.590964162955498,9.817678101035908,15395500
2021-09-29,9.374109268188477,9.669822675206623,9.324823543677619,9.630394283607338,12383400
2021-09-30,9.462821960449219,9.54167873178239,9.35439319483096,9.364250526259323,15427400
2021-10-01,9.472678184509277,9.600820670673942,9.393821414568999,9.600820670673942,17735900
2021-10-04,9.679677963256836,9.758534737454891,9.462822304235633,9.512107083074243,13304500
2021-10-05,9.748679161071777,9.758535553635724,9.630393989881602,9.728964495849926,10130700
2021-10-06,10.044390678405762,10.073962673469238,9.502250596231839,9.650106811361656,22049300
2021-10-07,10.36967658996582,10.527390145090527,10.024677483095319,10.054248539669466,33250300
2021-10-08,10.556961059570312,10.58653211574644,10.310533397993085,10.359819118317915,15704200
2021-10-11,10.004961967468262,10.409104093149956,9.827534703071786,10.271104274133267,44500800
2021-10-12,10.103535652160645,10.202107107712747,9.945822075314936,10.054249924384594,16674900
2021-10-13,10.349963188171387,10.527391429355095,10.083820826395822,10.103535493214924,18735600
2021-10-14,10.616104125976562,10.616104125976562,10.330247135724765,10.43867590859184,21220900
2021-10-15,11.039958953857422,11.049816285845349,10.665388798738453,10.665388798738453,53654600
2021-10-18,10.842818260192871,10.95124610437787,10.744246809081398,10.862532926433976,12789600
2021-10-19,11.020245552062988,11.03995927656818,10.842817331281541,10.941388773948333,11136100
2021-10-20,11.345528602600098,11.44409909310709,10.990672204643802,11.069528973068127,18957400
2021-10-21,11.483529090881348,11.513101088230783,11.246958752367638,11.27652980967011,12820700
2021-10-22,11.729957580566406,11.769385973070694,11.434245106807762,11.562386677411427,14783900
2021-10-25,11.493385314941406,11.84824172853758,11.42438587454076,11.720099239188615,16811400
2021-10-26,11.404672622680664,11.621529242261069,11.384958897289893,11.59195818415142,12071800
2021-10-27,11.414529800415039,11.532814971294572,11.345530352413723,11.453958190708217,8234400
2021-10-28,11.513101577758789,11.522957970580723,11.24695923057948,11.503244244889851,10125000
2021-10-29,11.434243202209473,11.582099414460432,11.36524282178507,11.453956925154394,16532700
2021-11-01,11.24695873260498,11.483529070703,11.010388394506961,11.483529070703,18362600
2021-11-02,11.177959442138672,11.444100841212606,11.138531051903756,11.315958337937388,13730300
2021-11-03,11.503242492675781,11.582099263521542,11.148387023869864,11.158243415190439,15905900
2021-11-04,11.493385314941406,11.631385135789571,11.41452854304156,11.463814260490683,8109400
2021-11-05,11.483529090881348,11.670814647239924,11.483529090881348,11.6510999823403,7025900
2021-11-08,11.444100379943848,11.503243432935873,11.30610148970735,11.483528768589553,9530800
2021-11-09,12.005956649780273,12.035527707623684,11.582100747154481,11.60181541241474,24882200
2021-11-10,12.222810745239258,12.272096461963379,11.77924117481588,12.02566881838963,21132200
2021-11-11,12.173527717590332,12.321383948959044,11.996099487910284,12.301669283418152,17480100
2021-11-12,12.084813117980957,12.272097732871735,11.86795650596509,12.21295561871547,10063200
2021-11-15,12.20309829711914,12.222812021839657,12.065098463887706,12.104526853375694,7523700
2021-11-16,12.143953323364258,12.242524751527293,12.035525504422367,12.20309636827144,6914300
2021-11-17,12.291810989379883,12.321382043070134,12.035526017272781,12.07495440220873,14466900
2021-11-18,11.927101135253906,12.390384537497736,11.798958617596972,12.331242415531198,14932900
2021-11-19,12.20309829711914,12.262240411327644,11.85809918406403,11.907384905935755,21829600
2021-11-22,12.06509780883789,12.311525464770268,12.03552675333914,12.203097634576908,14196000
2021-11-23,12.153813362121582,12.24252747922491,11.877814617836686,12.074956578040183,17127400
2021-11-24,12.281954765319824,12.341097818078763,12.035527102243622,12.143954935580254,16046000
2021-11-26,12.06509780883789,12.104526196185194,11.710242322712155,12.074955140686443,9671600
2021-11-29,12.20309829711914,12.262240411327644,11.946813295423743,12.114384185759429,13125300
2021-11-30,11.710243225097656,12.193241242333443,11.680672167320173,12.16367018455596,23444900
2021-12-01,11.582098960876465,12.005954798132038,11.562384298656747,11.927098029346839,16360000
2021-12-02,11.82852840423584,11.966528240702171,11.503243948323114,11.631386452174638,15776500
2021-12-03,11.641243934631348,11.81867122374672,11.424387314549238,11.81867122374672,22791000
2021-12-06,12.36081314086914,12.419956201276786,11.700386843211183,11.86795775097795,45235700
2021-12-07,12.262240409851074,12.469239689649823,12.193240963267144,12.410097575448441,16347700
2021-12-08,12.449525833129883,12.469239557639318,12.232669223244423,12.26224028003205,11100500
2021-12-09,12.31152629852295,12.479097191108837,12.301668966006845,12.449526133607495,9397100
2021-12-10,12.173527717590332,12.429811789292964,12.084813602750307,12.429811789292964,9487400
2021-12-13,12.094669342041016,12.212954499561246,12.015811630313994,12.124240396409355,13069400
2021-12-14,11.98624038696289,12.29181107744081,11.87781256262394,12.065097157399737,11263700
2021-12-15,12.084813117980957,12.143955232137222,11.848242781261987,12.005956339074634,9894100
2021-12-16,12.06509780883789,12.291811741120068,12.045384085187692,12.104526196185194,11537800
2021-12-17,11.848243713378906,12.114385128113703,11.818671713927351,12.025671009853095,15762400
2021-12-20,11.818671226501465,11.838385891989429,11.562386215439869,11.670814995529692,14239900
2021-12-21,11.897525787353516,11.996097216298244,11.867954734688823,11.94681150182588,9896800
2021-12-22,11.838385581970215,11.907385029277178,11.749671469691567,11.877813971866617,6600900
2021-12-23,11.82852840423584,11.94681357547256,11.74967162341136,11.838385736850645,5668900
2021-12-27,11.739812850952148,11.838384284916819,11.700384465375652,11.789098567934483,4961500
2021-12-28,11.88767147064209,11.966528251537977,11.749671634050799,11.75952896667453,6854100
2021-12-29,11.818671226501465,11.88767161566235,11.739814444643587,11.858099617430403,5207800
2021-12-30,11.897525787353516,11.936954170922045,11.749669583983238,11.83838368202413,7380500
2021-12-31,11.966527938842773,12.015812720579616,11.838385438223682,11.848242770589833,8139800
2022-01-03,12.03552532196045,12.134096748629114,11.838383408669912,11.887669122004246,9442400
2022-01-04,12.262240409851074,12.34109812886451,12.015812740569087,12.124241516683213,18730800
2022-01-05,11.690528869628906,12.252384622569648,11.690528869628906,12.183384232531344,14950400
2022-01-06,11.651101112365723,11.749672566330236,11.473673811295473,11.641244719006915,15593300
2022-01-07,12.03552532196045,12.17352513128722,11.591955782045044,11.631384164703151,16092500
2022-01-10,12.055240631103516,12.134098346853145,11.848242299919082,12.025669575226727,12696200
2022-01-11,11.996100425720215,12.173528669270935,11.927100971026965,12.104528274530617,10325400
2022-01-12,12.331239700317383,12.400239140767725,11.946812231993603,12.015811672443945,15570900
2022-01-13,12.56781005859375,12.597381113165552,12.28195402427467,12.341097073465148,19666400
2022-01-14,12.824095726013184,12.824095726013184,12.469239291935443,12.469239291935443,13813700
2022-01-18,12.528383255004883,13.001523948105962,12.46924019834375,12.725525210463665,16482500
2022-01-19,12.459382057189941,12.626952930826556,12.410096340229726,12.59738093662231,9448000
2022-01-20,12.36081314086914,12.843811197351213,12.341099414097961,12.577669775634439,16755900
2022-01-21,12.055240631103516,12.459382781638565,11.996098519349939,12.439668117689429,16170300
2022-01-24,11.996100425720215,12.045386153378422,11.542673423349427,11.927100971026965,15789400
2022-01-25,12.173527717590332,12.252384499659911,11.798957532736338,11.838385923771126,11812800
2022-01-26,12.124241828918457,12.410097895045329,11.946813601651096,12.360812171910286,10193800
2022-01-27,12.222810745239258,12.400238949427353,11.927098324988243,12.29181112467177,18400600
2022-01-28,12.508667945861816,12.518525278139341,12.074955666167083,12.074955666167083,12201200
2022-01-31,12.607239723205566,12.64666811331536,12.301668994819433,12.469239887797801,14635700
2022-02-01,11.956669807434082,12.134098017979765,11.897526757236557,11.956669807434082,51213200
2022-02-02,12.074955940246582,12.134098995207232,11.858099325453493,11.976384495327823,18006800
2022-02-03,11.838385581970215,12.143955368655593,11.78909985958797,11.986241809069982,21427500
2022-02-04,11.907383918762207,12.084812126772066,11.690527324533145,11.798956091671116,28724300
2022-02-07,11.976384162902832,12.035527216221865,11.838385271903325,11.936955774039125,11789800
2022-02-08,11.976384162902832,12.055240940630249,11.887670992994696,11.966527770722111,8375900
2022-02-09,12.124241828918457,12.124241828918457,11.986241992149735,12.025670382648372,12692700
2022-02-10,11.227245330810547,12.035527812591013,11.02024604400738,11.9960994217736,47788300
2022-02-11,11.099102020263672,11.503243231828412,11.059673632307282,11.266672904090065,27618100
2022-02-14,11.118815422058105,11.14838741720376,10.892102432889445,11.069529703528907,18940300
2022-02-15,11.237100601196289,11.296243651539108,11.059673330261624,11.237100601196289,20601400
2022-02-16,11.57224178314209,11.84824141759515,11.286385757495372,11.33567147365105,27145200
2022-02-17,11.424386024475098,11.641242620069146,11.384957638007716,11.542671183877246,11235500
2022-02-18,11.24695873260498,11.503243735567983,11.187816618103957,11.375101234086483,11557100
2022-02-22,11.158243179321289,11.21738622622884,11.059672687871156,11.138529457049998,14254500
2022-02-23,10.704816818237305,11.21738678340642,10.694960426635504,11.15824373356118,15788700
2022-02-24,10.921673774719238,10.970959494542354,10.3203906250086,10.448533120529932,18538400
2022-02-25,11.197672843933105,11.286386954412052,10.941388784829085,10.97095984163975,12336600
2022-02-28,11.207530975341797,11.27653042616882,10.941389564975408,11.010389015802431,16791300
2022-03-01,11.138531684875488,11.296245254777572,10.823103605024293,11.158245411089734,15385500
2022-03-02,11.296244621276855,11.365244069227726,11.099102669955098,11.13853106021945,15746800
2022-03-03,11.26667308807373,11.503243419675249,11.187816310873226,11.355387197436034,13505700
2022-03-04,11.039958953857422,11.217387169452438,10.961102178047842,11.197672505476584,14730200
2022-03-07,10.359819412231445,11.030102031505866,10.27110530113927,10.90196047109156,28680000
2022-03-08,10.685103416442871,10.773817523856206,10.211961823587389,10.418961094202865,32713100
2022-03-09,10.85267448425293,11.079387482575143,10.823102487913303,10.882245540545625,16499900
2022-03-10,10.724532127380371,10.773817848544974,10.497818186041973,10.763960516302665,13219600
2022-03-11,10.625959396362305,10.803387595018066,10.59638834326862,10.763959210877545,11319000
2022-03-14,11.030102729797363,11.049817395753474,10.586533086302019,10.635818811145283,32667400
2022-03-15,11.335673332214355,11.37510172359409,10.85267530280085,11.089245651079262,28372600
2022-03-16,11.82852840423584,11.84824306946545,11.375101444471587,11.444100892681263,32466100
2022-03-17,11.591958999633789,11.858100421437388,11.532815939206849,11.690529513615951,27404700
2022-03-18,11.414529800415039,11.700385865052318,11.325815687243647,11.572243361587748,58999800
2022-03-21,11.138531684875488,11.552530275891971,11.12867435174485,11.34553098038373,18197700
2022-03-22,11.453957557678223,11.522957001866121,11.138530452765627,11.217387228993775,21059800
2022-03-23,11.414529800415039,11.56238602900271,11.365244077536824,11.453958190708217,8611800
2022-03-24,11.651101112365723,11.680673112583309,11.37510235733096,11.43424541771908,15196600
2022-03-25,11.80881404876709,11.80881404876709,11.621529424407969,11.680672481601219,7901900
2022-03-28,11.867956161499023,11.927099213985622,11.779242052792588,11.779242052792588,12098900
2022-03-29,11.838385581970215,12.272097870830644,11.729956804719883,11.91724236176302,38204900
2022-03-30,11.917242050170898,12.045384548995493,11.798956883574414,11.8285279402118,9710300
2022-03-31,11.76938533782959,12.00595662013364,11.759528945270779,11.897527841563914,8647100
2022-04-01,12.094669342041016,12.11438306493762,11.670813489225043,11.798955978217009,12890100
2022-04-04,11.897525787353516,12.094668645242972,11.729954922175565,12.025668268962937,15442500
2022-04-05,11.877814292907715,12.09467091322275,11.867956960155443,11.936956409327365,16433600
2022-04-06,11.917242050170898,11.97638416344567,11.729956498024592,11.858098996849186,9359500
2022-04-07,12.163668632507324,12.183382355161239,11.927098320379189,11.966526705733878,25365100
2022-04-08,12.656522750854492,12.863521989865543,12.114381797249667,12.193238560677994,27983100
2022-04-11,11.976384162902832,12.617096656996763,11.927099381858405,12.577668268133054,18768000
2022-04-12,12.35095500946045,12.439669124316541,12.045385213897235,12.074956272166935,15229600
2022-04-13,12.666382789611816,12.695953847208608,12.301669005714494,12.370669393502974,14515300
2022-04-14,12.124241828918457,12.222812335141562,11.897527878516053,11.976384659513329,37223900
2022-04-18,12.005956649780273,12.242526992621515,11.966528259306733,12.222812327361256,7510900
2022-04-19,12.134099006652832,12.153812731627,11.927099724165759,12.025670229130528,13573600
2022-04-20,12.222810745239258,12.429810003443082,12.124240251837872,12.390381618073157,22216300
2022-04-21,12.193241119384766,12.311526289348963,12.124241671917392,12.222812176864073,20992900
2022-04-22,11.956669807434082,12.222811183205716,11.946812475726679,12.222811183205716,26238900
2022-04-25,11.651101112365723,12.005957594600329,11.43424541771908,11.936957200806347,16799500
2022-04-26,12.055240631103516,12.074955295052652,11.651099420615383,11.710242472415876,30359300
2022-04-27,12.31152629852295,12.55795397114373,12.005956510899482,12.015812903368618,31162300
2022-04-28,12.7452392578125,12.843809760737134,12.341098033713518,12.45938320125125,24844600
2022-04-29,12.469239234924316,12.922666167469579,12.44952551092509,12.715666895219634,26155900
2022-05-02,12.469239234924316,12.47909656694739,12.114383742515951,12.400239790856643,17706000
2022-05-03,12.538240432739258,12.715667720434565,12.449526318868111,12.479097376809499,13677500
2022-05-04,12.843810081481934,12.843810081481934,12.538240292723628,12.567811350334793,20648500
2022-05-05,12.429810523986816,12.8832374447533,12.291811639436297,12.833952666012056,24163000
2022-05-06,12.380526542663574,12.508668103700561,12.163669930056363,12.429811324579203,16999500
2022-05-09,11.917242050170898,12.311525938825849,11.887670993533513,12.183383440001254,27027900
2022-05-10,11.601814270019531,12.015811859203136,11.335671955494119,12.015811859203136,30875600
2022-05-11,11.858098983764648,12.065098260091824,11.670814371871938,11.700385428476693,15251600
2022-05-12,11.404672622680664,11.848243194560352,11.266673724804306,11.729957082027775,22273200
2022-05-13,11.55252742767334,11.749669341446578,11.49338438351797,11.55252742767334,16964200
2022-05-16,11.621529579162598,11.720101029114945,11.513101736252628,11.601815853200337,17545900
2022-05-17,11.927101135253906,12.065100046540545,11.621530371603201,11.729958221906573,14973000
2022-05-18,11.720099449157715,12.074954929064358,11.582099625837243,11.92709871411498,14773000
2022-05-19,11.966527938842773,12.025670052945767,11.582100436985499,11.631386158769297,10822400
2022-05-20,11.57224178314209,11.986240294774833,11.375099858566223,11.976382963534327,24597200
2022-05-23,11.897525787353516,11.996097216298244,11.700383869510874,11.700383869510874,18850800
2022-05-24,11.749671936035156,11.946813893341718,11.473673195805969,11.82852871895778,16481700
2022-05-25,11.98624038696289,12.00595504959553,11.749670075652352,11.749670075652352,8917800
2022-05-26,11.838385581970215,12.035527531452228,11.769385194616286,11.97638447658414,21806900
2022-05-27,12.173527717590332,12.173527717590332,11.838385923771126,11.887671647576362,20216200
2022-05-31,12.025671005249023,12.143956182868873,11.83838637569602,12.065099397788973,20792500
2022-06-01,12.074955940246582,12.124241662705963,11.729956823077893,12.035527550288473,12202000
2022-06-02,12.390382766723633,12.400240098991654,12.055240989986517,12.104526711279672,16205500
2022-06-03,12.222810745239258,12.429810003443082,12.124240251837872,12.272096461963379,25844900
2022-06-06,12.03552532196045,12.380524375253982,11.907382843309902,12.33123866191965,21437100
2022-06-07,12.055240631103516,12.21295512255586,11.956670131498583,12.045384239175865,10643900
2022-06-08,11.867956161499023,12.084812767220651,11.749670996572751,12.01581238264513,13689300
2022-06-09,11.463815689086914,11.877814263176154,11.463815689086914,11.877814263176154,11163400
2022-06-10,10.823100090026855,11.207527496848705,10.754100660615263,11.197670166919414,38132100
2022-06-13,10.251391410827637,10.62596160815267,10.251391410827637,10.616105215101054,24719400
2022-06-14,9.817678451538086,10.379533240677238,9.699393282248105,10.369676848271629,21842300
2022-06-15,10.133106231689453,10.310534467240151,9.778250700635084,9.916250543846406,30128200
2022-06-16,9.93596363067627,9.995106685403362,9.709250624324168,9.906392573336205,26787600
2022-06-17,9.64024829864502,9.995104675558077,9.531820483503127,9.896533250849611,36279300
2022-06-21,9.857105255126953,9.955676683696948,9.640248676301054,9.788105819156044,20332900
2022-06-22,9.758535385131836,9.886677886720257,9.679678605700033,9.70925060302218,14773800
2022-06-23,9.650107383728027,9.79796360762748,9.502251159828575,9.74867882635896,18492300
2022-06-24,10.103535652160645,10.152821379936697,9.709251710046374,9.758536497775356,39612300
2022-06-27,10.103535652160645,10.23167816835955,10.014821530173167,10.152821379936697,9155000
2022-06-28,10.004961967468262,10.251389611396514,10.004961967468262,10.103533401058305,8621900
2022-06-29,9.817678451538086,10.014820400354722,9.600821837816305,9.935963620828067,12677300
2022-06-30,9.837390899658203,9.945819662470234,9.571249538308434,9.620535254127825,14045300
2022-07-01,10.093676567077637,10.103533898931754,9.788106799975237,9.837391579152014,9600900
2022-07-05,9.699392318725586,10.024676736971529,9.521964112392574,9.935962633805023,15256700
2022-07-06,9.689535140991211,9.90639173661155,9.571249981574722,9.768391913935536,11550200
2022-07-07,10.044390678405762,10.103533728485823,9.76839197147489,9.76839197147489,13514800
2022-07-08,10.123248100280762,10.162676485849513,9.965533617958892,10.034533997739354,7176500
2022-07-11,9.975391387939453,10.192247988125306,9.916249277009523,10.113391213520796,9147200
2022-07-12,9.965534210205078,10.093676705930674,9.89653476637088,9.965534210205078,6138700
2022-07-13,9.93596363067627,10.064106132545835,9.77825007146664,9.857106851071455,6403300
2022-07-14,9.866963386535645,9.876820718201767,9.669821453447632,9.748678226682838,9810000
2022-07-15,10.172534942626953,10.300677456755027,9.80782206705338,9.926107247776129,7983700
2022-07-18,10.202105522155762,10.330247078392519,10.162677134072085,10.261247634257815,8035600
2022-07-19,10.537247657775879,10.596390717260356,10.330248359650772,10.330248359650772,10814800
2022-07-20,10.547104835510254,10.64567628651523,10.29081981493494,10.547104835510254,11461700
2022-07-21,10.428818702697754,10.517532812463594,10.271105147579343,10.487961755890627,15244500
2022-07-22,10.478103637695312,10.616103458095681,10.409104197518563,10.517532023517294,7248600
2022-07-25,10.596389770507812,10.655532824708052,10.320391044349593,10.527390323979997,16607000
2022-07-26,10.428818702697754,10.704817424154973,10.38939031391815,10.507675480256959,10435200
2022-07-27,10.625959396362305,10.655531389502817,10.418960144612859,10.418960144612859,7632500
2022-07-28,10.625959396362305,10.852673310205425,10.369675369472327,10.625959396362305,9224600
2022-07-29,10.704816818237305,10.72453148153468,10.556960603694538,10.645674708438952,11921300
2022-08-01,10.75410270690918,10.862531476669796,10.606246490022578,10.704816987931345,17133100
2022-08-02,10.862532615661621,10.911817399760315,10.655533326287308,10.763961167370233,13792600
2022-08-03,10.961102485656738,10.980817150185858,10.793531597346993,10.941388761174561,7583200
2022-08-04,10.892104148864746,11.099103447261163,10.892104148864746,11.020246661209866,6647400
2022-08-05,10.980815887451172,11.0301006630126,10.813245018411175,10.862530734019439,8117100
2022-08-08,11.10895824432373,11.306100164443935,11.049815198264255,11.099100913306014,8524700
2022-08-09,11.187813758850098,11.237098528322992,11.069527679984335,11.138528049330482,7707900
2022-08-10,11.375100135803223,11.414528521679355,11.217386592298693,11.276528701089456,6623200
2022-08-11,11.739812850952148,11.818669622105139,11.384957380763689,11.404671103528505,11161100
2022-08-12,11.956669807434082,11.956669807434082,11.729955878398277,11.808812651963716,9843000
2022-08-15,12.212955474853516,12.272097588313118,11.897527422896838,11.907384755155753,14705300
2022-08-16,12.212955474853516,12.30166864504292,12.114384032358252,12.212955474853516,9869200
2022-08-17,12.005956649780273,12.212955934778105,11.818671089995723,12.143955546414174,9763300
2022-08-18,12.025671005249023,12.124242456622412,11.946814220169124,11.986242612709074,5650100
2022-08-19,11.956669807434082,11.996098194216803,11.82852731537852,11.936955144019278,5236000
2022-08-22,11.55252742767334,11.838383437656235,11.542670096972978,11.828526106955874,9087600
2022-08-23,11.55252742767334,11.729954680045857,11.503241714218332,11.729954680045857,6128800
2022-08-24,11.82852840423584,11.86795679464808,11.434244500113437,11.483529283093503,7418900
2022-08-25,12.321382522583008,12.370668240682717,11.877812939779396,11.907383994620467,16552100
2022-08-26,12.301667213439941,12.400238644463984,12.222810444639443,12.370667591175504,15889800
2022-08-29,12.341097831726074,12.48895405371653,12.15381228115477,12.183383337543475,10656900
2022-08-30,12.025671005249023,12.429812263795265,11.887672101382714,12.429812263795265,12095900
2022-08-31,12.153813362121582,12.31152693028438,12.005957126980713,12.065099245018255,13249100
2022-09-01,12.35095500946045,12.380527007777141,12.005956822855303,12.143955721478564,16684900
2022-09-02,12.370668411254883,12.54809568279464,12.311525360710364,12.419954130034164,21421400
2022-09-06,12.055240631103516,12.390382397863505,11.798956580093158,12.341097618084497,22597200
2022-09-07,12.548097610473633,12.557954943753183,12.005957440756912,12.074956893619685,16248800
2022-09-08,12.646668434143066,12.853667722482502,12.479097536913667,12.498812202492182,24969400
2022-09-09,12.705809593200684,12.833952080181783,12.577667106219584,12.725523315787932,22629000
2022-09-12,12.991666793823242,13.188808737725967,12.705810740152558,12.72552446451936,22081100
2022-09-13,12.735381126403809,13.129664993456261,12.676238076322495,12.695952739698562,17631100
2022-09-14,13.031094551086426,13.060665606227017,12.755094902951262,12.784666898138747,15637100
2022-09-15,12.922666549682617,13.050809049631878,12.883238160471072,13.011380660420333,13647100
2022-09-16,12.893094062805176,12.942379778865037,12.548094990432988,12.814237293128135,19529100
2022-09-19,13.267664909362793,13.277522241119488,12.755094938577454,12.764952270334149,13047100
2022-09-20,13.109952926635742,13.34652327675907,12.971953085706962,13.198667042943741,17471500
2022-09-21,12.824095726013184,13.198665884180286,12.824095726013184,13.149380163886496,14543600
2022-09-22,12.774810791015625,12.981810076936709,12.54809683974635,12.92266702093912,15052600
2022-09-23,12.429810523986816,12.567810348584231,11.98624093498734,12.557953016817224,20427900
2022-09-26,12.56781005859375,13.060665355009192,12.508667009403272,12.971951251246912,63874900
2022-09-27,12.23266887664795,12.79452363992815,12.222811544649053,12.617096364182618,40390400
2022-09-28,12.538240432739258,12.607239881284823,12.203098642580256,12.272098091125821,28302900
2022-09-29,12.20309829711914,12.695953635742464,12.193240964735404,12.577668467278501,36038800
2022-09-30,12.321382522583008,12.400239295523788,11.956669712720176,12.360810909053399,353648800
2022-10-03,12.922666549682617,13.001523328105709,12.281954989983268,12.439668546829449,47987900
2022-10-04,13.987234115600586,14.006948780394966,13.021238101802913,13.060666491344717,53672300
2022-10-05,14.539230346679688,14.588516061287965,13.484520378277905,13.563377145632423,94095900
2022-10-06,14.420948028564453,14.854660334214714,14.16466301429307,14.588518927122895,63378700
2022-10-07,14.716660499572754,14.746231556249947,14.322375670340094,14.401232448177238,38200700
2022-10-10,13.928092002868652,14.815231237681909,13.711235390341006,14.677232344293644,42317800
2022-10-11,14.016806602478027,14.135091775235805,13.583093362319186,13.928092487897947,26773600
2022-10-12,13.868948936462402,14.263233771628528,13.790092157438568,13.928091990753757,21280100
2022-10-13,14.105520248413086,14.144948638022367,13.533807189008066,13.66194969024997,30057600
2022-10-14,13.632377624511719,14.233660756581203,13.573235514496695,14.174518646566181,24222500
2022-10-17,13.957664489746094,14.075949670501071,13.701379461420116,13.88866503598412,17172600
2022-10-18,13.947805404663086,14.184376676509615,13.661949352060175,14.154804679999463,20264000
2022-10-19,13.760520935058594,14.01680593383166,13.681664156981794,13.908377158940855,15600100
2022-10-20,13.839377403259277,13.898520455516083,13.69152118268765,13.799949015103715,14518300
2022-10-21,14.292803764343262,14.371660537494508,13.7900911304689,13.84923418035578,16720300
2022-10-24,14.519516944885254,14.578659995557246,14.213947179879515,14.312518617650534,18207800
2022-10-25,14.913801193237305,15.032086350071589,14.480088011464733,14.529373728490734,23539000
2022-10-26,14.953230857849121,15.12080174604231,14.834945690897507,14.903945136607547,25303300
2022-10-27,15.160228729248047,15.386941709870923,14.913801085937864,15.071514627248883,22852800
2022-10-28,15.032087326049805,15.23908659896122,14.78565966496702,15.041944658104379,29022200
2022-10-31,14.716660499572754,15.032087610921327,14.63780372173561,15.002516554244133,20836300
2022-11-01,15.091230392456055,15.091230392456055,14.795517010870533,14.84480273114261,18429800
2022-11-02,14.716660499572754,15.20951583107837,14.687088502848617,15.06165866759852,17299900
2022-11-03,14.982803344726562,15.071517463420024,14.539233691306286,14.578662084053711,17475300
2022-11-04,15.091230392456055,15.268657669369825,14.84480273114261,15.130658780664328,18269300
2022-11-07,14.854659080505371,15.170087125312762,14.756088580291188,15.071515685051654,11970300
2022-11-08,14.716660499572754,14.953230833084184,14.618089057252853,14.854659390764283,9933100
2022-11-09,14.371661186218262,14.746231345617883,14.351947462064034,14.657517236806534,12899700
2022-11-10,14.598374366760254,14.903944125646174,14.420946158344634,14.884230402514927,25976600
2022-11-11,14.549089431762695,14.834945482899565,14.440660658542098,14.67723192917535,19054600
2022-11-14,14.253376007080078,14.529374725295286,14.213947618763621,14.519517393204438,11852300
2022-11-15,14.233659744262695,14.61808719220687,14.11537459259837,14.519515762463188,31388200
2022-11-16,14.519516944885254,14.637803046229237,14.154804129207523,14.204089848093034,14072900
2022-11-17,14.371661186218262,14.489946351284416,14.263233353252685,14.292804409507491,8521700
2022-11-18,14.805375099182129,14.81523149170246,14.489947037357174,14.539232760146726,11660800
2022-11-21,14.775802612304688,14.903945111296384,14.657517445553957,14.8842313868614,11606500
2022-11-22,14.903945922851562,15.00251737053476,14.746232358596043,14.815231807946084,7862900
2022-11-23,15.022231101989746,15.041945767552987,14.627947191194869,14.79551808829444,8911200
2022-11-25,15.150372505187988,15.170087169316165,14.972944288222104,15.032087340559707,4822600
2022-11-28,15.051801681518555,15.071515405176543,14.746230974421048,14.86451613650969,10243700
2022-11-29,14.953230857849121,15.081373357058439,14.785659969655931,15.051802300332271,10924700
2022-11-30,15.475656509399414,15.475656509399414,14.884230702825944,14.96308747703574,21056900
2022-12-01,15.39680004119873,15.682656088402313,15.377086317277923,15.475656816975793,11507400
2022-12-02,15.43622875213623,15.554513918277292,15.189801087663948,15.209515752044261,9010800
2022-12-05,15.10108757019043,15.65308597387396,15.022230789670921,15.357372576902318,22236900
2022-12-06,15.209514617919922,15.278514058012076,14.992658026141466,15.110943183462387,17058400
2022-12-07,15.347515106201172,15.515085998308766,15.110944766771732,15.199658879069514,15199600
2022-12-08,15.199660301208496,15.239088694802476,14.903946879230123,15.061660453606041,19169800
2022-12-09,15.31794261932373,15.455942441136333,15.16022907442183,15.179942797511128,18111700
2022-12-12,15.781228065490723,15.791085397810223,15.337658451629672,15.426371622364321,20611200
2022-12-13,15.781228065490723,15.781228065490723,15.465800011595372,15.564371454696472,39176600
2022-12-14,16.165651321411133,16.17550865171591,15.672796086733394,15.830509611422789,28705100
2022-12-15,15.958657264709473,16.19522761458849,15.800943698123461,16.096656165448728,20418600
2022-12-16,15.850227355957031,15.988226246886846,15.613657022894255,15.860084688179715,38328800
2022-12-19,15.613656997680664,15.988226221068386,15.347514668379613,15.850227330361417,14283200
2022-12-20,15.653085708618164,15.869942321395467,15.633371043798883,15.692514098209768,12427400
2022-12-21,15.722084045410156,15.830511874120305,15.633369940080536,15.741798708837578,12403400
2022-12-22,15.722084045410156,15.751655100504397,15.396799619232812,15.67279832688849,8630800
2022-12-23,15.830511093139648,15.86008308682188,15.66294116250789,15.741797932233487,8482200
2022-12-27,16.214941024780273,16.22479647684645,15.80094247452777,15.889656583874297,12066900
2022-12-28,15.929083824157715,16.2543682608108,15.879799044095732,16.214940812779982,8566500
2022-12-29,16.10651206970215,16.145939517804376,15.948798517105548,15.978368633158755,7585700
2022-12-30,16.02765655517578,16.145940788888193,15.948799772669506,16.06708400638192,9488300
2023-01-03,15.45594310760498,15.929083762712764,15.26865755992296,15.761512879017028,18080100
2023-01-04,15.653085708618164,15.761513544983336,15.426371763431222,15.524943207433711,16602800
2023-01-05,15.43622875213623,15.574228582657605,15.357371974708855,15.534800193943918,8868800
2023-01-06,15.662942886352539,15.77137072164696,15.426371611092152,15.633370889415648,10362200
2023-01-09,15.73194408416748,15.958658052359748,15.63337263016266,15.702373023984855,10312400
2023-01-10,15.712225914001465,15.731940576425483,15.278513681188342,15.426369889181105,32406700
2023-01-11,15.53480052947998,15.722085144903422,15.485514807511615,15.672799422935055,13152900
2023-01-12,15.741799354553223,15.889656516183198,15.505228083954648,15.574228468734075,23975700
2023-01-13,15.662942886352539,15.702371275554778,15.446086275716748,15.633370889415648,12116100
2023-01-17,15.643227577209473,15.771370071848875,15.584085465866309,15.68265596478722,12794500
2023-01-18,15.386943817138672,15.751656666380155,15.327801701070856,15.751656666380155,15019700
2023-01-19,15.219372749328613,15.416515640782634,15.101087578484385,15.278515804774214,12618200
2023-01-20,15.426371574401855,15.44608623897956,15.150372850642619,15.239086961148397,10179700
2023-01-23,15.505228996276855,15.672799891955814,15.347515433295948,15.396801156739228,9675500
2023-01-24,15.603799819946289,15.692513930591545,15.436228930960125,15.505228376996682,8008800
2023-01-25,15.771371841430664,15.771371841430664,15.426372706380562,15.465801098382258,11417500
2023-01-26,15.623514175415039,15.791085061085504,15.574228454915444,15.731942008476604,15471400
2023-01-27,15.830511093139648,15.899510531637834,15.61365544641768,15.643226500053068,9739600
2023-01-30,15.623514175415039,15.879799169975389,15.613656843305733,15.74179934058591,7910500
2023-01-31,15.672798156738281,15.68265548834498,15.515084611218668,15.643227101965074,8837500
2023-02-01,15.416515350341797,15.633371022780587,15.24894445979103,15.574228908496174,15549400
2023-02-02,15.406658172607422,15.584086397335716,15.219372615383785,15.495372284971568,21030700
2023-02-03,15.327800750732422,15.38694286313337,15.150372533435725,15.317943418649955,13305300
2023-02-06,15.43622875213623,15.43622875213623,15.15037269895026,15.288372529471635,10517000
2023-02-07,15.416515350341797,15.455943739880391,15.170087680713841,15.367229628406813,14946900
2023-02-08,15.229229927062988,15.367229761668256,15.209516202146217,15.367229761668256,17201400
2023-02-09,15.239087104797363,15.455943716961546,15.229229772415591,15.27851549427749,14830700
2023-02-10,15.31794261932373,15.426370446432067,15.199657460647305,15.288371564666344,12446800
2023-02-13,15.43622875213623,15.465799808659762,15.278515197281479,15.30808625380501,7887100
2023-02-14,15.357372283935547,15.593942620981109,15.22922978302413,15.377086948712822,7120100
2023-02-15,15.603799819946289,15.643228209116742,15.24894431741221,15.288372706582663,8237000
2023-02-16,15.327800750732422,15.495371635946654,15.327800750732422,15.406657527298304,8072300
2023-02-17,15.347515106201172,15.446086550986921,15.219372603998483,15.288372991367295,14652600
2023-02-21,15.229229927062988,15.337658704269614,15.209516202146217,15.298230314389105,8136500
2023-02-22,15.298230171203613,15.40665800734843,15.032087836965939,15.10108728359928,11073400
2023-02-23,15.061659812927246,15.436230006160464,14.68708961969403,15.377087888308754,20598300
2023-02-24,15.554513931274414,15.653085373164467,15.04194487756818,15.13065898725984,22768600
2023-02-27,15.524940490722656,15.810797440298344,15.41651267333128,15.633368308114031,14505800
2023-02-28,15.39680004119873,15.653085032497644,15.3573716533102,15.465799484991932,17590500
2023-03-01,15.386943817138672,15.436229540559841,15.179944530807346,15.317944368377225,12277900
2023-03-02,15.623514175415039,15.672798955867703,15.308086128245789,15.347514516636078,10877400
2023-03-03,16.11637306213379,16.224799979111435,15.564374562627766,15.712230816756755,21831500
2023-03-06,16.50079345703125,16.510650787590293,15.998080879081453,16.06708031290119,24730400
2023-03-07,16.096656799316406,16.589512184329273,16.047372012852755,16.500798064619428,19183300
2023-03-08,16.0867977142334,16.17551182428272,15.8403700485617,16.0867977142334,14022500
2023-03-09,15.919224739074707,16.264223801798245,15.840367971603067,16.116367597800625,10156900
2023-03-10,15.603799819946289,16.00794104395517,15.475657320130578,15.899512268701212,15193300
2023-03-13,15.53480052947998,15.86994231080852,15.258800862475915,15.47565747510855,16752900
2023-03-14,15.761512756347656,15.998083082060358,15.63337026157488,15.751655424431233,16025200
2023-03-15,15.633369445800781,15.712226216923478,15.4165137952368,15.56437000608014,19732200
2023-03-16,15.929083824157715,15.93894115618888,15.386942783053597,15.564370999426888,17443400
2023-03-17,15.869940757751465,16.0769390776769,15.68265522060912,15.968512192041844,23888500
2023-03-20,15.771371841430664,16.00794219344084,15.761514508418486,15.87980062447059,13050200
2023-03-21,15.741799354553223,15.91922663244349,15.593942192923247,15.889656516183198,14663100
2023-03-22,15.31794261932373,15.82065430868682,15.298228896234432,15.623513317606323,16890800
2023-03-23,15.071515083312988,15.475656280163504,14.923658868871492,15.327800065722007,17885300
2023-03-24,15.416515350341797,15.446086407484003,14.88423162154729,14.933516403435316,14287500
2023-03-27,15.524940490722656,15.67279669080606,15.436226394653897,15.48551210803063,9622900
2023-03-28,15.515085220336914,15.741799155957251,15.485514164402755,15.554513608264767,8931400
2023-03-29,15.613656997680664,15.820655333741119,15.554513944487006,15.554513944487006,13361700
2023-03-30,15.662942886352539,15.722085000132424,15.51508572180893,15.682656610930184,21105200
2023-03-31,15.938943862915039,15.958658530325284,15.643230432090943,15.771372950116287,27983900
2023-04-03,15.958657264709473,16.145940949971603,15.889657814339845,15.96851459763285,15849200
2023-04-04,15.899511337280273,16.05722676481674,15.810799111925832,16.05722676481674,15386600
2023-04-05,16.264223098754883,16.274080429274445,15.909366720424838,15.958653373022655,10844900
2023-04-06,16.47122573852539,16.490940404758103,16.175513265410938,16.343084168200875,12843500
2023-04-10,16.540225982666016,16.55008331513416,16.28394097877606,16.352940425959137,8241000
2023-04-11,16.579652786254883,16.619082114590704,16.441653897267212,16.510653341761046,7971800
2023-04-12,16.7176513671875,16.766938026699076,16.21494060082616,16.31351015966167,52420300
2023-04-13,16.559938430786133,16.766938648220254,16.40222487469056,16.727509319149416,15447000
2023-04-14,16.648653030395508,16.68808236062515,16.49093946966483,16.540226132451885,14403900
2023-04-17,16.619081497192383,16.68808093912289,16.41208129130707,16.66836627568738,7994300
2023-04-18,16.65850830078125,16.717650408710515,16.510652090911236,16.65850830078125,15470400
2023-04-19,16.648653030395508,16.648653030395508,16.47122480455001,16.57965358258758,7563700
2023-04-20,16.668365478515625,16.688080141008275,16.550081263747114,16.6585081472693,6239700
2023-04-21,16.648653030395508,16.757081808433078,16.5993682477024,16.74722447587567,14008900
2023-04-24,16.895078659057617,16.895078659057617,16.55008146177666,16.628938232597125,15179000
2023-04-25,17.023221969604492,17.023221969604492,16.77679432747389,16.81622177256606,14930500
2023-04-26,16.697935104370117,17.092218897842432,16.678220444673144,16.98379014960251,11875200
2023-04-27,16.806367874145508,16.855654540695166,16.550084728463638,16.71765375445021,8961900
2023-04-28,16.865509033203125,16.91479381135724,16.71765093855324,16.72750827020282,10440700
2023-05-01,16.9542236328125,17.062650523935048,16.88522230925146,16.964079084655964,13159000
2023-05-02,17.013364791870117,17.08236423147448,16.86550858127595,16.973935466328353,17727700
2023-05-03,17.042940139770508,17.210509166016404,16.885224686661616,17.12179692627791,10589700
2023-05-04,16.993650436401367,17.180935975924044,16.599366574322378,17.121793866635635,15127500
2023-05-05,17.023221969604492,17.20065017275352,16.954222530622918,16.954222530622918,10965500
2023-05-08,17.161222457885742,17.269651232227574,16.973936905866363,16.983794238087793,11621300
2023-05-09,17.0330810546875,17.180937279170923,16.964079728507595,17.13165061761385,18187400
2023-05-10,17.121793746948242,17.240077964698212,16.83593677388062,17.180935855823225,17618500
2023-05-11,17.102079391479492,17.151364169745904,16.954223176586485,17.052792733119304,17963400
2023-05-12,17.200653076171875,17.427366093978012,17.062652294820904,17.25979519383999,15700400
2023-05-15,16.82608413696289,17.3386542371395,16.75708467734186,17.279512111763513,20198500
2023-05-16,16.619081497192383,16.875366481572687,16.550082055261875,16.81622249126615,21025500
2023-05-17,16.559938430786133,16.747223983684833,16.323368096642778,16.697939202440175,14484600
2023-05-18,16.323366165161133,16.53036635810171,16.264224058646825,16.471222371493734,19527400
2023-05-19,16.372655868530273,16.628940884592733,16.313511870912308,16.3825132014666,23290500
2023-05-22,16.274085998535156,16.530371039468097,16.214943875271924,16.50079903778938,15970700
2023-05-23,16.175512313842773,16.500796767170556,16.11637019871789,16.14594031623336,17226500
2023-05-24,16.23465347290039,16.23465347290039,16.037512474062527,16.11636924961644,17377000
2023-05-25,16.195228576660156,16.323370152088238,15.968515546236711,16.254370697619724,16168000
2023-05-26,16.283937454223633,16.31350756513388,16.047367166474064,16.14593670963291,14790500
2023-05-30,16.412084579467773,16.865512528859913,16.36279979109857,16.4022272457751,30008500
2023-05-31,16.697935104370117,16.737362543670635,16.412078179044293,16.412078179044293,40133700
2023-06-01,16.323366165161133,16.638793240028992,16.17550995882853,16.599365795717343,20480400
2023-06-02,16.412084579467773,16.54022803737836,16.224798999495313,16.224798999495313,13757800
2023-06-05,16.58951187133789,16.67822598937398,15.771372022855997,16.46137030089357,14289000
2023-06-06,16.697935104370117,16.855648621759045,16.648648455127685,16.71764788397366,14275800
2023-06-07,16.904939651489258,16.914796984988314,16.59936983339506,16.796512743187904,18975500
2023-06-08,16.757078170776367,16.954221018940565,16.697936068364523,16.875364255693594,16875400
2023-06-09,16.638792037963867,16.875364207117336,16.619079257279022,16.7570781225406,9950700
2023-06-12,16.697935104370117,16.757077203367608,16.550078916829676,16.62893567552414,11127800
2023-06-13,16.7176513671875,16.79651002240602,16.5500823651296,16.56979514884041,8720500
2023-06-14,16.993650436401367,17.02322243109245,16.77679478228136,16.806364896878687,16453200
2023-06-15,17.003507614135742,17.072507054363616,16.944365505382386,17.023222277084773,15586200
2023-06-16,17.151369094848633,17.309082686701938,17.033084841005813,17.121798971435087,21681100
2023-06-20,16.628938674926758,17.190793416979613,16.61908134330028,17.16122142210018,20389800
2023-06-21,17.0330810546875,17.07250850383926,16.530368387368743,16.619082498077578,18459400
2023-06-22,17.042940139770508,17.12179692627791,16.95422601993792,17.082367592977164,10304200
2023-06-23,16.648653030395508,17.082366262451846,16.628940245374633,17.003509482086507,25951600
2023-06-26,16.619081497192383,16.72750838590013,16.559937506885845,16.658508943969622,10449100
2023-06-27,16.697935104370117,16.766934533216094,16.54022158698119,16.59936368597868,14374000
2023-06-28,16.668365478515625,16.835936349515762,16.559936714899745,16.6979374722546,14935300
2023-06-29,16.82608413696289,17.033084395920252,16.6190857580998,16.6190857580998,35490600
2023-06-30,17.0330810546875,17.121795165396332,16.816223504024176,16.87536749789266,29119900
2023-07-03,17.0330810546875,17.0330810546875,16.86551016558125,16.904937614733008,5318000
2023-07-05,17.565364837646484,17.792077853418657,16.97393802598925,17.042939356092695,28705500
2023-07-06,17.279508590698242,17.55550637294198,17.161222483955296,17.516078924090255,34019800
2023-07-07,17.151369094848633,17.358369359215043,17.072512298921982,17.161226429351256,10837500
2023-07-10,17.102079391479492,17.151364169745904,16.865509071631923,17.151364169745904,13182100
2023-07-11,17.427364349365234,17.427364349365234,17.07250791869233,17.17107935833412,9234100
2023-07-12,17.92022132873535,17.930078661622716,17.437223297818527,17.44708063070589,15849400
2023-07-13,17.7822208404541,17.90050506435106,17.71321951640473,17.84136295240258,42096300
2023-07-14,17.565364837646484,17.792077853418657,17.48650805476512,17.752650402024976,16589700
2023-07-17,17.57522201538086,17.76250757810617,17.49636523319557,17.54565001702613,16302000
2023-07-18,17.259790420532227,17.66393155966887,17.240075760063732,17.51607536634216,16743300
2023-07-19,17.48650550842285,17.693505708402324,17.21050586848147,17.21050586848147,16362100
2023-07-20,17.476646423339844,17.624502619863964,17.397789659854077,17.565360517273024,16533400
2023-07-21,17.7033634185791,17.7920775327334,17.44708028890443,17.49636507228172,10778600
2023-07-24,17.62450408935547,17.723075521954726,17.49636254304202,17.723075521954726,9738700
2023-07-25,17.7033634185791,17.78222208013312,17.53579440305873,17.673793300590315,12426800
2023-07-26,17.644222259521484,17.801935830995884,17.545650807326467,17.594937473471013,15991600
2023-07-27,17.338651657104492,17.70336356942968,17.240080209416014,17.614651334613438,16808200
2023-07-28,17.407651901245117,17.575222805938175,17.161224210819686,17.387937234788506,12030800
2023-07-31,17.358366012573242,17.50622224141768,17.171080453320176,17.496364908815522,20403100
2023-08-01,17.102079391479492,17.39779182126551,17.092222059807455,17.30907771631095,13057800
2023-08-02,17.318933486938477,17.328790817722023,16.9936490914559,17.023221083806536,13751800
2023-08-03,17.06264877319336,17.309076406059038,17.042935991435268,17.269648962449217,11681700
2023-08-04,16.835939407348633,17.15136654414581,16.786654622259338,17.15136654414581,12824400
2023-08-07,17.171083450317383,17.328797039290908,17.0527973185401,17.249940244804144,24061700
2023-08-08,17.279508590698242,17.279508590698242,17.05279370944875,17.151365151718892,13597300
2023-08-09,17.1907958984375,17.4076515852414,17.11193911413662,17.328794800940525,16292600
2023-08-10,17.151369094848633,17.358369359215043,17.13165442584339,17.32879735570718,14910700
2023-08-11,17.171083450317383,17.28936958209467,17.10208399015325,17.131654113026862,18383400
2023-08-14,16.9542236328125,17.161221963214135,16.796510082003497,17.13164996740226,16060800
2023-08-15,16.697935104370117,16.86550595160753,16.638791125279198,16.845791291910558,18240900
2023-08-16,16.727508544921875,16.776795203979205,16.619081655183354,16.69793842958128,9623400
2023-08-17,16.42194175720215,16.826083034292814,16.402227090004033,16.76694091279261,9224200
2023-08-18,16.481081008911133,16.520510336441678,16.185368572807302,16.36279678650713,16532200
2023-08-21,16.441654205322266,16.510653651108893,16.24451132013714,16.47122432203431,11208500
2023-08-22,16.540225982666016,16.59936809738095,16.43179720561036,16.510653985261584,19356800
2023-08-23,16.461368560791016,16.688081558431563,16.441653896623876,16.628939446023995,7993500
2023-08-24,16.47122573852539,16.668368640664394,16.362798834433587,16.441655619270378,10524800
2023-08-25,16.461368560791016,16.55008266944929,16.421939232456733,16.47122401278073,9919100
2023-08-28,16.441654205322266,16.56979576462687,16.412082208516328,16.461368869859555,9129500
2023-08-29,16.441654205322266,16.520510983377537,16.35294009499835,16.412082208516328,11109900
2023-08-30,16.29379653930664,16.55008151532581,16.23465255092964,16.43179541866553,11950700
2023-08-31,16.06708335876465,16.39236780850351,15.968513794675355,16.36279769131429,22570100
2023-09-01,16.224796295166016,16.29379761951367,16.05722729060326,16.195226179110872,10566700
2023-09-05,16.02765655517578,16.274084235519638,15.8896576558133,16.244512237044535,13186200
2023-09-06,16.214941024780273,16.22479647684645,16.027655473927176,16.076940254633527,13184500
2023-09-07,16.638792037963867,16.727506131373037,16.293794874809915,16.362794307440705,20438600
2023-09-08,16.7176513671875,16.84579480182378,16.599367144547358,16.65850925586743,10925300
2023-09-11,16.65850830078125,16.85565116733708,16.648650969444088,16.81622184198843,11718000
2023-09-12,16.697935104370117,16.796506522761554,16.619078345675653,16.638791125279198,13107100
2023-09-13,16.82608413696289,16.845798805452976,16.490942293008512,16.707799886210914,22504500
2023-09-14,16.96407699584961,17.033078310914437,16.76693602165946,16.895077560878377,29880100
2023-09-15,17.06264877319336,17.151362871432493,16.88522057671509,16.895077907640953,129453500
2023-09-18,17.052793502807617,17.23022172072507,16.99365139019975,17.052793502807617,14168900
2023-09-19,17.161222457885742,17.24007923556329,17.06265101576534,17.102080344651053,15392400
2023-09-20,17.151369094848633,17.279512563288392,17.092226967927225,17.180941098356495,12075200
2023-09-21,16.993650436401367,17.15136398123296,16.944365658676652,17.141506649669267,13345100
2023-09-22,16.895078659057617,17.0035074239709,16.855651213694244,17.0035074239709,9903700
2023-09-25,16.835939407348633,16.855654073421967,16.51065493751479,16.796511955296005,13994200
2023-09-26,16.362796783447266,16.737365994448325,16.333224787804884,16.72750866256753,14014100
2023-09-27,16.205087661743164,16.490942844023664,16.14594365429672,16.323371916447396,11514900
2023-09-28,16.04737091064453,16.30365591885966,16.02765624537553,16.264226588321662,18579600
2023-09-29,15.899511337280273,16.28393975425387,15.781227116745159,16.145938990171185,26985400
2023-10-02,15.002516746520996,15.87979958626142,14.864516913513876,15.820655592055141,33637400
2023-10-03,15.110944747924805,15.170087802731883,14.499804235137505,14.78566029660329,27819200
2023-10-04,14.963086128234863,15.209513760438748,14.765943270434303,15.140513384189825,19876900
2023-10-05,15.120800971984863,15.219371469375092,14.805373876261099,14.972943815829176,16100800
2023-10-06,15.288372993469238,15.337658715868889,14.65751781485703,14.963088541697294,15981700
2023-10-09,15.357372283935547,15.426371730562098,15.189801393516536,15.199658725905174,11739400
2023-10-10,15.584085464477539,15.603799188241199,15.278514755742057,15.396799918464753,15909200
2023-10-11,15.810800552368164,15.820656004899147,15.534800879151641,15.643228717885075,9291200
2023-10-12,15.73194408416748,15.850229264945034,15.524944782794998,15.761515144350104,10573000
2023-10-13,16.04737091064453,16.096655693723072,15.8009432350639,15.8009432350639,15943600
2023-10-16,16.175512313842773,16.185369646379243,15.938941973249289,16.11637019871789,9476200
2023-10-17,16.11637306213379,16.224799979111435,15.9685168080048,15.9685168080048,10547200
2023-10-18,15.978367805480957,16.22479545365995,15.791084146532423,16.19522533913847,11272900
2023-10-19,15.771371841430664,16.126228309492944,15.761514508418486,15.988227527416484,10515200
2023-10-20,15.791085243225098,15.948798798605377,15.72208485771102,15.810799907671102,12924400
2023-10-23,15.515085220336914,15.731941823963558,15.396800056553358,15.475656832409063,12102800
2023-10-24,15.958657264709473,15.998084716308968,15.662943857337195,15.731943307706825,20015700
2023-10-25,15.938943862915039,15.958658530325284,15.761515616411165,15.869944407073348,17824200
2023-10-26,15.653085708618164,16.303655546950072,15.367229649067296,16.244511552492227,22035700
2023-10-27,15.584085464477539,15.9586556164562,15.554513468761682,15.593941856335913,15439600
2023-10-30,15.968510627746582,16.06708017228723,15.672796353843987,15.76151044800541,11622500
2023-10-31,16.06708335876465,16.15579747052015,15.879799682919852,15.968513794675355,11787900
2023-11-01,16.431798934936523,16.54022772340351,16.06708511560746,16.116371783135236,17880800
2023-11-02,16.520509719848633,16.80636481340089,16.421938284795054,16.451510279339253,22773800
2023-11-03,16.648653030395508,16.816223923683598,16.619082912817223,16.7767964735479,10227800
2023-11-06,16.530366897583008,16.737365217185467,16.520509566159976,16.65850844589495,9268400
2023-11-07,16.42194175720215,16.589512668197848,16.42194175720215,16.540227880296705,6706200
2023-11-08,16.274085998535156,16.412084912847433,16.106515082544167,16.343085455691295,7624200
2023-11-09,16.25436782836914,16.5500821411552,16.244510496600228,16.323367270657748,8459900
2023-11-10,16.540225982666016,16.569796099976518,16.293798311244203,16.36279775842728,8512200
2023-11-13,16.33322525024414,16.569795581799696,16.32336791808426,16.530368133254036,7004600
2023-11-14,17.151369094848633,17.151369094848633,16.5697995198542,16.668370984786097,21568700
2023-11-15,17.259790420532227,17.378074623156195,17.062647576034276,17.062647576034276,12977600
2023-11-16,17.496360778808594,17.624502312200978,17.348504584865534,17.397789356148717,17198700
2023-11-17,17.663936614990234,17.752650732394454,17.54565049841993,17.63436461582415,23491100
2023-11-20,17.427364349365234,17.78222078003814,17.427364349365234,17.644220012502103,19211100
2023-11-21,17.48650550842285,17.545647616948244,17.309077302752943,17.496362839859373,13773200
2023-11-22,17.713220596313477,17.723077928921494,17.318936692462547,17.44708013627282,13497200
2023-11-24,17.76250648498535,17.76250648498535,17.663935043296416,17.72307715627223,6954400
2023-11-27,17.644222259521484,17.792078497766973,17.61465213992883,17.78222304463214,25376300
2023-11-28,17.249937057495117,17.683650287081296,17.102080830163946,17.673792954580026,30116700
2023-11-29,16.924652099609375,17.16122243228916,16.648652438102683,16.855652654256172,54009200
2023-11-30,16.924652099609375,16.973936880549125,16.727509215662614,16.806365993222542,59946600
2023-12-01,17.200653076171875,17.200653076171875,16.806367278133695,16.944368059484667,21824400
2023-12-04,17.023221969604492,17.338649050716672,16.993649975715087,17.171078178864114,16207800
2023-12-05,16.81622314453125,17.042938022659335,16.786653028323048,17.013366026357275,20878500
2023-12-06,16.993650436401367,17.013365099528755,16.826079560006075,16.904936332421876,8397100
2023-12-07,17.121793746948242,17.131649198349287,16.924650877239966,16.99365031760974,11930400
2023-12-08,17.358366012573242,17.3780787976836,16.964080228862798,17.121795670403348,13305800
2023-12-11,17.378076553344727,17.476647986542062,17.23022034359558,17.259792337582894,12716500
2023-12-12,17.476646423339844,17.506218414682085,17.279505454672197,17.456931762445016,13665800
2023-12-13,17.890647888183594,17.979361996925988,17.397792564100882,17.535793333307865,17116600
2023-12-14,17.644222259521484,18.058220854665297,17.466794021589266,18.03850618820748,54678400
2023-12-15,17.506221771240234,17.67379266078841,17.309078884679824,17.516079103577646,72427700
2023-12-18,17.072507858276367,17.466791735354402,16.95422363519987,17.318935516461867,30824200
2023-12-19,17.368221282958984,17.407648728592235,17.12179363744653,17.171078414511527,19439200
2023-12-20,17.1119384765625,17.427365602013502,17.08236647851623,17.36822348601493,20987600
2023-12-21,17.210508346557617,17.25979501083682,17.052794781052167,17.111938778187213,13637300
2023-12-22,17.368221282958984,17.387934065728743,17.220363191576528,17.25979251730351,14209000
2023-12-26,17.614652633666992,17.742794209046465,17.368224936319123,17.397795056740627,10435600
2023-12-27,17.673791885375977,17.683649217280912,17.5259356669896,17.585077778325388,6494800
2023-12-28,17.821731567382812,17.851320067286693,17.614617711484975,17.68365566345092,9360100
2023-12-29,17.78228187561035,17.831594160308967,17.693518258238377,17.811868493972288,9809400
2024-01-02,17.802003860473633,17.890767468868873,17.585027196142427,17.634339475854055,14115600
2024-01-03,17.72310447692871,17.880906041777415,17.604754243863702,17.762555808712406,20148100
2024-01-04,17.466672897338867,17.92035371450155,17.44694911661735,17.7526893509414,23996000
2024-01-05,17.64420509338379,17.66393076083954,17.397639893616468,17.565304304703975,15919600
2024-01-08,17.802003860473633,17.861180853499054,17.525852084259895,17.585027196142427,12434000
2024-01-09,17.811866760253906,17.85131808908727,17.585027262890772,17.654065207206255,10140100
2024-01-10,17.91049575805664,17.949947092521988,17.703381895543075,17.861183471118125,15589500
2024-01-11,17.328601837158203,17.92035868936206,17.3187390034881,17.861183568484627,16454900
2024-01-12,17.269426345825195,17.496265871941947,17.21025122621716,17.45681641925097,14394000
2024-01-16,16.874919891357422,17.220109605103985,16.865057059372827,17.151071662354674,15636700
2024-01-17,16.72698211669922,16.904509360107635,16.608631875189054,16.717121164192683,17462500
2024-01-18,16.64807891845703,16.84533180060803,16.519865861858914,16.67766741512255,17620200
2024-01-19,16.667804718017578,16.71711887952654,16.47055371541047,16.67766755031937,14636900
2024-01-22,16.43110466003418,16.707258359271364,16.34234103817734,16.648081357271355,15653900
2024-01-23,16.293025970458984,16.450827519909296,16.174673867799825,16.431101855942295,18069200
2024-01-24,16.30289077758789,16.470555179334763,16.204264326946834,16.440966679799523,18232700
2024-01-25,16.52972984313965,16.628356291071135,16.332476947276678,16.569179293626426,11028700
2024-01-26,16.756568908691406,16.81574402341138,16.490278070737062,16.490278070737062,15735400
2024-01-29,16.796022415161133,16.87492320539021,16.598769499016825,16.72698257771037,11356500
2024-01-30,16.73684310913086,16.855195218764294,16.677667994885624,16.73684310913086,12666500
2024-01-31,16.638219833374023,16.91437164198469,16.59876850006215,16.86505935648796,19697500
2024-02-01,16.884784698486328,16.884784698486328,16.52973023007884,16.5790425146274,13828500
2024-02-02,16.421241760253906,16.776296246251775,16.253577350881933,16.736844911743937,26253900
2024-02-05,16.14508628845215,16.312750659869355,16.105634962875047,16.263436502897974,17360500
2024-02-06,16.016874313354492,16.10563793111923,15.928110695589753,16.076049431483288,32417600
2024-02-07,16.184539794921875,16.243714916996705,16.02673821529352,16.115501838977373,39379000
2024-02-08,16.016874313354492,16.174675882460008,15.8985240770969,16.076049431483288,22971900
2024-02-09,16.026737213134766,16.164813116389826,15.957699261507234,15.957699261507234,19223000
2024-02-12,16.223989486694336,16.2733017699035,15.997148092960316,16.076048874780795,19179700
2024-02-13,16.06618881225586,16.223990384630532,15.720996226686026,16.164813384132685,18850900
2024-02-14,16.1253662109375,16.174678503846224,15.957701781447085,16.09577770650623,14272200
2024-02-15,16.30289077758789,16.312753610766304,16.125363542662605,16.154950161054764,13384300
2024-02-16,16.204261779785156,16.312751046551107,16.03659740439359,16.174673284900955,17993400
2024-02-20,16.401514053344727,16.460691047747368,16.174674551563413,16.20426304876473,16078900
2024-02-21,16.549453735351562,16.60862884531145,16.421238802438502,16.510002407949752,17320000
2024-02-22,16.421241760253906,16.69739545837927,16.02673782089137,16.352203806008358,21604000
2024-02-23,16.796022415161133,16.924235493854678,16.470556420323284,16.51000587486621,22922000
2024-02-26,16.14508628845215,16.717117341320954,16.11549779426932,16.68752884713813,24016400
2024-02-27,16.3620662689209,16.440967055005753,16.154950529733696,16.24371414922205,13689800
2024-02-28,16.3620662689209,16.500142174283617,16.263439816029045,16.312753983046534,13081900
2024-02-29,16.460691452026367,16.519866566739427,16.2831642267442,16.50014090145408,15741000
2024-03-01,16.371929168701172,16.421241454775462,16.125363976043452,16.421241454775462,10434000
2024-03-04,16.60862922668457,16.628354890838423,16.273300460640545,16.32261273988231,11069900
2024-03-05,16.204261779785156,16.677666411075656,16.125361007903408,16.648077916191454,14043700
2024-03-06,16.263439178466797,16.421240744450348,16.194401228491877,16.37192846050913,19370200
2024-03-07,16.3620662689209,16.470555555216247,16.22399036355818,16.42124138819876,14097500
2024-03-08,16.332477569580078,16.4212411879862,16.302890950873437,16.36206606942982,15896300
2024-03-11,16.223989486694336,16.371928217464852,16.16481248947171,16.2733017699035,13610700
2024-03-12,16.09577178955078,16.23384766385195,16.056322345954463,16.174672557886122,12882500
2024-03-13,16.174673080444336,16.322611790709743,16.14508646707691,16.223987237961314,12137200
2024-03-14,15.947835922241211,16.184538269372254,15.79989719042719,16.115500319935247,11210100
2024-03-15,16.026737213134766,16.095775164762298,15.839347143614969,15.839347143614969,23905500
2024-03-18,15.839346885681152,15.987285619780073,15.780171768270197,15.977424667830801,13586300
2024-03-19,16.026737213134766,16.066188546146552,15.849209976867916,15.928110761748394,18760700
2024-03-20,15.977424621582031,16.06618823801306,15.809760221783765,15.98728557350276,14597300
2024-03-21,16.204261779785156,16.283162551666905,15.977422295767974,15.977422295767974,14144100
2024-03-22,16.184539794921875,16.322615706810883,16.154951293312852,16.302891920214748,13482000
2024-03-25,16.184539794921875,16.302891920214748,16.13522750671672,16.25357775086638,14520100
2024-03-26,16.056325912475586,16.293028270059256,16.056325912475586,16.19440181744695,12793700
2024-03-27,16.520151138305664,16.530020032857898,16.105666978607708,16.155011451368875,19337700
2024-03-28,16.539888381958008,16.658311348081117,16.5004128050509,16.559626170411562,17031500
2024-04-01,16.342514038085938,16.500412578952538,16.263564767652635,16.49054368486099,16590400
2024-04-02,16.470808029174805,16.500412829600073,16.263565014702362,16.303040591668204,12978900
2024-04-03,16.49054527282715,16.59910123598855,16.4510715749589,16.510283062910908,8174400
2024-04-04,16.352384567260742,16.6385768776349,16.29317307908995,16.60897019239987,10156900
2024-04-05,16.589231491088867,16.608969280161467,16.155011425286663,16.263565500587628,14376500
2024-04-08,16.589231491088867,16.628707069234068,16.441201837642698,16.579362596552567,10752200
2024-04-09,16.766870498657227,16.786608290873527,16.599103029417595,16.668183419875184,11010700
2024-04-10,16.50041389465332,16.61883875089571,16.35238423607476,16.51028278953179,10386000
2024-04-11,16.25369644165039,16.59910021773058,16.23396053507658,16.59910021773058,8322800
2024-04-12,16.38199234008789,16.421466040722635,16.13527559364771,16.30304305651901,20246100
2024-04-15,16.07606315612793,16.54975882968363,15.997111994902694,16.510283249071012,13267800
2024-04-16,15.819475173950195,16.04645408178385,15.750393859312103,16.006978507048082,11173000
2024-04-17,16.22409439086914,16.303043677444926,15.967508738922975,15.997113544951727,11312400
2024-04-18,16.32278060913086,16.381992100366215,16.20435574436078,16.312911713541737,9494000
2024-04-19,16.628707885742188,16.64844567578396,16.33264668201339,16.36225336707605,10302800
2024-04-22,16.72739601135254,16.757000815987897,16.480679267127865,16.638577832847705,8758700
2024-04-23,16.737262725830078,16.86555648462369,16.697789026254668,16.727395712660734,9631100
2024-04-24,16.776737213134766,16.87542427908364,16.48067789758737,16.58923197606183,9906400
2024-04-25,16.845815658569336,16.944502713176398,16.2833018942978,16.756997497652883,16435700
2024-04-26,16.806344985961914,16.97411244424959,16.73726271771459,16.86555647644599,13459200
2024-04-29,17.033321380615234,17.043190274599315,16.875422841468087,16.875422841468087,10710700
2024-04-30,16.885292053222656,17.013583912831937,16.776736099653892,16.90502795926317,10620100
2024-05-01,17.181352615356445,17.26030189223422,16.875424402742475,16.885293297639603,15262900
2024-05-02,17.299776077270508,17.418199041891356,17.062928265729724,17.17148233624899,9537100
2024-05-03,17.339252471923828,17.615575902907647,17.201091697581607,17.507019933181972,12813200
2024-05-06,17.437938690185547,17.507019073966305,17.280040132315445,17.437938690185547,11972600
2024-05-07,17.497148513793945,17.53662409065464,17.368856653594896,17.526755196439467,9963600
2024-05-08,17.605703353881836,17.6846526203087,17.447804821028104,17.507016300273506,11404400
2024-05-09,17.664915084838867,17.76360213985341,17.5070165497352,17.5070165497352,12257500
2024-05-10,17.59583854675293,17.83268640103913,17.54649594963892,17.763606012159748,12582300
2024-05-13,17.635313034057617,17.743867117420503,17.50701927785697,17.645180047027537,13072900
2024-05-14,17.77347183227539,17.8030785147999,17.585966607551693,17.733996255576045,17826300
2024-05-15,18.069534301757812,18.069534301757812,17.87216203049518,17.90176683591989,14453500
2024-05-16,18.20769500732422,18.375462455149997,18.109007941138604,18.109007941138604,14945300
2024-05-17,18.355724334716797,18.355724334716797,18.227430586297345,18.345855440046133,12617100
2024-05-20,18.40506935119629,18.63204831163536,18.355726753639775,18.355726753639775,12102300
2024-05-21,18.671518325805664,18.671518325805664,18.38532607491061,18.405063860965207,14313400
2024-05-22,18.4840145111084,18.70112640941721,18.464276723571412,18.602439354031297,13487300
2024-05-23,18.138612747192383,18.434673945811376,18.128745734641054,18.40506726125971,14046300
2024-05-24,18.217559814453125,18.365591336960446,18.158348334829597,18.168217228483353,11188900
2024-05-28,17.980712890625,18.26690517364521,17.980712890625,18.148480326323273,9767000
2024-05-29,17.862289428710938,17.94123869729633,17.71425978540071,17.862289428710938,10094300
2024-05-30,18.03992462158203,18.0793983122482,17.911630891744412,17.931368678226956,11405000
2024-05-31,18.296510696411133,18.326115494640938,18.04979400556826,18.099136590817245,21054800
2024-06-03,18.00045394897461,18.306382193542813,17.96098024756231,18.28664628398638,12104200
2024-06-04,18.07939910888672,18.158348375996745,17.87215798858503,17.891893893638283,9107900
2024-06-05,17.980712890625,18.128744420352195,17.970843996489915,18.020188467165344,9094900
2024-06-06,17.97084617614746,18.158351422858143,17.921503581786435,17.98071507147953,9549900
2024-06-07,17.812946319580078,17.980713763421903,17.803079307265133,17.842553003422466,7802000
2024-06-10,18.197824478149414,18.247167065661205,17.92150109410583,18.059661844978095,19469000
2024-06-11,18.069534301757812,18.187959170354937,17.970847224976783,18.010322808608965,13599000
2024-06-12,17.901763916015625,18.23729879296336,17.783340949033555,18.23729879296336,8831000
2024-06-13,18.128747940063477,18.18795943407086,17.891898199435033,17.92150488758845,15297400
2024-06-14,18.01032066345215,18.09913883374626,17.93137138789063,18.0596632548159,7704700
2024-06-17,17.546493530273438,17.911633216089108,17.536624635751505,17.82281504769088,11231000
2024-06-18,17.546493530273438,17.6155739096278,17.38859498252085,17.487280163141843,19295600
2024-06-20,17.59583854675293,17.62544523440099,17.418202185463425,17.526758157873548,17555400
2024-06-21,17.42806625366211,17.714258508084686,17.329379204471604,17.66491404233998,22376600
2024-06-24,17.47740936279297,17.625440882180666,17.31951083225845,17.39846009752571,19466800
2024-06-25,17.36885643005371,17.526754970866094,17.210957889241328,17.45767459454806,10883200
2024-06-26,17.349117279052734,17.378723958991518,17.20108764395668,17.29977469478703,11334000
2024-06-27,17.25043296813965,17.349120034644642,17.240564073259225,17.349120034644642,11506800
2024-06-28,17.240556716918945,17.32942572130525,17.131940509739643,17.289929432342735,24117600
2024-07-01,16.95420265197754,17.37879859152141,16.86533364679968,17.35904950517599,12537400
2024-07-02,16.865337371826172,17.052949966792365,16.835713735765104,16.98383003269349,18655800
2024-07-03,17.003576278686523,17.12206893285458,16.865336418304494,16.944330893290918,7981800
2024-07-05,17.01344871520996,17.141815898266426,16.85545978481478,16.973952424299473,10353600
2024-07-08,16.96407699584961,17.14181500411719,16.92457882362281,16.993698741643197,9715700
2024-07-09,17.122066497802734,17.319553598871156,16.94432848351647,16.973952113689705,17886000
2024-07-10,17.41829490661621,17.438043992990863,17.16156243387536,17.23068423618664,10832500
2024-07-11,17.73427391052246,17.793521173506473,17.49729050871639,17.517039596377728,11066200
2024-07-12,17.892261505126953,17.971255958164708,17.72439805699968,17.783643425933917,14169700
2024-07-15,17.447921752929688,17.783648749688247,17.447921752929688,17.77377420468042,11617900
2024-07-16,17.49728775024414,17.566409546161672,17.44791692225084,17.536785919339874,10403000
2024-07-17,17.714527130126953,17.813270687419806,17.54666364774212,17.56641273587603,15197400
2024-07-18,17.625656127929688,17.842890422758742,17.605907042024366,17.64540521383501,8012300
2024-07-19,17.773771286010742,17.81326945955597,17.57628418503777,17.724400452455786,9903200
2024-07-22,18.0206298828125,18.06012805780932,17.842891862080116,17.862640949578523,8842500
2024-07-23,17.931760787963867,18.02062979791137,17.793520942879592,17.98113162310064,5744900
2024-07-24,18.0206298828125,18.168744272297275,17.991006251564887,18.109498893178692,10874800
2024-07-25,17.793519973754883,18.198366826631666,17.74414725793056,18.030503359582035,20294100
2024-07-26,17.803396224975586,17.981132368865534,17.773772592638906,17.90213789934443,10979000
2024-07-29,18.05025291442871,18.18849275557194,17.793520435608016,17.902136646487733,11959300
2024-07-30,18.099624633789062,18.18849364555146,18.020630165931006,18.07000100207604,9809400
2024-07-31,18.0206298828125,18.198367903544888,18.000880795314092,18.129247980677103,12037600
2024-08-01,18.208240509033203,18.29710950993932,18.030502507220966,18.109496965429024,12996300
2024-08-02,18.178619384765625,18.376106499174814,17.991006814414565,18.30698657414461,10287400
2024-08-05,17.58616065979004,18.25761461678738,17.546664365283785,18.178620144398092,18526100
2024-08-06,17.58616065979004,17.833018621428664,17.566413454225305,17.566413454225305,9274600
2024-08-07,17.813268661499023,17.912010324185182,17.63553065526155,17.724399658380285,7722500
2024-08-08,17.892261505126953,18.060124953254224,17.734270715675116,17.783643425933917,13086700
2024-08-09,17.971256256103516,18.00087799937356,17.783643720762363,17.921883545026184,9848100
2024-08-12,18.00088119506836,18.020630283005346,17.842892258325843,17.981132107131373,9294000
2024-08-13,18.08974838256836,18.129246554457875,18.00087937919345,18.08974838256836,7892500
2024-08-14,18.15886878967285,18.257612338682872,18.010754407846097,18.06012712403938,8690300
2024-08-15,18.178619384765625,18.25761385385396,18.040379534705213,18.070001283502897,9726800
2024-08-16,18.178619384765625,18.27736294197022,18.158870296649365,18.26748839791209,11230400
2024-08-19,18.336606979370117,18.366230609373904,18.158868966100524,18.237863429400726,8185500
2024-08-20,18.39585304260254,18.514345683663706,18.366231294869724,18.385980382276024,9761900
2024-08-21,18.44522476196289,18.44522476196289,18.326732127320323,18.405726589289856,6555400
2024-08-22,18.40572738647461,18.504470939057416,18.26748754288465,18.484721851865533,15705300
2024-08-23,18.5637149810791,18.61308769550507,18.405726061668968,18.514344150029615,13276700
2024-08-26,18.800703048706055,18.86982297583888,18.593341383930817,18.632839561364865,12367700
2024-08-27,18.662460327148438,18.8401983494775,18.613089491335547,18.731580250637148,7162000
2024-08-28,18.682207107543945,18.780950650351414,18.613087192591646,18.692081650162333,6330900
2024-08-29,19.353662490844727,19.60052042597444,18.72170489621659,18.741453983037346,28288300
2024-08-30,19.45240592956543,19.49190221960294,19.245044285894632,19.383284126090786,16696000
2024-09-03,19.689390182495117,19.807880941175203,19.403034062827714,19.45240678175829,13670100
2024-09-04,20.17323112487793,20.271974677390443,19.699264332869813,19.74863516743776,25541100
2024-09-05,20.34109115600586,20.390461982216824,20.14360408440941,20.38058744029937,19309600
2024-09-06,19.82762908935547,20.38059033154323,19.81775454603719,20.360843128283236,22665100
2024-09-09,19.561023712158203,19.8671289305946,19.37341302348951,19.80788166571075,20795300
2024-09-10,19.403034210205078,19.778259343420924,19.017936416504778,19.60052132067412,23545900
2024-09-11,19.403034210205078,19.45240692951067,19.14630171994599,19.403034210205078,11584000
2024-09-12,19.422780990600586,19.58076990685688,19.363535617848587,19.511649991416807,20863600
2024-09-13,19.521528244018555,19.570899083465022,19.3635392977377,19.45240831544278,14901300
2024-09-16,19.758508682250977,19.916497604694264,19.521525298586045,19.649890591805022,12212000
2024-09-17,19.610395431518555,19.817755197893344,19.590646344232397,19.798006110607187,8152900
2024-09-18,19.26479721069336,19.640020515999378,19.136430004899786,19.640020515999378,23421300
2024-09-19,19.353662490844727,19.49190233183686,19.175924476211083,19.205548106442215,25062000
2024-09-20,19.82762908935547,19.85725271931031,19.412907686870504,19.462278520085345,34966400
2024-09-23,19.778261184692383,19.896751955303458,19.669643075484863,19.83750656999792,25171000
2024-09-24,19.570898056030273,19.877001387957495,19.551148967937756,19.570898056030273,23404500
2024-09-25,19.640018463134766,19.699265728866823,19.48202952126944,19.659767551712118,11508900
2024-09-26,19.51165199279785,19.69926455636247,19.422782982866014,19.61039554643063,6974500
2024-09-27,19.570898056030273,19.640017980977387,19.472154498944384,19.59064714412279,5893400
2024-09-30,19.531383514404297,19.689452220003385,19.41283104304118,19.67957269036249,10093100
2024-10-01,19.590656280517578,19.659811094754517,19.44246712367737,19.53138099464697,7113700
2024-10-02,19.669689178466797,19.709207289029678,19.43258616807119,19.43258616807119,13532800
2024-10-03,19.2547607421875,19.7487258773416,19.205364982403072,19.738846348519225,11368000
2024-10-04,19.472105026245117,19.501743613173364,19.076933288839232,19.11645140474356,11552000
2024-10-07,19.472105026245117,19.67957136608788,19.363433976163176,19.363433976163176,14538600
2024-10-08,19.41282844543457,19.590656186520537,19.363432688167293,19.590656186520537,6727600
2024-10-09,19.323915481567383,19.452347471412086,19.304158308329882,19.43258841384714,14885500
2024-10-10,19.314037322998047,19.531383202976922,19.21524579681955,19.373314499898235,7049700
2024-10-11,19.393070220947266,19.47210456656266,19.284399173430746,19.31403587533187,5997100
2024-10-14,19.995708465576172,20.064863283076797,19.521502387576923,19.580777676244967,11335200
2024-10-15,20.16365623474121,20.301965866639744,19.966069431176955,20.143897177519303,12975800
2024-10-16,20.262449264526367,20.292087849815093,19.936432363659854,20.153776336128402,9738700
2024-10-17,20.03522300720215,20.361239863215584,19.91667056668494,20.341480809074863,9375000
2024-10-18,20.134017944335938,20.143897473091855,19.926553493444,20.09450171363971,6607100
2024-10-21,20.104381561279297,20.400759891348024,20.035226743218427,20.23281166848842,9272500
2024-10-22,20.321725845336914,20.420519251598762,19.995708923702058,20.015467981819924,7721300
2024-10-23,20.331602096557617,20.351361151489954,20.08461956288499,20.242688233689293,8298500
2024-10-24,20.430397033691406,20.55882713182074,20.27232835091961,20.39087892083479,9237800
2024-10-25,20.114259719848633,20.677379639211484,20.08462113512999,20.677379639211484,7312200
2024-10-28,20.262449264526367,20.351363136065178,20.153776336128402,20.193294449846707,5623400
2024-10-29,19.87715721130371,20.183415057374045,19.81788004032696,20.15377647188567,6493000
2024-10-30,19.946313858032227,20.074743971620258,19.89691621101563,19.92655479922559,7558300
2024-10-31,19.975948333740234,20.183414659413433,19.896913991656955,19.906793519958285,11326100
2024-11-01,19.79812240600586,20.13401694540473,19.748724764677096,19.975948261807375,10117500
2024-11-04,19.709211349487305,19.93643487905439,19.570899818349748,19.798125232244445,8378400
2024-11-05,19.995708465576172,20.02534705207392,19.55114097407467,19.738846368911382,7844700
2024-11-06,20.005590438842773,20.222934446733966,19.85740125690207,20.02534949892225,18255300
2024-11-07,20.114259719848633,20.282207931266267,19.65981084246613,20.08462113512999,14359100
2024-11-08,20.351362228393555,20.46003326761741,19.966068174133717,20.09450015366276,15107800
2024-11-11,20.83544921875,20.894724506410025,20.33160456282123,20.390879850481255,11791600
2024-11-12,20.934242248535156,21.042913293256788,20.776173561369703,20.8354488479749,10098200
2024-11-13,21.023155212402344,21.250378704845662,20.874964175800148,21.00339615627841,15354800
2024-11-14,20.73665428161621,21.12194644938026,20.6279813586767,20.98363682696799,10097500
2024-11-15,20.786052703857422,20.865087045972466,20.578586378100837,20.608224963016735,21825200
2024-11-18,20.786052703857422,20.934241859782208,20.637861663605282,20.68725930513178,12479900
2024-11-19,20.74653434753418,20.874964445343462,20.64774094996617,20.697138590913838,15400600
2024-11-20,20.84532928466797,21.033036565477882,20.7070177641266,20.716897293045804,11603600
2024-11-21,20.9737606048584,21.11207213339821,20.77617566803057,20.914485312242807,21879200
2024-11-22,21.11207389831543,21.19110825651915,20.904607530325823,21.0725557770497,12130800
2024-11-25,20.934242248535156,21.2405000943773,20.786053089858466,21.171345279283337,18307900
2024-11-26,21.250381469726562,21.29977723213596,20.924364538572913,21.033037477066646,11835600
2024-11-27,21.36893081665039,21.457844691304025,21.210862124894472,21.28989647077243,8786200
2024-11-29,21.36893081665039,21.457844691304025,21.30965552832378,21.359053172202156,5207800
2024-12-02,20.301965713500977,20.608225445148182,19.84751870678948,20.45015675722006,53349800
2024-12-03,20.598344802856445,20.944120745625828,20.489671879159047,20.697138198551595,75175600
2024-12-04,20.272329330444336,20.746535401672556,20.1735359278566,20.637862470393305,36348800
2024-12-05,20.143898010253906,20.55882880742986,20.00558837263775,20.46991493058305,22751600
2024-12-06,20.084623336791992,20.38100167915785,19.847520286033795,20.25257156661999,18683100
2024-12-09,19.966068267822266,20.183414115944426,19.817879115947257,19.956190624114257,14476300
2024-12-10,19.640052795410156,19.956192062342012,19.55114080533917,19.946312533594693,15092500
2024-12-11,19.570898056030273,19.788243920677335,19.43258842167483,19.71908721917217,11210400
2024-12-12,19.679569244384766,19.709207828117602,19.452345755414846,19.640051132740982,13677100
2024-12-13,19.51162338256836,19.699330666771857,19.462227621406782,19.620296318316832,11466900
2024-12-16,19.363433837890625,19.659812167746757,19.353554308985093,19.531382060629756,9303200
2024-12-17,19.472105026245117,19.649932779159638,19.15596763632041,19.412829736716105,14220200
2024-12-18,18.96826171875,19.531381664656614,18.95838219004476,19.432588261931652,10701800
2024-12-19,19.185606002807617,19.47210480251223,19.05717589624916,19.116451185097105,17671200
2024-12-20,19.580778121948242,19.659812470080453,19.126331091269908,19.175726852229726,33683500
2024-12-23,19.74872589111328,19.768484948771814,19.35355415957992,19.54126143868106,14179200
2024-12-24,19.975948333740234,19.975948333740234,19.649931437105792,19.689449550311107,4614500
2024-12-26,19.966068267822266,19.97594779585757,19.807999587911947,19.926552040008335,4469900
2024-12-27,19.896913528442383,20.025345509042314,19.76848343216976,19.857397300484386,10354200
2024-12-30,19.887035369873047,19.92655348487973,19.709209505325287,19.82776008169046,9078200
2024-12-31,19.96122169494629,20.06013793646807,19.80295646317959,19.92165444366942,15957600
2025-01-02,19.79306411743164,20.119486384995326,19.654582515031997,20.050245583795505,11062800
2025-01-03,20.178836822509766,20.18872863577289,19.802957351863366,19.882089971297898,12578100
2025-01-06,19.64469337463379,20.2085135601488,19.56556075011713,20.17883811845358,18233000
2025-01-07,19.763389587402344,19.822740465445296,19.654583417664437,19.684256970015493,14732900
2025-01-08,19.041305541992188,19.64469297069379,18.566509804655134,19.615017529608767,34090500
2025-01-10,16.983854293823242,17.982904768362307,16.71678100241103,17.77518046837378,74312600
2025-01-13,16.044153213500977,17.26081983158902,16.00458784711536,17.171795398883297,69621100
2025-01-14,16.044153213500977,16.31122651161814,15.767189045455023,16.113395906349123,47829800
2025-01-15,16.687108993530273,17.290494549934582,16.35079486657088,16.370576607761564,46400500
2025-01-16,16.7662410736084,17.161904184626863,16.67721663779543,16.835481882202814,29891500
2025-01-17,16.825586318969727,17.08276775548584,16.696994657376614,16.80580269616,25732300
2025-01-21,17.112443923950195,17.241035605238245,16.815697083035378,16.954178690572906,24923000
2025-01-22,16.261770248413086,17.15201273897014,16.19252943833329,17.01353111881054,29791100
2025-01-23,16.06393814086914,16.49916852637821,16.04415451273904,16.36068690280876,18673800
2025-01-24,16.360687255859375,16.420036254859756,15.994697674237267,16.01448130279428,21090600
2025-01-27,16.11339569091797,16.459599717177728,15.78697246091609,16.271660927685414,32341600
2025-01-28,15.786972999572754,16.192528861796056,15.608924130466685,16.17274523485749,26358000
2025-01-29,15.618816375732422,15.82653974765379,15.569358250353948,15.767189808532565,26935600
2025-01-30,15.519899368286133,15.866106229055765,15.3517432595344,15.826538976013905,22218500
2025-01-31,15.480332374572754,15.569356803312878,15.153910098082429,15.569356803312878,31603000
2025-02-03,14.995644569396973,15.341850464680627,14.956078262221856,15.272608719622792,39323800
2025-02-04,15.01542854309082,15.19347645784293,14.8274878721464,14.926404114047168,23657800
2025-02-05,15.569357872009277,15.628707809688263,15.025320392737058,15.16380295176452,27049000
2025-02-06,15.430875778198242,15.8166470594853,15.41109215180648,15.648490008496244,25609800
2025-02-07,15.153910636901855,15.480332924998603,15.144019767061975,15.440766615633398,19335000
2025-02-10,15.480332374572754,15.480332374572754,15.045102987030718,15.183585536552599,19032400
2025-02-11,15.60892391204834,15.62870753871007,15.252827122154375,15.37152605211903,17313100
2025-02-12,15.85621452331543,15.895779889955111,15.282501613676194,15.331959736978657,24434100
2025-02-13,15.678165435791016,16.034261277211225,15.539682881162953,15.875996039542143,23319600
2025-02-14,15.124237060546875,15.747407178450613,15.084670748775302,15.510009307821175,28251800
2025-02-18,15.252827644348145,15.262719458017663,14.975863464948507,15.153911394323494,24722400
2025-02-19,15.490224838256836,15.678165516457273,15.252826980531768,15.262718793770787,25001800
2025-02-20,15.519899368286133,15.648490110666474,15.430875878947651,15.490224871839972,13658400
2025-02-21,15.816646575927734,15.816646575927734,15.559465100708943,15.599032352282785,32065300
2025-02-24,15.836431503295898,15.95512949443231,15.638599945843085,15.905672312570564,18039200
2025-02-25,15.757298469543457,15.94523915172573,15.51989966345347,15.875996457585574,19819800
2025-02-26,15.866106033325195,15.994695830783968,15.69794803997746,15.846322407048325,13068700
2025-02-27,15.707839965820312,15.925455139751179,15.707839965820312,15.816647081118132,14816100
2025-02-28,16.162853240966797,16.291443041291043,15.85621457352399,15.925455380365545,34403600
2025-03-03,16.251874923706055,16.499164555809507,16.0837178984089,16.123283258476967,23930100
2025-03-04,15.965023040771484,16.291445381828012,15.955131225991497,16.24198819459884,14521300
2025-03-05,16.212310791015625,16.321118853775364,15.88588848940694,15.88588848940694,16163100
2025-03-06,15.905672073364258,16.083720944061742,15.717732332444342,16.03426187627326,25888100
2025-03-07,15.79686450958252,16.054045051496622,15.767189069744742,15.875996185810891,22689100
2025-03-10,15.737515449523926,15.905672511293565,15.40120132598465,15.846323514983862,23838600
2025-03-11,16.01447868347168,16.05404404744375,15.678164599692508,15.688055469017938,19146700
2025-03-12,16.044153213500977,16.23209389217644,15.796864485247086,15.955128780795254,13041900
2025-03-13,16.22220230102539,16.261769554623225,15.945239072522515,15.974912626050399,10772000
2025-03-14,16.598085403442383,16.657434403389992,16.251879444851728,16.32112025923572,14154400
2025-03-17,16.92450523376465,17.072878655057362,16.55851570035023,16.617864691533235,16614800
2025-03-18,17.013530731201172,17.033312471722887,16.766241051309706,16.815698232619788,14925200
2025-03-19,16.904720306396484,16.95417748079644,16.637647036628096,16.8255876953544,13016100
2025-03-20,17.013530731201172,17.05309609891513,16.766241051309706,16.87504722752599,13464600
2025-03-21,16.696998596191406,17.053096344089344,16.696998596191406,16.855265729334256,31887900
2025-03-24,16.934396743774414,17.102553788009846,16.706888822747388,16.736564261143187,11186700
2025-03-25,16.87504768371582,16.99374756340762,16.73656606296754,16.93439856689701,13877900
2025-03-26,17.05309295654297,17.191574548029628,16.815695133992904,16.84537056931298,12443800
2025-03-27,16.96407127380371,17.072879334192795,16.894830466890834,17.003638527279918,11953500
2025-03-28,16.815696716308594,17.013529197050957,16.75634772675403,16.964070133530186,15065100
2025-03-31,17.018774032592773,17.078210431592257,16.751307402921515,16.810743801921,17926000
2025-04-01,17.107929229736328,17.167365627533457,16.840462605475714,16.979148163485355,12157300
2025-04-02,17.266427993774414,17.365489918947432,16.959337726242218,16.96924221825536,28638600
2025-04-03,17.088117599487305,17.34567785960478,17.018774815888204,17.23670954854954,25301100
2025-04-04,16.28571891784668,17.13764694046467,16.11731421172759,17.098023304027333,29608600
2025-04-07,15.929097175598145,16.364968524949713,15.443695806991473,15.909284412116454,22756300
2025-04-08,15.790410041809082,16.563089837313854,15.592287138439207,16.196563174622977,21765100
2025-04-09,16.652246475219727,16.731495641779848,15.324822462975424,15.46350803209334,29638700
2025-04-10,16.3154354095459,16.642338425019346,15.939002378480616,16.46402923521936,27652600
2025-04-11,16.761213302612305,16.909805240565007,16.14703089910573,16.394684758843237,13591900
2025-04-14,16.899900436401367,17.068305152314974,16.77112124867881,16.929619582544657,13498600
2025-04-15,16.998960494995117,17.107928796068474,16.90980495583491,16.95933686061779,11015600
2025-04-16,17.018774032592773,17.296145154223062,16.9494312521852,16.969242125552324,19205500
2025-04-17,17.068302154541016,17.325862374198977,17.058395774233148,17.12774043638821,15360300
2025-04-21,16.681964874267578,16.99896152631414,16.54327931135948,16.96924238164137,16057400
2025-04-22,17.276334762573242,17.315958399861373,16.860276179077758,16.92961896141882,15326100
2025-04-23,17.375396728515625,17.454645892716815,17.137647346462934,17.246615655782993,16081300
2025-04-24,17.226802825927734,17.613144153186425,16.94943169701792,17.543799481509865,15162500
2025-04-25,16.979148864746094,17.2664282632871,16.93952522772784,17.20699186303517,10347600
2025-04-28,17.117834091186523,17.147551342722217,16.830554730015795,17.008865797025372,10084400
2025-04-29,17.187179565429688,17.286241494832716,17.03858761604972,17.03858761604972,9828200
2025-04-30,16.364967346191406,17.1772716959397,16.166843504543486,17.07820977511574,23867400
2025-05-01,16.513559341430664,16.771119580709335,16.434310182379456,16.52346572249319,22419500
2025-05-02,16.771120071411133,16.889992868741516,16.523466205948946,16.53337258730132,12963700
2025-05-05,16.761213302612305,16.94943076505853,16.681964143074264,16.741400540365543,8642900
2025-05-06,16.880088806152344,17.008867988110364,16.61262217118289,16.672058571359734,15664900
2025-05-07,17.038585662841797,17.13764569143999,16.820649065248336,16.83055544599794,10845000
2025-05-08,17.018774032592773,17.306051535631152,17.008867651184683,17.048491287367987,8685700
2025-05-09,16.969240188598633,17.216894027185266,16.919710176660843,17.048489341368402,17180200
2025-05-12,17.05839729309082,17.187178359110725,16.88008810001936,17.147552834351057,11604700
2025-05-13,16.800838470458984,17.117837026981096,16.781027595853807,17.058398734818038,12050000
2025-05-14,16.870182037353516,16.929618436166212,16.543279009710098,16.810743749091767,13340700
2025-05-15,17.177270889282227,17.25652004433,16.880087030215307,16.889991521328497,9169700
2025-05-16,17.702299118041992,17.781548279337827,17.256521404847266,17.286240548876595,15628000
2025-05-19,17.573516845703125,17.632953240239516,17.474454928509864,17.563610465038906,9053200
2025-05-20,17.573516845703125,17.69239152422482,17.523986831830953,17.54379770371047,10313200
2025-05-21,17.236709594726562,17.62305093066235,17.216896830945416,17.57351902120948,11431600
2025-05-22,16.860275268554688,17.107929128940803,16.85036888740536,17.008867206896557,16313200
2025-05-23,16.88999366760254,16.979149214541717,16.731495337366027,16.969242832720795,14757600
2025-05-27,16.88999366760254,17.11783667058552,16.810744502484283,17.088117525122748,17583700
2025-05-28,16.74140167236328,17.018774694225968,16.691871652846327,16.99896193063953,11123300
2025-05-29,16.909805297851562,16.939524441322387,16.592808658625483,16.73149421592464,8968700
2025-05-30,16.721588134765625,16.90980560122625,16.63243448165169,16.83055643999794,23651500
2025-06-02,16.49374771118164,16.642339658418585,16.186657434965404,16.592809639155977,15855300
2025-06-03,16.38477897644043,16.592807295296762,16.355059835411446,16.57299453461077,27352200
2025-06-04,15.909282684326172,16.414496761546943,15.87956543178013,16.34515398634096,31867900
2025-06-05,15.78050422668457,15.899377021130778,15.582380383342224,15.849847005019692,28391000
2025-06-06,15.493226051330566,15.879566418757454,15.374352310135643,15.879566418757454,47957500
2025-06-09,14.4431734085083,15.503131654068353,14.423361590459038,15.453601636582931,60997400
2025-06-10,14.651201248168945,14.720544021585123,14.235142718223019,14.512514756612159,43588100
2025-06-11,14.254956245422363,14.680920233954,13.878522272151173,14.641295654910952,48608200
2025-06-12,14.165801048278809,14.393642147094038,14.037020927099741,14.165801048278809,31104900
2025-06-13,13.511995315551758,14.096457647754125,13.39312157282969,14.017208485939413,51008300
2025-06-16,13.472371101379395,13.759649556958939,13.363402792374513,13.571432083982085,35376700
2025-06-17,13.422840118408203,13.502089282266185,13.214810827099864,13.462464700337193,28335300
2025-06-18,13.937959671020508,14.017208834807619,13.393121906165268,13.46246468829785,49723400
2025-06-20,13.739836692810059,14.205426236273322,13.650681147814483,14.10636430967278,42954600
2025-06-23,13.680399894714355,13.799273636342653,13.472370610683704,13.680399894714355,25462700
2025-06-24,14.027114868164062,14.09645764857484,13.729930038979326,13.729930038979326,24008100
2025-06-25,13.6605863571167,14.037020323280165,13.640774540331499,13.977582983475633,32923400
2025-06-26,13.947864532470703,14.037020068195108,13.611055150722708,13.700210686447113,42437000
2025-06-27,13.858709335327148,14.046926791949092,13.799272939875094,13.947864873229705,31195600
2025-06-30,13.833900451660156,13.962911118519203,13.734662132364122,13.853748683368831,31908400
2025-07-01,14.022455215454102,14.151465885516918,13.694966955454571,13.804129393315815,32516600
2025-07-02,13.883520126342773,14.042302194827414,13.794204976216218,14.022454909474725,22592000
2025-07-03,13.804128646850586,13.94306342550122,13.675117983764087,13.903367909660432,15953600
2025-07-07,13.536184310913086,13.774357408762219,13.456793278296708,13.724737776773043,20212500
2025-07-08,13.565956115722656,13.615575749190194,13.317858894800759,13.407174045759168,25291200
2025-07-09,13.417098045349121,13.585803283410051,13.288087378018943,13.575880113935254,28105400
2025-07-10,13.436944961547852,13.486564593221713,13.248391496886082,13.317858413380035,21715900
2025-07-11,13.317858695983887,13.496488995234008,13.23846766218734,13.337705981225136,18770600
2025-07-14,13.288086891174316,13.43694483841606,13.099532481824644,13.25831454459337,30016400
2025-07-15,12.901055335998535,13.377401540278907,12.871283934834956,13.3674783708349,28417100
2025-07-16,13.059837341308594,13.178923891806194,12.901055273978459,12.910979389790537,22289700
2025-07-17,13.159076690673828,13.208696323635468,12.990370506453718,13.039990139415359,18497100
2025-07-18,13.347630500793457,13.466717055090415,13.19877254452621,13.19877254452621,24510300
2025-07-21,13.27816390991211,13.427021869869794,13.268239793537377,13.377402234411957,15416400
2025-07-22,13.556032180786133,13.595727698807137,13.377401876483715,13.397250108702117,17082200
2025-07-23,13.62549877166748,13.694966636338462,13.496489051026614,13.605651486344186,26664300
2025-07-24,13.744585990905762,13.873595708933838,13.615575326461926,13.67511812764169,25063300
2025-07-25,13.972834587097168,14.161388993931881,13.75450878049435,13.804128411051682,30892600
2025-07-28,13.87359619140625,13.97283545871138,13.744586468891693,13.893444423433593,17727200
2025-07-29,13.883520126342773,13.933139759348169,13.774357690863528,13.893444242227009,22409000
2025-07-30,13.91329288482666,14.091922243938551,13.833900901824274,13.89344465247211,27477200
2025-07-31,13.91329288482666,13.972835689058687,13.218619895070406,13.774358097592247,37497600
2025-08-01,14.012530326843262,14.151465105347397,13.685042084898141,13.893443779446468,27508000
2025-08-04,14.925527572631836,15.044614115528613,14.032378027698147,14.042301196461093,52268200
2025-08-05,15.05453872680664,15.20339667372907,14.80644151765876,14.925528064479852,46174400
2025-08-06,15.014843940734863,15.203397412425684,14.985072539187005,15.084310859818462,26739300
2025-08-07,14.935452461242676,15.094234526660907,14.806441796486423,15.044614894613769,20545600
2025-08-08,14.885833740234375,14.994996180286398,14.657584743830375,14.925529259018367,23293300
2025-08-11,14.9949951171875,15.173625412259039,14.83621305330869,14.83621305330869,21768000
2025-08-12,15.342331886291504,15.38202740302332,15.044615037594994,15.124006071058627,26107400
2025-08-13,15.133930206298828,15.391951538595185,15.034690941133839,15.362179191196223,18828800
2025-08-14,15.193473815917969,15.322483534472118,14.945376601687155,15.014843518818738,17525000
2025-08-15,14.905681610107422,15.27286538652796,14.885833377990517,15.253017154411054,29243900
2025-08-18,14.985072135925293,15.074386338165342,14.86598464010703,14.985072135925293,27823300
2025-08-19,15.481266975402832,15.501114260954873,14.965224301228703,14.985072533196535,33726900
2025-08-20,15.24309253692627,15.64997276419616,15.24309253692627,15.511037983195532,24841600
2025-08-21,14.558344841003418,15.312560611539286,14.191161071604165,15.233169577421382,36918400
2025-08-22,15.074386596679688,15.124006229718942,14.617887676266953,14.69727965697923,27073200
2025-08-25,14.796517372131348,15.024767296220473,14.7468977411193,15.004919065249357,16122500
2025-08-26,14.935452461242676,15.034690778921188,14.776670395824446,14.776670395824446,22676800
2025-08-27,14.96522331237793,15.064462572828115,14.9056805132404,14.975147427706093,14623200
2025-08-28,14.875908851623535,14.99499540179291,14.806441933962011,14.985072232423956,16228700
2025-08-29,15.163701057434082,15.471342011157626,14.88583245002993,14.88583245002993,19336700
2025-09-02,15.203396797180176,15.41179849241324,14.985071932776586,15.014843333119666,15222900
2025-09-03,15.233168601989746,15.282787285324348,15.014842798937764,15.133929342489104,11555200
2025-09-04,15.114081382751465,15.37210270494233,14.856061006976338,15.352255420536121,17620300
2025-09-05,14.97514820098877,15.19347401740359,14.905681282935964,15.173625785722345,20071800
2025-09-08,14.449182510375977,14.945376950415573,14.340019127861163,14.92552871853441,31415900
2025-09-09,14.856060981750488,14.955299296444496,14.34994245363913,14.449181714748871,31274400
2025-09-10,15.143854141235352,15.967536814453894,14.647659714167999,14.756822147413143,67286500
2025-09-11,15.610276222229004,15.659895854221974,14.945376560619952,15.183549658487292,48239300
2025-09-12,15.332406997680664,15.739286260277137,15.253015968218707,15.630123831370874,26879400
2025-09-15,15.223245620727539,15.610276679495188,14.955300167966131,15.382027690623579,28078100
2025-09-16,14.836213111877441,15.282787904903472,14.746897963989085,15.253016504412605,17502500
2025-09-17,14.97514820098877,15.163701669881721,14.905681282935964,15.014843717935484,22404200
2025-09-18,14.786593437194824,15.094234396093324,14.74689792118364,15.094234396093324,18194700
2025-09-19,14.796517372131348,14.885832518669886,14.449181847878497,14.856061118628954,35148600
2025-09-22,14.558344841003418,14.796517943357129,14.230856588663118,14.69727962391764,22823800
2025-09-23,14.617888450622559,14.925529434630024,14.607965280621672,14.657584916289435,15650500
2025-09-24,14.548420906066895,14.717127092269509,14.488878102945849,14.647660173156359,14456200
2025-09-25,14.330094337463379,14.68735492318324,14.290398821985143,14.568268376748533,16313900
2025-09-26,14.856060981750488,14.875908266122996,14.34001833824501,14.38963796879988,23714300
2025-09-29,14.9453763961792,15.024767427928124,14.68735506978732,14.875908533587078,29169100
2025-09-30,14.990108489990234,15.268439152831176,14.781360255862154,14.91058544346425,19976100
2025-10-01,15.566651344299316,15.586532580299771,15.03981091415093,15.0696318201621,27283300
2025-10-02,15.536829948425293,15.586532088869852,15.29826081187879,15.427485997838849,23665700
2025-10-03,15.805219650268555,15.874803024590852,15.52688899694774,15.626293275699902,25983900
2025-10-06,15.944387435913086,16.07361167951021,15.765459153728278,15.805220678217285,29367600
2025-10-07,16.10343360900879,16.36188209740898,15.934446892144631,16.02391055965972,34725300
2025-10-08,16.620330810546875,16.640212044879767,16.013968331224547,16.03384766957858,38391600
2025-10-09,16.1431941986084,16.749558635367062,16.13325358043443,16.699855544497225,31630500
2025-10-10,15.765458106994629,16.252537934632613,15.755518437524454,16.222716082253715,19749700
2025-10-13,15.87480354309082,16.023909966089153,15.785339878889719,15.825101402091375,15379000
2025-10-14,16.3022403717041,16.57063137568682,15.854922979722437,15.904625122829184,24583200
2025-10-15,16.580570220947266,16.590510838103572,16.33206047997618,16.33206047997618,18080500
2025-10-16,16.401643753051758,16.809199597661394,16.322120707664,16.679975359898396,15124000
2025-10-17,16.322120666503906,16.52092922746144,16.272419474253997,16.4115843293369,12164100
2025-10-20,16.580570220947266,16.70979445202153,16.431464755560388,16.520928413988287,13608400
2025-10-21,16.6501522064209,16.968244363127255,16.6103897388432,16.63027097263205,21190100
2025-10-22,16.481164932250977,16.73961527449119,16.47122431570573,16.650151621562703,23754400
2025-10-23,16.202835083007812,16.94836433951392,16.093492081319265,16.679975248115717,21603000
2025-10-24,16.3022403717041,16.33206222636187,16.02391064548119,16.28235913526559,15354900
2025-10-27,16.332061767578125,16.381762961299184,16.10343324289483,16.32212114963811,19450200
2025-10-28,16.023908615112305,16.421523813605912,15.97420553031384,16.401642579686524,18995900
2025-10-29,15.666055679321289,16.103433392859987,15.626294155180453,15.98414787244797,17256900
2025-10-30,15.805219650268555,15.8847426940745,15.566650518850713,15.596471423280578,19979200
2025-10-31,15.864862442016602,15.914564581502015,15.566650553093577,15.705816354054845,16019800
2025-11-03,15.815159797668457,15.835041032023744,15.437424876822876,15.805219180490813,29262000
2025-11-04,16.063669204711914,16.123311010557114,15.606411251944596,15.70581552567248,25876500
2025-11-05,16.173015594482422,16.381762882278757,16.05373007575666,16.103433165216977,33849700
2025-11-06,16.232656478881836,16.50104745870395,16.12331158429233,16.35194199079574,22594000
2025-11-07,16.411584854125977,16.421525472089616,16.04378957338733,16.252538758665754,24987500
2025-11-10,16.461284637451172,16.640211953506977,16.28235732139537,16.411583447870715,20439900
2025-11-11,16.491107940673828,16.620332182547305,16.40164427476949,16.501048558660866,21153000
2025-11-12,16.709794998168945,16.749557468093776,16.47122586655671,16.47122586655671,17015200
2025-11-13,16.550748825073242,16.73961676428434,16.5408082076433,16.58057067736307,20412600
2025-11-14,16.39170265197754,16.57062997281804,16.30223899155729,16.530867503307306,21185500
2025-11-17,16.232656478881836,16.55074864934706,16.083551010973625,16.34200137347134,21384500
2025-11-18,16.053728103637695,16.44140456988809,16.053728103637695,16.25253664509835,28913300
2025-11-19,15.626293182373047,16.232656624769298,15.497067999962807,16.11337111178334,52115200
2025-11-20,15.74557876586914,15.984147911293942,15.675996335450952,15.795280908163353,38325600
2025-11-21,15.576591491699219,15.894683674180186,15.516948733489295,15.884743056480286,44108900
2025-11-24,15.8549222946167,15.924505671155195,15.526889491472108,15.636233443190475,41808700
2025-11-25,15.63623332977295,15.964266130538153,15.606412424609609,15.854922179612913,29890700
2025-11-26,15.91456413269043,16.004027791643292,15.675995007475757,15.795279570083093,24983100
2025-11-28,16.023908615112305,16.103431654811025,15.874802204685144,16.00402738119292,6710700
2025-12-01,15.74557876586914,15.94438733504599,15.65611509933746,15.924506098932499,18811800
2025-12-02,15.228676795959473,15.884742367880941,15.208796509410957,15.81515994297698,25697300
2025-12-03,15.139214515686035,15.387724282112842,14.970228746666171,15.278380326161276,32248700
2025-12-04,15.238618850708008,15.338023136795842,15.039811226521866,15.089513369565784,16009900
2025-12-05,15.069631576538086,15.288320429060079,15.069631576538086,15.21873800016242,18867400
2025-12-08,14.850942611694336,15.089512698091,14.841002941919484,15.089512698091,20663200
2025-12-09,14.900644302368164,15.029869485432112,14.821121258634882,14.91058491983219,19074500
2025-12-10,14.990108489990234,15.069631536516217,14.741598732599163,14.90064482565113,24207800
2025-12-11,14.741599082946777,15.109393418867793,14.662076034530855,15.009990082342648,23973500
2025-12-12,15.069631576538086,15.228677670012447,14.860883341855615,14.900644865224205,23226500
2025-12-15,15.268439292907715,15.328082052344126,15.02987015114107,15.109393198396619,25631000
2025-12-16,15.178976058959961,15.298260625782166,15.119333301554123,15.228677250810446,27436700
2025-12-17,15.586531639099121,15.71575682133021,15.17897580559539,15.17897580559539,23197600
2025-12-18,15.725696563720703,15.765458085515606,15.556709859095001,15.606411998335993,23717900
2025-12-19,15.63623332977295,15.894683702493861,15.626293660044825,15.735637610970064,30608700
2025-12-22,15.884742736816406,15.904623971816118,15.427485707696576,15.556709943236855,16888700
2025-12-23,15.765458106994629,15.874803003071678,15.68593506329648,15.874803003071678,16614900
2025-12-24,15.725696563720703,15.815160224756598,15.6859350419258,15.805219607310509,8307400
2025-12-26,15.675995826721191,15.75551887261538,15.616353068305807,15.745578254881236,8385700
2025-12-29,15.894683837890625,15.97420688432993,15.675995934177282,15.715757457396935,9680500
2025-12-30,15.984148025512695,16.043789838300324,15.874804070075696,15.934446830852846,8731700
2025-12-31,16.024032592773438,16.10380368233345,15.974176375008227,16.004089344910234,8677900
